1 -1.17944e-19 -2.31015e-20 1.38778e-17 -1.05849e-18 1 3.3944e-19 0 2.94222e-20 8.31989e-20 1 -5.55112e-17
0.99999 -0.00233448 -0.0037481 0.00289964 0.00232924 0.999996 -0.00140026 -0.0115481 0.00375136 0.00139152 0.999992 0.619971
0.999977 -0.00136426 -0.00668868 -0.0158828 0.00134529 0.999995 -0.00284054 -0.0185217 0.00669252 0.00283148 0.999974 1.3007
0.999934 -0.00122289 -0.0113973 -0.0211122 0.00117407 0.99999 -0.00428863 -0.0304358 0.0114024 0.00427496 0.999926 2.07477
0.99987 0.000154533 -0.016147 -0.0445514 -0.000236966 0.999987 -0.0051034 -0.0402678 0.016146 0.00510656 0.999857 2.81017
0.999773 -0.000466368 -0.0213066 -0.054993 0.000354133 0.999986 -0.00527109 -0.0565029 0.0213088 0.00526235 0.999759 3.54869
0.999701 0.000506161 -0.0244406 -0.0963505 -0.000658177 0.99998 -0.00621218 -0.0687974 0.024437 0.00622641 0.999682 4.29103
0.999551 0.00338596 -0.0297606 -0.129945 -0.00358266 0.999972 -0.00655852 -0.0848684 0.0297375 0.0066622 0.999536 5.06776
0.999403 0.0048923 -0.0342144 -0.160363 -0.00507899 0.999973 -0.00537164 -0.09733 0.0341872 0.00554221 0.9994 5.85705
0.999232 0.00483383 -0.0388864 -0.195165 -0.00494618 0.999984 -0.00279366 -0.111011 0.0388722 0.00298385 0.99924 6.65814
0.999117 0.00408899 -0.0418059 -0.231184 -0.00410638 0.999992 -0.000330089 -0.125205 0.0418042 0.000501468 0.999126 7.46443
0.999007 0.00471468 -0.0442969 -0.277274 -0.00474376 0.999989 -0.000551457 -0.133223 0.0442938 0.000761043 0.999018 8.27036
0.998894 0.00441163 -0.046809 -0.320002 -0.00446377 0.99999 -0.00100928 -0.145401 0.046804 0.00121711 0.998903 9.08671
0.998876 0.00215328 -0.0473598 -0.363659 -0.00221509 0.999997 -0.00125259 -0.157899 0.0473569 0.00135609 0.998877 9.90551
0.99874 0.00212852 -0.0501395 -0.405045 -0.00215961 0.999998 -0.000565905 -0.168949 0.0501382 0.000673474 0.998742 10.7474
0.998694 0.000160964 -0.0510976 -0.45228 -0.000189585 1 -0.000555275 -0.189272 0.0510975 0.000564237 0.998694 11.6022
0.99862 0.00146277 -0.0524952 -0.508205 -0.00161293 0.999995 -0.00281821 -0.195912 0.0524908 0.00289899 0.998617 12.461
0.998552 0.00270745 -0.0537228 -0.559885 -0.00297735 0.999983 -0.00494458 -0.211424 0.0537085 0.00509737 0.998544 13.3268
0.998431 0.00616779 -0.0556532 -0.615828 -0.00654674 0.999957 -0.00662938 -0.225317 0.0556099 0.00698333 0.998428 14.1933
0.998405 0.00729572 -0.0559764 -0.676228 -0.00766054 0.999951 -0.00630566 -0.240597 0.0559277 0.00672441 0.998412 15.071
0.99833 0.00675765 -0.0573739 -0.727484 -0.00705719 0.999962 -0.00501983 -0.258114 0.0573378 0.00541634 0.99834 15.9586
0.998273 0.00720732 -0.0583077 -0.787876 -0.00742135 0.999966 -0.00345497 -0.27693 0.0582809 0.00388172 0.998293 16.8537
0.998214 0.00715884 -0.059313 -0.843988 -0.0073432 0.999969 -0.00289099 -0.300543 0.0592905 0.00332137 0.998235 17.7559
0.998085 0.00654406 -0.0615078 -0.89983 -0.00680062 0.999969 -0.00396279 -0.312128 0.0614799 0.0043735 0.998099 18.656
0.997983 0.00561631 -0.0632253 -0.955479 -0.00589897 0.999973 -0.00428494 -0.330881 0.0631995 0.00464926 0.99799 19.5558
0.997941 0.00572315 -0.0638874 -1.01544 -0.00588872 0.99998 -0.00240359 -0.348479 0.0638723 0.00277485 0.997954 20.4858
0.997986 0.00718177 -0.0630308 -1.08309 -0.00714739 0.999974 0.000770956 -0.363195 0.0630347 -0.000318897 0.998011 21.4085
0.998066 0.00754863 -0.0617071 -1.1492 -0.00731267 0.999965 0.00404891 -0.371821 0.0617355 -0.00358984 0.998086 22.3156
0.998173 0.00646885 -0.0600725 -1.20375 -0.00606033 0.999957 0.00698011 -0.378113 0.0601151 -0.00660329 0.99817 23.2541
0.998281 0.00598357 -0.0583024 -1.26186 -0.00551162 0.999951 0.00825221 -0.389066 0.0583489 -0.00791669 0.998265 24.1981
0.998329 0.00637335 -0.0574389 -1.31878 -0.00606226 0.999966 0.00558864 -0.399698 0.0574725 -0.00523109 0.998333 25.1375
0.998362 0.00772836 -0.0566965 -1.38046 -0.00769881 0.99997 0.000739646 -0.408517 0.0567005 -0.000301938 0.998391 26.0765
0.998456 0.00782562 -0.0549899 -1.44219 -0.00794766 0.999966 -0.00200099 -0.424674 0.0549724 0.00243495 0.998485 27.0236
0.998475 0.00631583 -0.0548486 -1.49276 -0.00637014 0.999979 -0.000815348 -0.440914 0.0548423 0.0011635 0.998494 27.9905
0.998452 0.00373496 -0.0554883 -1.54047 -0.00350923 0.999985 0.00416485 -0.453729 0.055503 -0.00396368 0.998451 28.9602
0.998474 -0.00110549 -0.0552052 -1.60364 0.00151258 0.999972 0.00733296 -0.460457 0.0551956 -0.00740527 0.998448 29.9279
0.998335 -0.00767186 -0.0571735 -1.64823 0.00810475 0.99994 0.00734343 -0.478064 0.0571137 -0.00779458 0.998337 30.9162
0.998235 -0.00897713 -0.0587034 -1.69733 0.00920589 0.999951 0.00362751 -0.485017 0.058668 -0.00416152 0.998269 31.8749
0.998149 -0.0077961 -0.0603171 -1.75845 0.00781631 0.999969 9.91996e-05 -0.502076 0.0603145 -0.000570473 0.998179 32.8464
0.998127 -0.00642343 -0.0608348 -1.82867 0.00638829 0.999979 -0.000772048 -0.516389 0.0608385 0.000381971 0.998148 33.82
0.997993 -0.00823088 -0.0627827 -1.88816 0.00826743 0.999966 0.00032246 -0.524955 0.0627779 -0.000840865 0.998027 34.8395
0.99801 -0.0056979 -0.0627979 -1.95487 0.0058877 0.999979 0.00283781 -0.537254 0.0627803 -0.0032019 0.998022 35.7963
0.997902 -0.00439016 -0.0645889 -2.03192 0.00468086 0.99998 0.00435015 -0.550365 0.0645685 -0.00464336 0.997902 36.8107
0.997846 -0.00310481 -0.0655318 -2.10384 0.0035648 0.99997 0.00690354 -0.561014 0.0655084 -0.00712228 0.997827 37.8054
0.99784 -0.00350723 -0.0655983 -2.174 0.00417995 0.99994 0.0101207 -0.570699 0.0655588 -0.010373 0.997795 38.8128
0.997831 0.0010069 -0.0658207 -2.25139 -0.000198796 0.999925 0.0122828 -0.573509 0.0658281 -0.012243 0.997756 39.8157
0.997793 0.00179735 -0.0663712 -2.32289 -0.000984695 0.999924 0.0122748 -0.584458 0.0663882 -0.0121824 0.997719 40.8032
0.9978 0.00192824 -0.0662667 -2.38995 -0.00121569 0.999941 0.0107914 -0.596428 0.0662836 -0.0106871 0.997744 41.7894
0.997856 0.00500912 -0.0652587 -2.46891 -0.00445365 0.999953 0.00865443 -0.604454 0.065299 -0.00834523 0.997831 42.7803
0.997766 0.00516316 -0.0666034 -2.53426 -0.00459157 0.999951 0.00873228 -0.613911 0.0666453 -0.00840696 0.997741 43.753
0.997734 0.00236695 -0.0672397 -2.60215 -0.0017089 0.99995 0.00984251 -0.620672 0.0672596 -0.00970531 0.997688 44.7286
0.997631 0.00196448 -0.0687618 -2.67002 -0.00124219 0.999944 0.0105454 -0.622512 0.0687786 -0.010435 0.997577 45.7168
0.997628 0.00388001 -0.0687209 -2.74732 -0.00333463 0.999962 0.00804915 -0.643612 0.0687496 -0.0078009 0.997603 46.687
0.997518 0.00540622 -0.0701976 -2.81982 -0.00515813 0.99998 0.003715 -0.647585 0.0702163 -0.00334369 0.997526 47.637
0.997569 0.00667527 -0.069366 -2.89988 -0.006521 0.999976 0.00245021 -0.664886 0.0693807 -0.00199192 0.997588 48.5892
0.997615 0.00607929 -0.0687591 -2.97322 -0.00569732 0.999967 0.00574985 -0.67606 0.0687918 -0.00534439 0.997617 49.5552
0.997572 0.00392472 -0.0695307 -3.03969 -0.00332419 0.999956 0.00875056 -0.692525 0.069562 -0.00849818 0.997541 50.5276
0.997471 0.00172004 -0.0710497 -3.09157 -0.00103332 0.999952 0.00970093 -0.698979 0.071063 -0.00960298 0.997426 51.4653
0.997517 -0.00109098 -0.0704232 -3.15889 0.00170887 0.999961 0.00871432 -0.712258 0.070411 -0.00881302 0.997479 52.4191
0.997507 -0.00380214 -0.0704627 -3.22866 0.00433264 0.999963 0.00737755 -0.725184 0.0704321 -0.00766445 0.997487 53.3839
0.997409 -0.00466415 -0.071786 -3.30104 0.00531457 0.999947 0.0088722 -0.73923 0.0717408 -0.00923072 0.997381 54.3284
0.997343 -0.00769043 -0.0724384 -3.37007 0.00861723 0.999885 0.0124905 -0.741309 0.072334 -0.0130815 0.997295 55.2842
0.997252 -0.0097567 -0.0734455 -3.43495 0.0110684 0.999786 0.0174736 -0.748636 0.0732593 -0.0182385 0.997146 56.224
0.997212 -0.00902187 -0.0740723 -3.5059 0.0104965 0.999754 0.0195432 -0.744842 0.0738777 -0.0202662 0.997061 57.1581
0.997081 -0.00805324 -0.0759253 -3.58076 0.0093078 0.999826 0.0161843 -0.750556 0.0757817 -0.0168437 0.996982 58.0946
0.997024 -0.00582819 -0.0768648 -3.65861 0.00654245 0.999938 0.00904377 -0.757964 0.0768073 -0.00951975 0.997001 59.0049
0.996918 -0.00362101 -0.0783632 -3.72737 0.00396143 0.999983 0.00418918 -0.775735 0.0783467 -0.0044867 0.996916 59.9106
0.996843 0.00136046 -0.0793872 -3.80962 -0.000997859 0.999989 0.00460701 -0.781347 0.0793926 -0.00451325 0.996833 60.8159
0.996782 0.00347635 -0.0800861 -3.88767 -0.00292384 0.999971 0.00701513 -0.797147 0.0801081 -0.0067584 0.996763 61.704
0.996764 0.00494004 -0.0802258 -3.97205 -0.0042737 0.999955 0.0084754 -0.806457 0.080264 -0.00810511 0.996741 62.5732
0.996657 0.00632812 -0.0814534 -4.04345 -0.00566369 0.999949 0.00838563 -0.819233 0.0815023 -0.00789627 0.996642 63.4284
0.996554 0.00866156 -0.0824887 -4.12204 -0.00793553 0.999927 0.00912538 -0.828156 0.0825617 -0.00843935 0.99655 64.2765
0.996524 0.00861481 -0.0828599 -4.2029 -0.00782334 0.999921 0.00987192 -0.843736 0.0829384 -0.00918936 0.996512 65.0956
0.99641 0.0082075 -0.0842619 -4.27557 -0.00737055 0.99992 0.010239 -0.853501 0.0843392 -0.00958114 0.996391 65.912
0.996313 0.00863852 -0.0853558 -4.34848 -0.00770749 0.999907 0.0112311 -0.865423 0.0854449 -0.0105318 0.996287 66.7168
0.996011 0.0108406 -0.0885648 -4.41793 -0.00966394 0.999859 0.0137035 -0.868071 0.0887009 -0.012793 0.995976 67.5315
0.995923 0.0121493 -0.0893833 -4.49696 -0.0106279 0.999791 0.0174771 -0.867273 0.089577 -0.0164559 0.995844 68.3157
0.995751 0.0137757 -0.0910527 -4.57213 -0.012052 0.999738 0.0194541 -0.869513 0.0912969 -0.0182741 0.995656 69.0776
0.995673 0.0168819 -0.0913851 -4.65143 -0.0154977 0.999755 0.015835 -0.881726 0.09163 -0.0143502 0.99569 69.8077
0.995478 0.0176434 -0.0933367 -4.72271 -0.0168864 0.999818 0.00889368 -0.889732 0.0934766 -0.00727734 0.995595 70.5396
0.99528 0.0172936 -0.095492 -4.78838 -0.0170718 0.999849 0.00313966 -0.903558 0.0955319 -0.00149462 0.995425 71.2449
0.995293 0.0191451 -0.0950069 -4.86801 -0.0190767 0.999817 0.00162811 -0.908965 0.0950206 0.000191971 0.995475 71.9292
0.995194 0.0212972 -0.0955824 -4.94387 -0.0209314 0.999769 0.00482799 -0.919183 0.0956632 -0.0028041 0.99541 72.6037
0.995163 0.0199578 -0.0961903 -5.01771 -0.0193543 0.999787 0.00720243 -0.932759 0.0963136 -0.00530589 0.995337 73.2639
0.995083 0.0175717 -0.0974717 -5.07516 -0.0172281 0.999842 0.00436633 -0.947178 0.097533 -0.00266561 0.995229 73.8853
0.995132 0.0109222 -0.0979453 -5.12394 -0.0110658 0.999938 -0.000923551 -0.959891 0.0979291 0.0020029 0.995191 74.504
0.99532 0.00672811 -0.0964004 -5.18069 -0.00731056 0.999957 -0.00569005 -0.975399 0.096358 0.00636816 0.995326 75.0865
0.995607 0.00835113 -0.0932565 -5.24371 -0.00896555 0.999941 -0.00617146 -0.986106 0.0931994 0.00698045 0.995623 75.6677
0.99593 0.0134071 -0.0891303 -5.30352 -0.0137571 0.9999 -0.00331443 -0.992286 0.0890769 0.00452712 0.996014 76.2311
0.996359 0.0123556 -0.084358 -5.34996 -0.0124047 0.999923 -5.75873e-05 -1.00658 0.0843507 0.00110381 0.996436 76.7869
0.99678 0.00887674 -0.0796866 -5.37741 -0.0085875 0.999955 0.00397177 -1.02116 0.0797182 -0.00327468 0.996812 77.3253
0.997527 0.00436995 -0.0701546 -5.41326 -0.0038493 0.999964 0.007555 -1.03443 0.0701851 -0.00726627 0.997508 77.8523
0.998142 0.0069642 -0.0605366 -5.43726 -0.00650754 0.999949 0.00773754 -1.04914 0.0605873 -0.00732922 0.998136 78.3677
0.998926 0.012232 -0.0446902 -5.47092 -0.0119277 0.999904 0.00706988 -1.05444 0.0447724 -0.00652923 0.998976 78.8673
0.999484 0.0171008 -0.0272033 -5.47754 -0.0169061 0.99983 0.00737189 -1.05595 0.0273248 -0.00690818 0.999603 79.3623
0.999862 0.0162746 -0.00341028 -5.47737 -0.0162494 0.999841 0.00728156 -1.05764 0.00352825 -0.00722513 0.999968 79.8247
0.999687 0.0119722 0.0219699 -5.43441 -0.0121503 0.999894 0.00799346 -1.06498 -0.0218719 -0.0082579 0.999727 80.2914
0.998665 0.010829 0.0505135 -5.3784 -0.0113447 0.999886 0.00993354 -1.07956 -0.0504002 -0.0104933 0.998674 80.733
0.996464 0.00990368 0.0834392 -5.31756 -0.0108654 0.99988 0.0110795 -1.08755 -0.0833194 -0.0119469 0.996451 81.1761
0.992532 0.00995943 0.121579 -5.24106 -0.0113974 0.999873 0.0111376 -1.092 -0.121453 -0.0124401 0.992519 81.6221
0.98664 0.0098088 0.162621 -5.1437 -0.0118003 0.999867 0.0112851 -1.09845 -0.162488 -0.0130533 0.986624 82.0365
0.978355 0.00904905 0.206738 -5.03117 -0.011574 0.999872 0.0110069 -1.10711 -0.206612 -0.0131614 0.978334 82.4348
0.966914 0.0109519 0.254866 -4.88618 -0.013671 0.999867 0.00889964 -1.11322 -0.254734 -0.0120894 0.966936 82.845
0.951235 0.0114444 0.308255 -4.73047 -0.0140444 0.999882 0.00621722 -1.12289 -0.308148 -0.0102433 0.951283 83.2178
0.931259 0.0112871 0.364183 -4.53768 -0.0138172 0.999895 0.00434253 -1.13516 -0.364096 -0.00907601 0.931317 83.5811
0.906331 0.0116451 0.422408 -4.33252 -0.0137914 0.999903 0.00202565 -1.13903 -0.422343 -0.00766152 0.906403 83.9195
0.877091 0.0118253 0.48018 -4.11149 -0.0132616 0.999912 -0.000401042 -1.13978 -0.480142 -0.00601622 0.87717 84.2408
0.844201 0.00999902 0.535934 -3.83475 -0.00998471 0.999946 -0.00292831 -1.14884 -0.535934 -0.00287906 0.844255 84.558
0.807336 0.00982546 0.59001 -3.56659 -0.00914754 0.99995 -0.00413523 -1.16438 -0.590021 -0.00205862 0.807385 84.83
0.766867 0.00782517 0.641759 -3.27537 -0.00729666 0.999967 -0.00347381 -1.1803 -0.641765 -0.00201874 0.766899 85.1001
0.722845 0.00769293 0.690967 -2.9874 -0.00860392 0.999961 -0.00213227 -1.18287 -0.690956 -0.00440373 0.722883 85.3462
0.680233 0.00640154 0.732968 -2.68465 -0.00757029 0.99997 -0.00170784 -1.18729 -0.732957 -0.00438705 0.680261 85.5461
0.632368 0.00492148 0.774653 -2.34016 -0.00382682 0.999987 -0.00322914 -1.19463 -0.774659 -0.000922454 0.632379 85.759
0.586756 0.00193942 0.809761 -2.01212 0.00141783 0.999993 -0.0034224 -1.2168 -0.809762 0.00315622 0.586749 85.921
0.53941 0.00351463 0.842036 -1.67473 -0.000186233 0.999992 -0.00405463 -1.23287 -0.842043 0.00203029 0.539407 86.0884
0.491956 0.00618789 0.870598 -1.3395 -0.00321027 0.999981 -0.00529344 -1.23472 -0.870614 -0.000190715 0.491967 86.2344
0.446414 0.00808114 0.89479 -1.0053 -0.00306726 0.999967 -0.00750077 -1.23989 -0.894821 0.000603892 0.446424 86.3563
0.404124 0.00686583 0.914679 -0.632986 0.00367767 0.999952 -0.00913078 -1.23878 -0.914697 0.00705385 0.404079 86.4704
0.363831 -0.00119345 0.931464 -0.278821 0.0185057 0.999811 -0.00594733 -1.25875 -0.931281 0.0194012 0.363784 86.5404
0.328832 -0.00466782 0.944377 0.087592 0.023557 0.999717 -0.00326118 -1.27386 -0.944095 0.023319 0.328849 86.6141
0.296162 -0.00110868 0.955137 0.455678 0.0206582 0.999773 -0.00524507 -1.28366 -0.954914 0.0212848 0.296118 86.7089
0.264939 0.00660601 0.964243 0.812026 0.0110691 0.99989 -0.0098916 -1.2885 -0.964202 0.0132939 0.264836 86.8004
0.235203 0.0112615 0.971881 1.1795 0.00545445 0.999902 -0.0129062 -1.30108 -0.971931 0.00833666 0.235119 86.8843
0.210889 0.0126469 0.977428 1.57794 0.00660461 0.999875 -0.0143624 -1.3178 -0.977488 0.00948439 0.210779 86.9449
0.186311 0.0139268 0.982392 1.97739 0.0142319 0.999756 -0.016872 -1.32621 -0.982388 0.0171247 0.186067 86.9974
0.166616 0.0198751 0.985822 2.3729 0.0208598 0.999502 -0.0236765 -1.34065 -0.985801 0.0245089 0.166118 87.0347
0.146238 0.027181 0.988876 2.79124 0.0222465 0.999279 -0.0307569 -1.34426 -0.988999 0.0264969 0.145528 87.0851
0.128886 0.0282075 0.991258 3.22926 0.0211631 0.999289 -0.0311877 -1.35303 -0.991433 0.0249978 0.128198 87.1334
0.113476 0.0238885 0.993254 3.68487 0.0192352 0.999471 -0.0262356 -1.37259 -0.993355 0.0220826 0.112956 87.1805
0.0989298 0.0208088 0.994877 4.15102 0.0201434 0.999535 -0.0229093 -1.39425 -0.99489 0.0223066 0.0984646 87.2153
0.0859515 0.0182685 0.996132 4.62332 0.0216491 0.999562 -0.0201994 -1.41123 -0.996064 0.0233015 0.0855183 87.2442
0.0747935 0.0171738 0.997051 5.11722 0.0260352 0.999477 -0.0191686 -1.42732 -0.996859 0.0273921 0.0743073 87.2635
0.0645042 0.0177998 0.997759 5.61768 0.0287734 0.999392 -0.0196891 -1.4448 -0.997502 0.029979 0.0639529 87.2879
0.056803 0.0185987 0.998212 6.14724 0.0307671 0.999319 -0.0203702 -1.46015 -0.997911 0.0318692 0.0561921 87.3074
0.0512799 0.0187969 0.998507 6.68412 0.0323074 0.999268 -0.0204704 -1.47663 -0.998162 0.0333089 0.0506351 87.3334
0.0467538 0.0195273 0.998716 7.23161 0.0330648 0.999231 -0.0210853 -1.49586 -0.998359 0.0340082 0.0460722 87.3539
0.0396643 0.0203701 0.999005 7.81667 0.0336455 0.999198 -0.0217099 -1.51123 -0.998646 0.0344732 0.0389471 87.3806
0.0362689 0.0203818 0.999134 8.42572 0.036796 0.999087 -0.0217165 -1.53114 -0.998664 0.0375517 0.0354858 87.3884
0.0330123 0.0202522 0.99925 9.0332 0.0379845 0.999047 -0.021503 -1.55142 -0.998733 0.0386659 0.0322116 87.4041
0.0292168 0.0196486 0.99938 9.65562 0.038339 0.999049 -0.020763 -1.57237 -0.998838 0.0389218 0.0284357 87.4269
0.026584 0.0193024 0.99946 10.3209 0.0399912 0.998993 -0.0203571 -1.58822 -0.998846 0.0405108 0.0257853 87.4439
0.0256024 0.0190287 0.999491 10.9846 0.0436116 0.998846 -0.0201335 -1.60993 -0.99872 0.0441049 0.024743 87.4541
0.0262008 0.0188211 0.99948 11.6606 0.0465144 0.998717 -0.0200261 -1.63101 -0.998574 0.0470149 0.0252918 87.4712
0.0291317 0.0184813 0.999405 12.3659 0.0482351 0.998638 -0.0198731 -1.65344 -0.998411 0.0487853 0.0282006 87.4855
0.0326223 0.0181953 0.999302 13.0762 0.0501555 0.998545 -0.0198188 -1.67834 -0.998208 0.050767 0.0316623 87.5123
0.037004 0.0177417 0.999158 13.8088 0.0507576 0.998518 -0.0196101 -1.70056 -0.998025 0.0514405 0.0360487 87.5398
0.0411858 0.0163222 0.999018 14.5729 0.0518205 0.998486 -0.0184499 -1.7198 -0.997807 0.0525295 0.0402777 87.5668
0.0453066 0.0147077 0.998865 15.3393 0.0520904 0.998497 -0.017065 -1.74471 -0.997614 0.0528044 0.0444723 87.5998
0.0494656 0.0128201 0.998694 16.1286 0.0497872 0.998643 -0.0152855 -1.76686 -0.997534 0.0504782 0.0487602 87.648
0.0541313 0.0115543 0.998467 16.916 0.0488704 0.998704 -0.0142065 -1.78466 -0.997337 0.0495645 0.0534965 87.6917
0.0575507 0.0122462 0.998268 17.6998 0.0466553 0.998799 -0.0149425 -1.80885 -0.997252 0.0474344 0.0569103 87.7454
0.0603759 0.0152468 0.998059 18.5066 0.0452327 0.998814 -0.0179946 -1.84298 -0.99715 0.0462314 0.0596147 87.8092
0.0625701 0.0209006 0.997822 19.3091 0.0398166 0.998932 -0.0234207 -1.86573 -0.997246 0.0411953 0.0616711 87.8615
0.0627253 0.0240764 0.99774 20.1251 0.0359807 0.999005 -0.026369 -1.89691 -0.997382 0.0375534 0.0617966 87.9154
0.0628031 0.0238593 0.997741 20.9355 0.0338154 0.999089 -0.0260201 -1.92795 -0.997453 0.0353732 0.0619391 87.9732
0.0624749 0.0223279 0.997797 21.7618 0.0319213 0.999194 -0.0243578 -1.96327 -0.997536 0.0333727 0.0617117 88.0353
0.0623708 0.0210462 0.997831 22.5727 0.032521 0.999204 -0.0231079 -1.995 -0.997523 0.0338917 0.0616367 88.091
0.0622684 0.0204778 0.997849 23.3962 0.0304262 0.999286 -0.022406 -2.0287 -0.997595 0.0317559 0.0616009 88.1502
0.0627074 0.0205839 0.99782 24.1938 0.0287327 0.999336 -0.0224209 -2.06229 -0.997618 0.030076 0.0620743 88.1956
0.0630583 0.021126 0.997786 25.0064 0.0269319 0.999376 -0.0228617 -2.09303 -0.997646 0.0283139 0.06245 88.2485
0.0614034 0.0221065 0.997868 25.8045 0.0235508 0.999444 -0.0235906 -2.13133 -0.997835 0.0249492 0.0608486 88.3162
0.0595783 0.0219158 0.997983 26.615 0.0212299 0.999505 -0.0232166 -2.16328 -0.997998 0.0225703 0.0590835 88.3616
0.0548252 0.0206467 0.998283 27.4197 0.0184608 0.999594 -0.0216877 -2.19869 -0.998325 0.0196181 0.0544219 88.4192
0.0502396 0.0182896 0.99857 28.2154 0.0165748 0.999679 -0.0191438 -2.22502 -0.9986 0.0175129 0.0499203 88.4636
0.0431597 0.0166081 0.99893 29.0107 0.0149819 0.999739 -0.0172689 -2.25529 -0.998956 0.0157112 0.0428996 88.5094
0.0360487 0.0165246 0.999213 29.8274 0.0132655 0.999767 -0.0170123 -2.29206 -0.999262 0.0138683 0.0358211 88.538
0.0277617 0.0174264 0.999463 30.6393 0.0140482 0.999742 -0.0178215 -2.31973 -0.999516 0.0145354 0.0275097 88.5607
0.0180834 0.0176396 0.999681 31.4434 0.0141843 0.999739 -0.0178972 -2.34947 -0.999736 0.0145034 0.0178285 88.577
0.00745883 0.0167498 0.999832 32.2289 0.0141232 0.999758 -0.0168539 -2.3786 -0.999872 0.0142465 0.00722046 88.5819
-0.00310715 0.015864 0.999869 33.0229 0.0140134 0.999777 -0.0158189 -2.40579 -0.999897 0.0139624 -0.00332876 88.5809
-0.014597 0.0149202 0.999782 33.8002 0.0147413 0.999783 -0.014705 -2.4362 -0.999785 0.0145235 -0.0148137 88.5682
-0.0261799 0.0153695 0.999539 34.5823 0.0146356 0.999781 -0.0149899 -2.46385 -0.99955 0.0142364 -0.0263991 88.5459
-0.0368532 0.0158647 0.999195 35.3547 0.0149086 0.999771 -0.015324 -2.49424 -0.999209 0.0143318 -0.0370812 88.5108
-0.0478401 0.0169227 0.998712 36.1265 0.0149487 0.999757 -0.0162243 -2.52243 -0.998743 0.0141533 -0.0480814 88.478
-0.0582729 0.0177421 0.998143 36.8874 0.0158542 0.999732 -0.0168447 -2.54856 -0.998175 0.0148431 -0.0585386 88.4338
-0.0674048 0.0185041 0.997554 37.6491 0.0164564 0.999713 -0.0174322 -2.57621 -0.99759 0.0152411 -0.0676899 88.3758
-0.0781852 0.0187391 0.996763 38.388 0.0171295 0.999701 -0.0174507 -2.60886 -0.996792 0.0157097 -0.0784828 88.324
-0.0864868 0.0192768 0.996067 39.1201 0.0183778 0.999674 -0.0177509 -2.63409 -0.996083 0.0167703 -0.0868128 88.2511
-0.0951309 0.0187466 0.995288 39.8487 0.0198236 0.99966 -0.0169342 -2.66375 -0.995267 0.0181192 -0.0954701 88.1789
-0.103545 0.0177613 0.994466 40.5748 0.0208802 0.999659 -0.01568 -2.69243 -0.994406 0.0191411 -0.103881 88.1081
-0.108986 0.0163352 0.993909 41.2889 0.0234936 0.999628 -0.013853 -2.71885 -0.993766 0.0218407 -0.109329 88.0274
-0.111877 0.0145626 0.993615 41.9845 0.0260532 0.999592 -0.0117167 -2.74715 -0.99338 0.024576 -0.11221 87.9386
-0.115233 0.0136096 0.993245 42.6793 0.0275813 0.999564 -0.0104963 -2.76701 -0.992955 0.0261855 -0.115558 87.8634
-0.117057 0.0125836 0.993046 43.3696 0.0286597 0.999546 -0.00928766 -2.7932 -0.992712 0.0273732 -0.117364 87.7825
-0.118991 0.0133164 0.992806 44.0303 0.02937 0.99952 -0.00988637 -2.80998 -0.992461 0.0279823 -0.119325 87.7128
-0.117447 0.0142128 0.992977 44.6711 0.0303063 0.999483 -0.0107214 -2.83376 -0.992616 0.0288343 -0.117817 87.6325
-0.115095 0.0156734 0.993231 45.31 0.031181 0.99944 -0.0121581 -2.85474 -0.992865 0.0295706 -0.115519 87.5642
-0.10936 0.0162246 0.99387 45.9234 0.0314447 0.999423 -0.0128552 -2.8754 -0.993505 0.0298461 -0.109807 87.4946
-0.101627 0.0169278 0.994679 46.5168 0.0306777 0.999433 -0.0138744 -2.89734 -0.994349 0.0291044 -0.102089 87.4388
-0.090428 0.0169031 0.99576 47.0872 0.0290825 0.999474 -0.0143251 -2.91807 -0.995478 0.0276637 -0.0908721 87.3945
-0.0768474 0.0171706 0.996895 47.6425 0.028835 0.999472 -0.0149922 -2.94068 -0.996626 0.0275934 -0.0773019 87.3662
-0.0596269 0.0182723 0.998054 48.1745 0.0278676 0.999473 -0.0166334 -2.96645 -0.997832 0.0268216 -0.0601047 87.3444
-0.038538 0.0208138 0.99904 48.7147 0.0266034 0.99945 -0.0197961 -2.98652 -0.998903 0.0258149 -0.0390706 87.3455
-0.0136012 0.0237006 0.999627 49.2343 0.0241375 0.999436 -0.0233677 -3.0079 -0.999616 0.0238107 -0.0141656 87.3566
0.0151696 0.025226 0.999567 49.7457 0.0217227 0.999437 -0.0255524 -3.0323 -0.999649 0.0221009 0.0146131 87.382
0.0482228 0.0249089 0.998526 50.2702 0.0200909 0.999463 -0.0259026 -3.05077 -0.998634 0.0213103 0.0476965 87.4375
0.0858345 0.0225188 0.996055 50.7809 0.0180751 0.999545 -0.0241553 -3.07476 -0.996145 0.0200771 0.0853884 87.5123
0.128066 0.018704 0.991589 51.2838 0.015872 0.999655 -0.020906 -3.09476 -0.991639 0.0184159 0.127725 87.6091
0.173479 0.0146417 0.984729 51.78 0.0145684 0.999742 -0.0174315 -3.11282 -0.98473 0.0173699 0.173221 87.7314
0.22198 0.010996 0.974989 52.26 0.0100782 0.999857 -0.013571 -3.13895 -0.974999 0.0128386 0.221837 87.8755
0.273152 0.00970646 0.961922 52.7223 0.00655715 0.999907 -0.0119518 -3.15691 -0.961948 0.00957211 0.273063 88.0521
0.327603 0.00939359 0.944769 53.1745 0.00546786 0.999915 -0.0118379 -3.16497 -0.9448 0.00904399 0.327524 88.26
0.3856 0.00960375 0.922616 53.5976 0.00703952 0.999886 -0.0133502 -3.18856 -0.922639 0.0116426 0.385489 88.4816
0.445931 0.0125078 0.89498 53.9803 0.00777245 0.999811 -0.0178456 -3.20904 -0.895033 0.0149141 0.445749 88.7139
0.506736 0.0160189 0.861953 54.3622 0.00852415 0.999685 -0.0235899 -3.22644 -0.862059 0.0193012 0.50644 88.9874
0.565039 0.020081 0.82482 54.706 0.00466303 0.99961 -0.0275308 -3.24191 -0.825051 0.0194021 0.564725 89.2822
0.62124 0.022873 0.783287 55.0302 0.000689932 0.999558 -0.0297356 -3.25475 -0.78362 0.0190133 0.620949 89.6116
0.674413 0.0240984 0.737961 55.3293 -0.00120754 0.999502 -0.0315356 -3.26895 -0.738353 0.0203769 0.674106 89.9578
0.722797 0.0227026 0.690688 55.5976 -0.00200181 0.999525 -0.030759 -3.28762 -0.691058 0.0208499 0.722499 90.3013
0.767262 0.0189264 0.641054 55.8535 -0.00361921 0.999676 -0.0251826 -3.31595 -0.641323 0.0170015 0.767082 90.7001
0.809248 0.014247 0.587295 56.0813 -0.0043582 0.999824 -0.0182491 -3.32857 -0.587451 0.0122085 0.809167 91.1022
0.846572 0.0121402 0.532136 56.284 -0.00679198 0.999905 -0.0120066 -3.33701 -0.532231 0.00655017 0.846574 91.5048
0.876964 0.00919016 0.480468 56.4516 -0.00777804 0.999958 -0.00493001 -3.34941 -0.480493 0.000586342 0.876999 91.9321
0.902744 0.00896867 0.430084 56.6079 -0.0105769 0.999943 0.0013487 -3.36573 -0.430048 -0.00576648 0.902788 92.3728
0.923129 0.0108751 0.384336 56.7365 -0.0139024 0.99989 0.00509917 -3.37946 -0.384238 -0.0100504 0.923179 92.7929
0.938612 0.0162745 0.34459 56.8551 -0.020033 0.999772 0.00734918 -3.38168 -0.344392 -0.0138012 0.938725 93.244
0.950645 0.0210102 0.30957 56.9682 -0.0242869 0.999682 0.00673402 -3.38263 -0.30933 -0.0139202 0.950853 93.7077
0.960057 0.0230683 0.278853 57.0703 -0.0258661 0.999645 0.00635775 -3.3744 -0.278608 -0.0133167 0.960313 94.1598
0.966371 0.0188065 0.256464 57.1893 -0.0213216 0.999748 0.00702939 -3.38342 -0.256267 -0.0122612 0.966528 94.6397
0.970437 0.0160237 0.240823 57.3065 -0.0182707 0.999808 0.00710043 -3.39107 -0.240663 -0.0112905 0.970543 95.1199
0.973059 0.0185579 0.229808 57.391 -0.0207473 0.999759 0.00711416 -3.40233 -0.22962 -0.0116904 0.97321 95.5992
0.975563 0.0236052 0.218448 57.4912 -0.0257767 0.999643 0.00709538 -3.39563 -0.218203 -0.0125529 0.975823 96.0871
0.976403 0.0306898 0.213765 57.5756 -0.032746 0.999445 0.00608429 -3.39619 -0.213459 -0.0129407 0.976866 96.6037
0.976977 0.036585 0.210185 57.6777 -0.0379982 0.999274 0.00268778 -3.39724 -0.209935 -0.0106126 0.977658 97.117
0.976619 0.0385803 0.211487 57.7752 -0.0395161 0.999219 0.000198849 -3.41076 -0.211314 -0.00855134 0.977381 97.6594
0.97641 0.0367971 0.212766 57.8983 -0.0369772 0.999311 -0.0031342 -3.41674 -0.212735 -0.00480723 0.977098 98.1988
0.975577 0.0360053 0.216687 58.029 -0.0348072 0.99935 -0.00934419 -3.42697 -0.216883 0.00157369 0.976196 98.7404
0.974538 0.0372074 0.221113 58.1558 -0.0349847 0.99929 -0.0139617 -3.44157 -0.221476 0.00587059 0.975148 99.3038
0.973223 0.0412322 0.226133 58.2733 -0.0391738 0.99914 -0.0135841 -3.4558 -0.226499 0.00436185 0.974002 99.8606
0.971954 0.0431503 0.231177 58.4061 -0.0419434 0.999069 -0.0101354 -3.46659 -0.231399 0.000154769 0.972859 100.446
0.970692 0.0404919 0.236893 58.5448 -0.0403063 0.999172 -0.00562856 -3.47959 -0.236924 -0.00408468 0.97152 101.04
0.970058 0.0371548 0.240016 58.7021 -0.0382435 0.999268 -0.000121487 -3.48648 -0.239845 -0.0090612 0.970769 101.649
0.969396 0.0340491 0.243131 58.8627 -0.036259 0.999332 0.0046188 -3.4941 -0.242811 -0.0132931 0.969982 102.263
0.968826 0.0302656 0.245886 59.0224 -0.0326334 0.999452 0.00555979 -3.50217 -0.245583 -0.0134106 0.969283 102.894
0.9686 0.0268741 0.247166 59.1816 -0.0284424 0.999592 0.00277619 -3.50899 -0.24699 -0.00971902 0.968969 103.535
0.968876 0.0255752 0.246223 59.3505 -0.0254 0.99967 -0.00388772 -3.52341 -0.246241 -0.00248736 0.969205 104.174
0.969241 0.0286927 0.244436 59.5159 -0.0269158 0.999581 -0.0106073 -3.53399 -0.244638 0.00370189 0.969607 104.829
0.969615 0.0324865 0.242469 59.6681 -0.0298874 0.99945 -0.0143908 -3.54315 -0.242803 0.00670681 0.970052 105.485
0.970354 0.0305362 0.239752 59.8328 -0.0287564 0.999527 -0.010919 -3.55523 -0.239972 0.00370086 0.970773 106.175
0.970735 0.0260481 0.238738 60.0028 -0.0260164 0.999656 -0.00328416 -3.57069 -0.238742 -0.00302307 0.971078 106.876
0.971278 0.0245831 0.236675 60.1699 -0.0259529 0.99966 0.00267331 -3.58093 -0.236529 -0.00873893 0.971585 107.575
0.971811 0.0274316 0.234159 60.3389 -0.028774 0.999583 0.00231795 -3.59258 -0.233998 -0.00899031 0.972196 108.295
0.971949 0.0328997 0.232878 60.4909 -0.0333976 0.999441 -0.0018061 -3.60522 -0.232807 -0.00602212 0.972504 109.02
0.97298 0.0368435 0.227929 60.6643 -0.036147 0.99932 -0.00723059 -3.60867 -0.22804 -0.00120373 0.973651 109.759
0.973861 0.0356074 0.224336 60.8316 -0.0342163 0.999364 -0.010087 -3.62187 -0.224552 0.00214738 0.97446 110.507
0.974725 0.0331165 0.220938 61.0004 -0.0319654 0.99945 -0.00878425 -3.6376 -0.221107 0.00149986 0.975248 111.261
0.975927 0.0295807 0.216082 61.1834 -0.0287545 0.999562 -0.00696723 -3.65801 -0.216194 0.000586176 0.97635 112.033
0.976259 0.0277134 0.214828 61.3533 -0.0274512 0.999614 -0.00420448 -3.67503 -0.214862 -0.00179264 0.976643 112.837
0.976612 0.0242602 0.213637 61.5278 -0.0244089 0.9997 -0.00194196 -3.68703 -0.21362 -0.00331809 0.976911 113.609
0.976652 0.0196954 0.213921 61.6984 -0.0200235 0.999799 -0.000633249 -3.7009 -0.213891 -0.00366499 0.976851 114.427
0.976857 0.019139 0.213038 61.8735 -0.0197656 0.999804 0.000811626 -3.71274 -0.21298 -0.00500366 0.977044 115.22
0.976467 0.0240929 0.214318 62.0374 -0.0244914 0.9997 -0.000796139 -3.72223 -0.214273 -0.00447156 0.976764 116.045
0.976403 0.0299834 0.213863 62.2124 -0.0298547 0.999547 -0.00383236 -3.73449 -0.213881 -0.00264287 0.976856 116.859
0.97586 0.0389687 0.214891 62.3762 -0.0386895 0.999236 -0.00550708 -3.74769 -0.214941 -0.00293987 0.976623 117.678
0.975066 0.0457176 0.217156 62.5487 -0.0457272 0.998942 -0.0049833 -3.76298 -0.217154 -0.00507088 0.976124 118.512
0.974203 0.0478463 0.220544 62.724 -0.0482309 0.99883 -0.00364359 -3.77544 -0.22046 -0.00708744 0.97537 119.341
0.973429 0.0490071 0.223682 62.8979 -0.0493595 0.998773 -0.00401871 -3.79383 -0.223604 -0.0071289 0.974654 120.153
0.973041 0.0481968 0.225541 63.0861 -0.0479784 0.998828 -0.00645242 -3.8089 -0.225587 -0.00454263 0.974212 120.992
0.97313 0.0419443 0.226402 63.29 -0.0417986 0.999111 -0.00543948 -3.83629 -0.226429 -0.00416997 0.974019 121.831
0.97329 0.0358925 0.226754 63.4943 -0.0353451 0.999354 -0.00647535 -3.85733 -0.22684 -0.00171225 0.973931 122.659
0.973175 0.0336697 0.22759 63.691 -0.0330475 0.999432 -0.00654508 -3.88404 -0.227681 -0.00115177 0.973735 123.502
0.972702 0.0362453 0.229211 63.8787 -0.0363236 0.999333 -0.0038788 -3.89932 -0.229198 -0.00455284 0.973369 124.325
0.972271 0.0379952 0.230751 64.0614 -0.0394029 0.999222 0.00149361 -3.90871 -0.230515 -0.0105445 0.973012 125.144
0.971908 0.0409771 0.231767 64.2516 -0.0433085 0.999049 0.00497823 -3.91534 -0.231343 -0.0148759 0.972759 125.971
0.971756 0.0403197 0.23252 64.4445 -0.0413877 0.999143 -0.000285625 -3.9296 -0.232332 -0.00934588 0.972592 126.789
0.971958 0.0372093 0.232193 64.6385 -0.0347954 0.999289 -0.0144845 -3.96073 -0.232567 0.00599904 0.972562 127.587
0.972284 0.034629 0.231225 64.8345 -0.0302576 0.999291 -0.0224259 -3.9995 -0.231838 0.014808 0.972642 128.387
0.972563 0.0317803 0.230458 65.0308 -0.0292181 0.999468 -0.014523 -4.01224 -0.230796 0.00739101 0.972974 129.214
0.972802 0.0251579 0.230267 65.2249 -0.0271305 0.999617 0.0054039 -4.02409 -0.230043 -0.0115042 0.973112 130.052
0.97355 0.018616 0.227713 65.4278 -0.0237625 0.99952 0.0198801 -4.0222 -0.227233 -0.0247653 0.973525 130.876
0.973414 0.0234335 0.22785 65.6007 -0.0277188 0.999494 0.0156256 -4.03288 -0.227369 -0.0215259 0.973571 131.683
0.973409 0.0332736 0.226646 65.7623 -0.034332 0.99941 0.000728586 -4.05452 -0.226488 -0.00849041 0.973977 132.467
0.973577 0.0358445 0.225528 65.9404 -0.0350182 0.999357 -0.00766454 -4.06399 -0.225658 -0.000435583 0.974206 133.268
0.974174 0.031337 0.223614 66.1294 -0.0302432 0.999508 -0.00831517 -4.08724 -0.223765 0.00133761 0.974642 134.068
0.97491 0.0290424 0.220697 66.3095 -0.028211 0.999578 -0.00691873 -4.11312 -0.220805 0.000519049 0.975318 134.866
0.975535 0.0291764 0.217901 66.4741 -0.0282175 0.999574 -0.00751161 -4.13198 -0.218028 0.0011792 0.975942 135.663
0.976801 0.0307667 0.211926 66.6494 -0.0295363 0.999523 -0.00896956 -4.15011 -0.212101 0.00250197 0.977245 136.45
0.977347 0.0344636 0.208817 66.8098 -0.0332894 0.999404 -0.00913614 -4.17564 -0.209007 0.00197779 0.977912 137.247
0.977678 0.0396404 0.206338 66.9631 -0.0385458 0.999213 -0.00932368 -4.19473 -0.206545 0.0011621 0.978436 138.032
0.977911 0.0412266 0.204918 67.1171 -0.0406345 0.999149 -0.00709826 -4.21377 -0.205036 -0.00138527 0.978753 138.824
0.978219 0.0394271 0.203797 67.2805 -0.0396315 0.99921 -0.00307967 -4.22974 -0.203757 -0.00506418 0.979008 139.599
0.978443 0.039093 0.202783 67.4374 -0.0393615 0.999221 -0.00271051 -4.24594 -0.202731 -0.00532976 0.97922 140.381
0.979039 0.0368873 0.200304 67.5891 -0.0367185 0.999315 -0.00455865 -4.26478 -0.200335 -0.00289179 0.979723 141.157
0.980236 0.0328089 0.195091 67.7464 -0.0318018 0.99946 -0.00829325 -4.28723 -0.195258 0.0019251 0.98075 141.923
0.981455 0.0306079 0.189233 67.8915 -0.0293566 0.999525 -0.00941257 -4.30652 -0.189431 0.00368276 0.981887 142.708
0.982542 0.0290806 0.183752 68.0278 -0.0286837 0.999577 -0.00481815 -4.32072 -0.183814 -0.000536659 0.982961 143.496
0.983458 0.0263379 0.179209 68.1561 -0.0272702 0.999624 0.00274039 -4.32818 -0.17907 -0.00758213 0.983807 144.286
0.984301 0.0242311 0.174826 68.306 -0.0268634 0.999558 0.0127056 -4.34259 -0.17444 -0.0172026 0.984517 145.092
0.984895 0.0281382 0.17085 68.4283 -0.0312654 0.999389 0.0156406 -4.34559 -0.170305 -0.020746 0.985173 145.872
0.985639 0.0314787 0.165905 68.5525 -0.0338735 0.999359 0.0116245 -4.35425 -0.165433 -0.0170773 0.986073 146.673
0.986728 0.0327883 0.159035 68.6681 -0.0335332 0.999436 0.00200134 -4.3666 -0.15888 -0.00730774 0.987271 147.461
0.987843 0.030892 0.152353 68.7852 -0.0307187 0.999522 -0.00349211 -4.37519 -0.152388 -0.00123042 0.98832 148.23
0.988943 0.030074 0.145214 68.902 -0.0299904 0.999546 -0.00276532 -4.38975 -0.145232 -0.0016203 0.989396 149.029
0.989868 0.0346653 0.137696 69.001 -0.0350878 0.999384 0.000641906 -4.40064 -0.137588 -0.00546684 0.990474 149.841
0.990641 0.040756 0.130265 69.0855 -0.0410145 0.999158 -0.000699016 -4.41493 -0.130184 -0.00465028 0.991479 150.651
0.991808 0.0442297 0.119835 69.1685 -0.043842 0.999021 -0.00587099 -4.4287 -0.119977 0.000569105 0.992776 151.454
0.992876 0.0421879 0.111434 69.2508 -0.0415479 0.999104 -0.00805989 -4.44895 -0.111674 0.00337261 0.993739 152.251
0.993664 0.0425304 0.104034 69.3218 -0.042171 0.999094 -0.0056533 -4.46605 -0.10418 0.00123027 0.994558 153.064
0.994329 0.0447965 0.096448 69.39 -0.0451547 0.998979 0.00153299 -4.47714 -0.0962809 -0.00587938 0.995337 153.881
0.995097 0.0475721 0.0867149 69.4593 -0.0483746 0.998803 0.00717599 -4.48812 -0.0862698 -0.0113356 0.996207 154.7
0.995698 0.0474405 0.0795963 69.5101 -0.0484057 0.998775 0.010239 -4.49084 -0.0790131 -0.0140478 0.996775 155.524
0.996162 0.0474533 0.0735477 69.5616 -0.0485101 0.998743 0.0126484 -4.49862 -0.072855 -0.0161677 0.997211 156.337
0.9965 0.0469753 0.0691404 69.6122 -0.0478816 0.998787 0.0115088 -4.50999 -0.0685158 -0.014779 0.997541 157.148
0.996592 0.0514545 0.0644666 69.649 -0.0519718 0.998628 0.00637277 -4.51968 -0.0640502 -0.0097015 0.9979 157.959
0.996505 0.0574314 0.0606575 69.6805 -0.0575277 0.998344 -0.0001591 -4.52832 -0.0605662 -0.00333094 0.998159 158.772
0.996612 0.0591913 0.0570958 69.7211 -0.0591384 0.998246 -0.00261619 -4.53438 -0.0571505 -0.000769227 0.998365 159.584
0.99665 0.0608066 0.0546931 69.7526 -0.0610534 0.99813 0.00285156 -4.54854 -0.0544175 -0.00618121 0.998499 160.41
0.996707 0.0622529 0.0519528 69.7861 -0.0629764 0.997938 0.0124055 -4.54819 -0.0510734 -0.0156364 0.998572 161.224
0.996769 0.0637032 0.0489213 69.8188 -0.0647575 0.997695 0.0202757 -4.54991 -0.0475169 -0.0233782 0.998597 162.054
0.997187 0.0600625 0.0448401 69.8473 -0.0609106 0.997985 0.0177923 -4.54931 -0.0436811 -0.0204734 0.998836 162.845
0.997894 0.0515939 0.0393086 69.8823 -0.0520005 0.998603 0.00939121 -4.56953 -0.0387692 -0.0114155 0.999183 163.643
0.998289 0.0489724 0.0319394 69.9104 -0.049118 0.998786 0.0037895 -4.57645 -0.031715 -0.00535182 0.999483 164.443
0.998337 0.0517613 0.0253871 69.9172 -0.0518897 0.998643 0.00442531 -4.57289 -0.0251236 -0.00573528 0.999668 165.27
0.998629 0.0492994 0.017582 69.9242 -0.0494881 0.99872 0.0104634 -4.58021 -0.0170436 -0.0113192 0.999791 166.09
0.998992 0.0434193 0.0113752 69.9284 -0.0435833 0.998943 0.0145921 -4.59082 -0.0107296 -0.0150732 0.999829 166.908
0.99932 0.0365715 0.00459706 69.9477 -0.0366507 0.999156 0.0185372 -4.58195 -0.00391525 -0.0186931 0.999818 167.742
0.999512 0.0311685 -0.00216208 69.9514 -0.0311221 0.999337 0.0189029 -4.58603 0.00274982 -0.0188264 0.999819 168.576
0.999589 0.0274301 -0.00836146 69.9413 -0.0273209 0.999543 0.0129073 -4.59855 0.00871169 -0.0126736 0.999882 169.395
0.999667 0.0200001 -0.0163061 69.9387 -0.0199516 0.999796 0.00312825 -4.6047 0.0163654 -0.00280188 0.999862 170.207
0.999665 0.0135079 -0.0220646 69.9245 -0.0135233 0.999908 -0.000549111 -4.61414 0.0220552 0.000847315 0.999756 171.037
0.999475 0.0152629 -0.0285954 69.8985 -0.0150892 0.999866 0.00627832 -4.61673 0.0286874 -0.00584354 0.999571 171.885
0.999198 0.0228646 -0.0328629 69.8468 -0.0222602 0.999578 0.0186413 -4.61072 0.0332753 -0.0178948 0.999286 172.74
0.998923 0.0264622 -0.0381143 69.8066 -0.0254627 0.999325 0.0264731 -4.60995 0.0387891 -0.0254741 0.998923 173.577
0.99884 0.0261049 -0.0404613 69.7547 -0.0251175 0.999379 0.0247231 -4.6148 0.0410816 -0.0236782 0.998875 174.395
0.99871 0.0276347 -0.0426078 69.7096 -0.027039 0.999529 0.0144947 -4.62305 0.0429883 -0.0133239 0.998987 175.232
0.998307 0.0373746 -0.0445757 69.6434 -0.0371987 0.999297 0.00476793 -4.61721 0.0447226 -0.00310169 0.998995 176.068
0.9981 0.0387229 -0.0479171 69.5965 -0.0387154 0.99925 0.00108506 -4.62675 0.0479232 0.000772133 0.998851 176.906
0.998185 0.0332953 -0.0501831 69.5558 -0.0330466 0.999437 0.00577903 -4.64045 0.0503472 -0.00411017 0.998723 177.754
0.998307 0.0301666 -0.0497297 69.5172 -0.0295091 0.999468 0.0139014 -4.634 0.0501226 -0.0124104 0.998666 178.611
0.99834 0.0309754 -0.0485637 69.4638 -0.0300578 0.999358 0.0195114 -4.63446 0.0491368 -0.0180193 0.998629 179.47
0.998222 0.0316641 -0.0505025 69.4158 -0.0307273 0.999343 0.0192194 -4.63943 0.0510779 -0.0176334 0.998539 180.308
0.998182 0.0282796 -0.0532342 69.371 -0.0277685 0.999561 0.0103171 -4.64364 0.0535026 -0.00882014 0.998529 181.147
0.998124 0.0210494 -0.0574948 69.3462 -0.0210954 0.999777 -0.000192716 -4.65884 0.0574779 0.00140523 0.998346 181.968
0.998128 0.0119364 -0.0599823 69.3069 -0.0122262 0.999915 -0.00446798 -4.67304 0.0599239 0.00519297 0.998189 182.812
0.998097 0.0127829 -0.0603304 69.2453 -0.0128313 0.999918 -0.00041449 -4.68228 0.0603202 0.00118782 0.998178 183.675
0.997994 0.0166545 -0.0610846 69.1846 -0.0161233 0.999828 0.00917768 -4.68308 0.061227 -0.00817438 0.99809 184.515
0.997936 0.0172455 -0.0618502 69.1256 -0.0164114 0.999768 0.013968 -4.69938 0.0620767 -0.0129241 0.997988 185.329
0.997905 0.0177105 -0.062221 69.0684 -0.0170443 0.999792 0.0112212 -4.71063 0.0624067 -0.0101372 0.997999 186.155
0.997907 0.0195033 -0.0616515 69.0046 -0.0192101 0.999801 0.00534595 -4.72106 0.0617435 -0.00415043 0.998083 186.976
0.99784 0.0249208 -0.0607818 68.9367 -0.0246985 0.999685 0.00440571 -4.72436 0.0608725 -0.00289498 0.998141 187.789
0.997711 0.0276147 -0.0617205 68.8766 -0.0272336 0.999605 0.00700813 -4.7306 0.0618896 -0.00531122 0.998069 188.608
0.997657 0.0314742 -0.0607491 68.8118 -0.0309227 0.999472 0.00999705 -4.73529 0.0610317 -0.00809509 0.998103 189.415
0.997427 0.0367284 -0.0615707 68.7558 -0.0360183 0.999272 0.0126049 -4.74175 0.0619888 -0.0103548 0.998023 190.24
0.997283 0.0387114 -0.0626757 68.7022 -0.0379883 0.999198 0.0126871 -4.74398 0.0631166 -0.0102717 0.997953 191.063
0.997385 0.0375718 -0.0617454 68.6399 -0.0370557 0.999268 0.00948294 -4.76044 0.0620565 -0.00717012 0.998047 191.847
0.997259 0.0390711 -0.0628337 68.5814 -0.038881 0.999235 0.00424574 -4.76725 0.0629515 -0.00179107 0.998015 192.646
