1.000000000 0.000000000 0.000000000 0.000000000 0.000000000 1.000000000 0.000000000 0.000000000 0.000000000 0.000000000 1.000000000 0.000000000
0.999989092 -0.002848126 -0.003701594 0.010529746 0.002841065 0.999994159 -0.001911648 -0.004255626 0.003707017 0.001901111 0.999991298 0.650745034
0.999972641 -0.001481849 -0.007247568 -0.008161667 0.001457888 0.999993443 -0.003310264 -0.010967791 0.007252426 0.003299607 0.999968231 1.310621381
0.999934077 -0.001724981 -0.011350187 -0.017593285 0.001668964 0.999986410 -0.004942976 -0.010354654 0.011358558 0.004923708 0.999923289 2.014113188
0.999869168 -0.000458699 -0.016169652 -0.035416082 0.000367277 0.999983907 -0.005656425 -0.013288412 0.016171986 0.005649746 0.999853253 2.718595505
0.999774635 -0.001569068 -0.021171406 -0.037393734 0.001444639 0.999981582 -0.005891212 -0.021784723 0.021180259 0.005859300 0.999758482 3.461349249
0.999705195 0.000362904 -0.024277817 -0.088796705 -0.000541408 0.999972761 -0.007346384 -0.024220591 0.024274489 0.007357362 0.999678254 4.157917976
0.999555528 0.003285512 -0.029628482 -0.114582092 -0.003511827 0.999965012 -0.007589636 -0.039643496 0.029602500 0.007690313 0.999532282 4.931736469
0.999408722 0.003669560 -0.034187738 -0.135794789 -0.003878330 0.999974251 -0.006042259 -0.046016775 0.034164678 0.006171277 0.999397218 5.706230640
0.999239445 0.002793430 -0.038894013 -0.160281718 -0.002936763 0.999989033 -0.003628574 -0.054211751 0.038883455 0.003740036 0.999236763 6.499880791
0.999123275 0.002209324 -0.041809212 -0.205114797 -0.002247827 0.999997079 -0.000873937 -0.063383177 0.041807167 0.000967150 0.999125242 7.286940098
0.999015868 0.004633784 -0.044109751 -0.255903542 -0.004696976 0.999988079 -0.001329076 -0.071141243 0.044103067 0.001534951 0.999025822 8.068806648
0.998890996 0.003448963 -0.046955559 -0.278846562 -0.003523403 0.999992669 -0.001502671 -0.075507700 0.046950027 0.001666448 0.998895884 8.878287315
0.998872697 0.000337357 -0.047466543 -0.341057599 -0.000442103 0.999997556 -0.002196259 -0.078190476 0.047465675 0.002214768 0.998870373 9.691119194
0.998735607 0.000940640 -0.050262038 -0.372621834 -0.001013810 0.999998510 -0.001430300 -0.087950781 0.050260611 0.001479448 0.998735011 10.530719757
0.998688698 -0.000671723 -0.051191073 -0.430687457 0.000616391 0.999999225 -0.001096671 -0.108261339 0.051191762 0.001063679 0.998688281 11.355020523
0.998585999 0.001044732 -0.053149503 -0.480655640 -0.001225289 0.999993563 -0.003364680 -0.110945702 0.053145651 0.003425047 0.998580813 12.197316170
0.998531282 0.001399414 -0.054159399 -0.538155377 -0.001724886 0.999980688 -0.005963240 -0.118322797 0.054150011 0.006047901 0.998514414 13.042984009
0.998409271 0.005361482 -0.056125220 -0.590043366 -0.005818404 0.999951184 -0.007980883 -0.126715511 0.056079689 0.008294748 0.998391807 13.903513908
0.998384714 0.006665023 -0.056424167 -0.661531687 -0.007079259 0.999949396 -0.007144774 -0.142216697 0.056373697 0.007532674 0.998381317 14.775583267
0.998309374 0.005919036 -0.057821531 -0.710519433 -0.006277841 0.999962270 -0.006025699 -0.155217350 0.057783674 0.006378507 0.998308897 15.630315781
0.998266339 0.006661425 -0.058479417 -0.776390195 -0.006932670 0.999966085 -0.004436641 -0.166543931 0.058447883 0.004834368 0.998278797 16.500545502
0.998209953 0.006194153 -0.059485249 -0.830597699 -0.006430055 0.999972224 -0.003775119 -0.186703116 0.059460219 0.004150854 0.998222053 17.397523880
0.998048842 0.005286810 -0.062214237 -0.868558943 -0.005550954 0.999976277 -0.004073635 -0.208426118 0.062191226 0.004411035 0.998054624 18.264371872
0.997997999 0.003949553 -0.063122228 -0.922384858 -0.004279937 0.999977767 -0.005099680 -0.216298953 0.063100681 0.005359628 0.997992754 19.158761978
0.997954905 0.003908518 -0.063802451 -0.981430233 -0.004102427 0.999987304 -0.002908486 -0.226885572 0.063790269 0.003164283 0.997958302 20.079627991
0.997984290 0.005848825 -0.063191690 -1.057582378 -0.005872182 0.999982715 -0.000183895 -0.234752789 0.063189551 0.000554597 0.998001337 20.947172165
0.998056531 0.007336004 -0.061881389 -1.119715333 -0.007153240 0.999969244 0.003174497 -0.238977954 0.061902799 -0.002725675 0.998078465 21.842294693
0.998163760 0.006010975 -0.060273316 -1.175952911 -0.005663214 0.999966323 0.005938919 -0.244779348 0.060306996 -0.005586674 0.998164356 22.770853043
0.998236120 0.005357957 -0.059126455 -1.224871993 -0.004942792 0.999962091 0.007165668 -0.252099276 0.059162609 -0.006860779 0.998224795 23.689785004
0.998331904 0.005864738 -0.057436638 -1.281400681 -0.005601115 0.999972999 0.004749726 -0.261367887 0.057462946 -0.004420094 0.998337924 24.609416962
0.998364568 0.007374924 -0.056689270 -1.336954713 -0.007429627 0.999972105 -0.000754261 -0.261796832 0.056682125 0.001174209 0.998391628 25.520864487
0.998441279 0.007080331 -0.055360500 -1.403773189 -0.007309048 0.999965549 -0.003930022 -0.259527624 0.055330765 0.004328528 0.998458803 26.467691422
0.998504221 0.004259469 -0.054508783 -1.450300217 -0.004448758 0.999984384 -0.003351736 -0.264606178 0.054493666 0.003589219 0.998507619 27.412958145
0.998473585 0.002058100 -0.055191781 -1.481375575 -0.001942376 0.999995768 0.002150333 -0.281747669 0.055195976 -0.002039848 0.998473465 28.361871719
0.998491883 -0.001462418 -0.054878704 -1.560694218 0.001771349 0.999982834 0.005581128 -0.289751291 0.054869600 -0.005669923 0.998477519 29.306066513
0.998342931 -0.008199085 -0.056957617 -1.584852099 0.008533321 0.999947667 0.005627377 -0.312179863 0.056908503 -0.006104089 0.998360753 30.245471954
0.998234689 -0.010528915 -0.058451504 -1.632529974 0.010642428 0.999941945 0.001631029 -0.311173141 0.058430947 -0.002250215 0.998288989 31.201604843
0.998144090 -0.010213943 -0.060033973 -1.689848065 0.010105251 0.999946654 -0.002113848 -0.322168082 0.060052361 0.001503268 0.998194158 32.151576996
0.998126745 -0.008885428 -0.060531065 -1.762040496 0.008740655 0.999958217 -0.002656108 -0.340092689 0.060552150 0.002122051 0.998162806 33.089923859
0.997978210 -0.010102610 -0.062747918 -1.809134483 0.010005373 0.999948204 -0.001863660 -0.332292318 0.062763490 0.001232076 0.998027682 34.042755127
0.997988939 -0.006707863 -0.063032366 -1.870646715 0.006768142 0.999976754 0.000742867 -0.342962384 0.063025929 -0.001167985 0.998011231 34.979877472
0.997872472 -0.006517275 -0.064868964 -1.948867559 0.006646981 0.999976277 0.001783934 -0.345321923 0.064855792 -0.002211322 0.997892201 36.017807007
0.997816026 -0.005295338 -0.065841042 -2.015839100 0.005642049 0.999971151 0.005081069 -0.362498403 0.065812230 -0.005441451 0.997817218 37.006698608
0.997793734 -0.006296771 -0.066092938 -2.092961311 0.006844198 0.999944091 0.008059517 -0.365475595 0.066038504 -0.008494089 0.997780859 37.999607086
0.997807384 -0.000727608 -0.066181690 -2.174455643 0.001428478 0.999943376 0.010543381 -0.367186129 0.066170268 -0.010614802 0.997751951 38.975238800
0.997769833 -0.000560356 -0.066746660 -2.243254900 0.001244229 0.999947250 0.010204668 -0.377282083 0.066737421 -0.010264957 0.997717798 39.960491180
0.997777522 -0.000948939 -0.066627108 -2.311506271 0.001538648 0.999960124 0.008800127 -0.383939862 0.066616103 -0.008883085 0.997739136 40.919948578
0.997799575 0.001359139 -0.066288725 -2.384392977 -0.000981333 0.999983072 0.005731626 -0.378320336 0.066295415 -0.005653963 0.997783959 41.875381470
0.997764289 0.001146114 -0.066821754 -2.457628489 -0.000773238 0.999983966 0.005605742 -0.382070869 0.066827103 -0.005541541 0.997749150 42.835716248
0.997722924 -0.000968422 -0.067437746 -2.526018620 0.001430567 0.999975801 0.006804953 -0.387218148 0.067429520 -0.006885931 0.997700274 43.776222229
0.997617424 -0.000886192 -0.068984546 -2.584684849 0.001384957 0.999973238 0.007182607 -0.386068076 0.068976343 -0.007261036 0.997591853 44.747764587
0.997586966 0.002293198 -0.069389470 -2.659194469 -0.001976483 0.999987304 0.004632603 -0.407293200 0.069399215 -0.004484278 0.997578800 45.688335419
0.997508764 0.002586774 -0.070494749 -2.725970268 -0.002574086 0.999996662 0.000270812 -0.409969807 0.070495218 -0.000088678 0.997512043 46.625762939
0.997567296 0.003531724 -0.069619931 -2.816092968 -0.003584743 0.999993384 -0.000636641 -0.422933638 0.069617227 0.000884662 0.997573316 47.554733276
0.997611403 0.002524761 -0.069028862 -2.897055626 -0.002314248 0.999992490 0.003129423 -0.437802196 0.069036230 -0.002962198 0.997609735 48.490749359
0.997485995 0.001326512 -0.070850946 -2.938016891 -0.000956430 0.999985695 0.005257054 -0.438503027 0.070856899 -0.005176073 0.997473061 49.429996490
0.997453511 -0.000916928 -0.071312606 -2.991602898 0.001358549 0.999980152 0.006144488 -0.451349646 0.071305566 -0.006225724 0.997435033 50.342250824
0.997495115 -0.003710705 -0.070638821 -3.060982466 0.004080864 0.999978602 0.005096569 -0.465192050 0.070618406 -0.005372070 0.997488916 51.273090363
0.997427940 -0.007392701 -0.071294449 -3.138950825 0.007700556 0.999962151 0.004044153 -0.471206188 0.071261868 -0.004582757 0.997447133 52.225345612
0.997342825 -0.009120486 -0.072279312 -3.202527046 0.009550263 0.999938726 0.005602708 -0.480958164 0.072223805 -0.006278107 0.997368693 53.158069611
0.997265220 -0.011907318 -0.072941542 -3.278852940 0.012569870 0.999883711 0.008631010 -0.476129055 0.072830290 -0.009524271 0.997298896 54.080986023
0.997159779 -0.012523485 -0.074266970 -3.335080385 0.013602233 0.999808967 0.014037275 -0.482100487 0.074076988 -0.015007605 0.997139513 55.003585815
0.997156560 -0.010760255 -0.074586540 -3.408387184 0.011982438 0.999800980 0.015958000 -0.479738474 0.074399978 -0.016806351 0.997086823 55.918163300
0.997028351 -0.009576680 -0.076438405 -3.475645542 0.010518074 0.999873638 0.011922622 -0.483659267 0.076314561 -0.012691178 0.997003019 56.844058990
0.996919036 -0.008206828 -0.078006774 -3.544590950 0.008592058 0.999952495 0.004604042 -0.490269989 0.077965297 -0.005260095 0.996942222 57.724315643
0.996845543 -0.006623265 -0.079089902 -3.612674475 0.006621268 0.999978065 -0.000287520 -0.494162917 0.079090089 -0.000237063 0.996867478 58.618141174
0.996780574 -0.001387096 -0.080165409 -3.688379765 0.001422715 0.999998927 0.000387195 -0.502477527 0.080164783 -0.000500002 0.996781528 59.499912262
0.996722758 0.001027132 -0.080886386 -3.764338732 -0.000794617 0.999995410 0.002906713 -0.522648513 0.080889009 -0.002832913 0.996719122 60.366165161
0.996699691 0.003302570 -0.081109159 -3.852556705 -0.002936401 0.999984980 0.004633384 -0.533164024 0.081123248 -0.004379923 0.996694446 61.182590485
0.996594310 0.003945558 -0.082366399 -3.923250198 -0.003594713 0.999983847 0.004407421 -0.541133881 0.082382455 -0.004096328 0.996592343 62.029430389
0.996497214 0.006014179 -0.083408996 -4.009765148 -0.005616565 0.999971747 0.005000864 -0.543646216 0.083436698 -0.004514876 0.996502817 62.860912323
0.996460199 0.006960139 -0.083776638 -4.095274925 -0.006470760 0.999960423 0.006111580 -0.566421986 0.083815835 -0.005547849 0.996465743 63.627696991
0.996345222 0.006489524 -0.085170694 -4.166335106 -0.005974764 0.999962389 0.006297369 -0.569040656 0.085208341 -0.005765478 0.996346474 64.439468384
0.996111453 0.006542155 -0.087858737 -4.219882488 -0.005919162 0.999955475 0.007349522 -0.575644970 0.087902904 -0.006800893 0.996105850 65.244018555
0.995925426 0.009498682 -0.089678995 -4.280322552 -0.008639543 0.999913037 0.009963460 -0.582233787 0.089765832 -0.009148078 0.995920837 66.016754150
0.995832622 0.011098209 -0.090522289 -4.360812664 -0.009877474 0.999854267 0.013922344 -0.584475100 0.090663612 -0.012970192 0.995797157 66.791969299
0.995641291 0.013902098 -0.092224814 -4.436068058 -0.012491863 0.999796331 0.015850965 -0.592348576 0.092426389 -0.014629812 0.995612085 67.544815063
0.995559633 0.017174464 -0.092553839 -4.523308754 -0.016187368 0.999803841 0.011405339 -0.591637492 0.092731565 -0.009856492 0.995642364 68.230560303
0.995341718 0.016910955 -0.094915152 -4.585999966 -0.016573478 0.999853194 0.004342768 -0.601323068 0.094974667 -0.002749464 0.995475888 68.966400146
0.995193541 0.016023286 -0.096608140 -4.645187855 -0.016259355 0.999866366 -0.001656804 -0.604826868 0.096568689 0.003219628 0.995321155 69.661399841
0.995223939 0.017211355 -0.096089035 -4.737316132 -0.017576504 0.999841034 -0.002954915 -0.608418703 0.096022926 0.004629712 0.995368361 70.323966980
0.995111704 0.019984538 -0.096712410 -4.814243793 -0.020051327 0.999798834 0.000281353 -0.614521086 0.096698605 0.001659235 0.995312333 70.985733032
0.995056808 0.019756248 -0.097322375 -4.896167755 -0.019591581 0.999804497 0.002647380 -0.628875852 0.097355656 -0.000727594 0.995249391 71.635444641
0.994987071 0.016902281 -0.098565556 -4.954754829 -0.017056789 0.999854207 -0.000725065 -0.636792600 0.098538935 0.002402643 0.995130301 72.246025085
0.995046794 0.009192491 -0.098981999 -5.000092506 -0.009939798 0.999925613 -0.007059436 -0.629377782 0.098909751 0.008008333 0.995064259 72.884307861
0.995234728 0.005602819 -0.097347446 -5.050612450 -0.006769952 0.999908924 -0.011663177 -0.643502057 0.097273275 0.012266637 0.995182157 73.429565430
0.995491564 0.007520926 -0.094551571 -5.098441601 -0.008550558 0.999908447 -0.010489213 -0.680633426 0.094464034 0.011250391 0.995464623 73.983543396
0.995891690 0.012545894 -0.089679480 -5.176141262 -0.013315437 0.999879420 -0.007987914 -0.683653593 0.089568451 0.009149216 0.995938659 74.535919189
0.996323645 0.011200045 -0.084933341 -5.217984676 -0.011649989 0.999920607 -0.004803819 -0.696718693 0.084872782 0.005775633 0.996375084 75.077438354
0.996743500 0.007564840 -0.080282375 -5.229509354 -0.007609818 0.999971032 -0.000254291 -0.712832808 0.080278121 0.000864398 0.996772051 75.609985352
0.997490585 0.003255554 -0.070725411 -5.283434391 -0.003072966 0.999991655 0.002690298 -0.716798186 0.070733577 -0.002466209 0.997492135 76.121253967
0.998106897 0.006598978 -0.061147571 -5.287732601 -0.006439574 0.999975324 0.002803586 -0.732490361 0.061164565 -0.002404516 0.998124659 76.640075684
0.998900115 0.012028816 -0.045319945 -5.327255249 -0.011951715 0.999926627 0.001971839 -0.734997034 0.045340352 -0.001428019 0.998970568 77.117431641
0.999466896 0.016985774 -0.027886227 -5.327720642 -0.016918777 0.999853373 0.002636700 -0.740114927 0.027926937 -0.002163494 0.999607563 77.606445312
0.999863684 0.016012739 -0.004044712 -5.351070881 -0.016002471 0.999868631 0.002557953 -0.740694046 0.004085146 -0.002492879 0.999988556 78.047164917
0.999745488 0.011715620 0.019280806 -5.251014709 -0.011792126 0.999923170 0.003859253 -0.751915932 -0.019234110 -0.004085633 0.999806643 78.437126160
0.998711944 0.010655802 0.049608305 -5.219107151 -0.010921942 0.999927402 0.005096840 -0.754710078 -0.049550388 -0.005632094 0.998755693 78.882637024
0.996537209 0.010141157 0.082528085 -5.163774014 -0.010742505 0.999918818 0.006845794 -0.765741885 -0.082451969 -0.007708645 0.996565163 79.310653687
0.992636442 0.010540397 0.120671846 -5.099383354 -0.011445321 0.999911368 0.006808395 -0.763953090 -0.120589390 -0.008139389 0.992669106 79.735656738
0.986782074 0.010642170 0.161703184 -5.002966881 -0.011961661 0.999902546 0.007188596 -0.775219917 -0.161610946 -0.009027816 0.986813307 80.130645752
0.978545785 0.009427528 0.205813676 -4.900064468 -0.011201158 0.999909461 0.007454178 -0.789879978 -0.205724746 -0.009599606 0.978562832 80.490653992
0.967150986 0.011798608 0.253928900 -4.760517120 -0.013540555 0.999895275 0.005113195 -0.791546345 -0.253841966 -0.008383568 0.967209280 80.875190735
0.951504588 0.012741659 0.307370752 -4.617755890 -0.014115693 0.999897838 0.002247410 -0.800899029 -0.307310700 -0.006477173 0.951587141 81.239341736
0.931354761 0.013145551 0.363875628 -4.459629059 -0.014370091 0.999896526 0.000658087 -0.814527690 -0.363829315 -0.005841839 0.931447268 81.588508606
0.906445444 0.014049788 0.422089100 -4.271831512 -0.014656672 0.999890924 -0.001807158 -0.811633646 -0.422068536 -0.004548332 0.906552553 81.939743042
0.877205253 0.014717624 0.479889899 -4.064891815 -0.014747610 0.999884367 -0.003707603 -0.818831563 -0.479889035 -0.003824899 0.877320886 82.245468140
0.844334424 0.012908095 0.535660923 -3.810256958 -0.011126507 0.999916613 -0.006557366 -0.820043921 -0.535700977 -0.000423425 0.844407678 82.540649414
0.807478130 0.012593339 0.589763045 -3.563503265 -0.010348842 0.999920726 -0.007182335 -0.835303009 -0.589806736 -0.000303787 0.807544351 82.814575195
0.767020524 0.010253279 0.641540647 -3.300888062 -0.008238769 0.999947250 -0.006131229 -0.847970009 -0.641569614 -0.000582726 0.767064631 83.075424194
0.722986579 0.011080598 0.690773308 -3.024887085 -0.011099830 0.999928594 -0.004422263 -0.850092530 -0.690773010 -0.004470229 0.723057866 83.339202881
0.679171205 0.009337114 0.733920455 -2.747097015 -0.010299529 0.999941826 -0.003190303 -0.866571426 -0.733907580 -0.005392273 0.679227889 83.499763489
0.631859064 0.008375138 0.775038004 -2.430221558 -0.006778461 0.999963045 -0.005279477 -0.865205884 -0.775053561 -0.001917681 0.631892443 83.711547852
0.586241663 0.005296826 0.810118914 -2.119094849 -0.001338260 0.999983609 -0.005569794 -0.881091952 -0.810135007 0.002181095 0.586239219 83.865409851
0.538863420 0.007024066 0.842363834 -1.813674927 -0.003991176 0.999975324 -0.005785140 -0.897343278 -0.842383623 -0.000244624 0.538878083 84.026672363
0.491382837 0.009973381 0.870886445 -1.480117798 -0.007573349 0.999945581 -0.007178228 -0.904184103 -0.870910645 -0.003068269 0.491431713 84.182754517
0.445822835 0.012224211 0.895037770 -1.169513702 -0.007421310 0.999922931 -0.009960115 -0.905359626 -0.895090342 -0.002201906 0.445879281 84.306205750
0.402916819 0.010396267 0.915177464 -0.832952499 -0.001406590 0.999941349 -0.010739902 -0.914709449 -0.915235460 0.003040009 0.402907819 84.406402588
0.362726897 0.002643875 0.931891799 -0.489463806 0.013832619 0.999870539 -0.008220906 -0.919509351 -0.931792855 0.015872449 0.362643361 84.501647949
0.327718049 -0.000745948 0.944775224 -0.126728058 0.017802650 0.999827027 -0.005385860 -0.923583508 -0.944607854 0.018584549 0.327674598 84.584815979
0.295046180 0.003212928 0.955477595 0.215879440 0.015065519 0.999854386 -0.008014301 -0.927897215 -0.955364227 0.016759355 0.294954866 84.667572021
0.263837457 0.011210822 0.964501977 0.561630249 0.003953111 0.999911487 -0.012703766 -0.942769527 -0.964559078 0.007164513 0.263769776 84.761520386
0.234225899 0.015565276 0.972057581 0.913747787 -0.001188982 0.999875605 -0.015724223 -0.960101724 -0.972181499 0.002527260 0.234215319 84.860160828
0.209910393 0.017284177 0.977567852 1.296739578 -0.000967903 0.999846935 -0.017470254 -0.977116227 -0.977720082 0.002720997 0.209894985 84.899490356
0.185859591 0.018499123 0.982402146 1.678363800 0.006545689 0.999777257 -0.020064676 -0.984824777 -0.982554495 0.010159715 0.185697138 84.961372375
0.166598171 0.024567844 0.985718787 2.085612297 0.012649448 0.999553978 -0.027050583 -0.989453673 -0.985943615 0.016975373 0.166213110 84.994361877
0.146157533 0.031284977 0.988766491 2.475646019 0.014722715 0.999320328 -0.033795193 -0.991986036 -0.989151776 0.019496750 0.145597592 85.045448303
0.128725663 0.032420006 0.991150081 2.903317451 0.013499984 0.999315560 -0.034440402 -0.997227490 -0.991588295 0.017813876 0.128199875 85.096946716
0.113245644 0.028270829 0.993164718 3.335170746 0.011608027 0.999489129 -0.029774472 -1.016414285 -0.993499100 0.014900511 0.112859622 85.141395569
0.098722637 0.025218589 0.994795442 3.785524368 0.012290123 0.999571621 -0.026559340 -1.034136891 -0.995038986 0.014848165 0.098370403 85.177757263
0.085643351 0.022244869 0.996077478 4.249041080 0.014353202 0.999619424 -0.023558069 -1.055617094 -0.996222496 0.016314493 0.085291468 85.211601257
0.074087344 0.021521084 0.997019470 4.736078739 0.018849140 0.999558270 -0.022976540 -1.066174269 -0.997073650 0.020495230 0.073648959 85.233062744
0.063772611 0.022046596 0.997720957 5.221304893 0.021958511 0.999482870 -0.023489084 -1.082648158 -0.997722864 0.023406424 0.063255519 85.258003235
0.056061424 0.023068739 0.998160720 5.745015621 0.023694748 0.999420702 -0.024428666 -1.092084765 -0.998146176 0.025020678 0.055482328 85.277938843
0.050545741 0.023418028 0.998447120 6.257213116 0.025302503 0.999374151 -0.024720691 -1.108447075 -0.998401165 0.026512742 0.049921568 85.299705505
0.045597866 0.024681373 0.998654962 6.800732613 0.026018845 0.999326289 -0.025885964 -1.121719360 -0.998620927 0.027164193 0.044924963 85.307220459
0.038493101 0.025254345 0.998939693 7.359447956 0.027128344 0.999285758 -0.026308451 -1.140776038 -0.998890519 0.028112276 0.037780490 85.347778320
0.034873750 0.025060082 0.999077439 7.932748795 0.029566765 0.999222100 -0.026095765 -1.163187504 -0.998954237 0.030449545 0.034105677 85.347061157
0.032220062 0.024980513 0.999168575 8.539332390 0.031098820 0.999178469 -0.025983600 -1.179559588 -0.998996913 0.031910159 0.031416725 85.352989197
0.028429953 0.024385601 0.999298275 9.122077942 0.031980999 0.999168336 -0.025292290 -1.200214982 -0.999083996 0.032677617 0.027626440 85.379516602
0.025801975 0.024064746 0.999377370 9.796978951 0.032000408 0.999177992 -0.024886133 -1.214928508 -0.999154747 0.032622594 0.025010685 85.406875610
0.025086356 0.023899410 0.999399602 10.450805664 0.036742933 0.999016643 -0.024812555 -1.229245663 -0.999009728 0.037343331 0.024183558 85.411087036
0.025703156 0.023516545 0.999392927 11.098982811 0.040276594 0.998887062 -0.024540506 -1.250619650 -0.998857975 0.040882908 0.024727387 85.433158875
0.028519638 0.023148241 0.999325156 11.797164917 0.042014778 0.998820603 -0.024335608 -1.277668595 -0.998709857 0.042680450 0.027513426 85.448112488
0.032265238 0.023042046 0.999213755 12.495006561 0.044741675 0.998698652 -0.024474910 -1.299123168 -0.998477399 0.045496177 0.031192310 85.471893311
0.036642686 0.022577005 0.999073327 13.206517220 0.044624031 0.998710632 -0.024205467 -1.319983125 -0.998331666 0.045469631 0.035587959 85.491897583
0.040840700 0.021482810 0.998934686 13.958395004 0.046569388 0.998641372 -0.023380458 -1.331107736 -0.998079896 0.047474653 0.039784767 85.520797729
0.044963390 0.019611783 0.998796165 14.687059402 0.046024125 0.998704970 -0.021681890 -1.358666420 -0.997927904 0.046943605 0.044002544 85.540992737
0.048919693 0.017436717 0.998650432 15.455166817 0.043522678 0.998860717 -0.019572377 -1.379684806 -0.997853994 0.044421408 0.048105061 85.598861694
0.053516321 0.016395880 0.998432338 16.239391327 0.042554289 0.998919427 -0.018684799 -1.398913145 -0.997659743 0.043487523 0.052760784 85.632560730
0.056913175 0.017325433 0.998228788 16.988370895 0.039366361 0.999032855 -0.019583829 -1.423128366 -0.997602701 0.040411197 0.056176096 85.695884705
0.059702232 0.020840427 0.997998536 17.791971207 0.037497997 0.999029458 -0.023105159 -1.457184792 -0.997511625 0.038802370 0.058862820 85.767227173
0.062091492 0.026506200 0.997718453 18.586959839 0.032453775 0.999065042 -0.028561689 -1.472251892 -0.997542679 0.034153171 0.061173219 85.801567078
0.061943978 0.029676966 0.997638345 19.379457474 0.029482439 0.999067187 -0.031550054 -1.498806953 -0.997644067 0.031367142 0.061011244 85.855857849
0.062015541 0.029346365 0.997643709 20.171497345 0.027418625 0.999140322 -0.031094791 -1.528291583 -0.997698545 0.029282384 0.061157588 85.907318115
0.061661527 0.027775871 0.997710586 20.999588013 0.024447264 0.999270737 -0.029330224 -1.558185339 -0.997797608 0.026199847 0.060937509 85.970382690
0.061587539 0.026979877 0.997736990 21.777738571 0.025518218 0.999265194 -0.028596373 -1.584475040 -0.997775435 0.027221652 0.060853802 86.028373718
0.062049821 0.025752582 0.997740686 22.572145462 0.022885209 0.999367535 -0.027217813 -1.627276301 -0.997810662 0.024522362 0.061421212 86.075263977
0.062184796 0.025721846 0.997733176 23.369092941 0.021512628 0.999401033 -0.027105642 -1.663594127 -0.997832835 0.023149421 0.061594207 86.124183655
0.062527373 0.026378276 0.997694552 24.163160324 0.018709242 0.999444008 -0.027597070 -1.693217754 -0.997867942 0.020391682 0.061999079 86.168670654
0.060855318 0.027521830 0.997767150 24.928880692 0.015437737 0.999474227 -0.028510490 -1.729010820 -0.998027265 0.017138278 0.060398452 86.245788574
0.058414984 0.027140243 0.997923315 25.688241959 0.012614576 0.999530494 -0.027922362 -1.763450861 -0.998212695 0.014219463 0.058045182 86.276237488
0.054635633 0.026145605 0.998163998 26.469657898 0.009968750 0.999592960 -0.026728690 -1.791909218 -0.998456538 0.011410786 0.054352757 86.312072754
0.050106980 0.023916861 0.998457432 27.232170105 0.009090331 0.999660909 -0.024401885 -1.814240217 -0.998702466 0.010299015 0.049872570 86.348762512
0.043118335 0.021074666 0.998847604 28.017192841 0.004998661 0.999760449 -0.021309704 -1.862168789 -0.999057472 0.005911740 0.043002658 86.415077209
0.036059286 0.021322090 0.999122024 28.796121597 0.004512450 0.999758720 -0.021498533 -1.891610622 -0.999339461 0.005283711 0.035954371 86.433731079
0.027775092 0.022373240 0.999363780 29.594625473 0.005185047 0.999732912 -0.022525609 -1.914385796 -0.999600768 0.005807400 0.027651669 86.445617676
0.017311161 0.022925155 0.999587297 30.368637085 0.004534380 0.999724984 -0.023006840 -1.939643860 -0.999839962 0.004930783 0.017202448 86.477798462
0.006884359 0.022049667 0.999733150 31.135080338 0.005989773 0.999738038 -0.022091024 -1.965376854 -0.999958277 0.006140259 0.006750481 86.475448608
-0.004211112 0.021188807 0.999766648 31.896841049 0.003676602 0.999769032 -0.021173371 -1.993951440 -0.999984324 0.003586580 -0.004288043 86.490516663
-0.015313933 0.020402845 0.999674499 32.655120850 0.005172022 0.999779999 -0.020325765 -2.018980026 -0.999869347 0.004859071 -0.015416088 86.473457336
-0.026408870 0.020908533 0.999432504 33.398651123 0.006698669 0.999762416 -0.020738432 -2.041057587 -0.999628782 0.006147190 -0.026542660 86.458358765
-0.037275016 0.021268835 0.999078751 34.154701233 0.007095786 0.999753892 -0.021018475 -2.069339037 -0.999279737 0.006305785 -0.037416771 86.418670654
-0.048437737 0.022396110 0.998575091 34.905479431 0.006699159 0.999733388 -0.022097133 -2.099774837 -0.998803735 0.005619279 -0.048574857 86.402801514
-0.058995511 0.023467531 0.997982383 35.645439148 0.007058086 0.999708414 -0.023090888 -2.120085716 -0.998233259 0.005681586 -0.059143953 86.357566833
-0.068106160 0.024429906 0.997378945 36.392993927 0.008245286 0.999679804 -0.023923229 -2.144332170 -0.997644007 0.006594355 -0.068285793 86.299674988
-0.078002363 0.024637848 0.996648610 37.095855713 0.008644742 0.999673843 -0.024036050 -2.180466890 -0.996915698 0.006740903 -0.078189895 86.249755859
-0.086532220 0.025606865 0.995919943 37.811267853 0.009687556 0.999644041 -0.024860898 -2.201556683 -0.996201992 0.007496762 -0.086749479 86.166885376
-0.095180750 0.024798829 0.995151043 38.532520294 0.010813751 0.999656439 -0.023876829 -2.231004715 -0.995401204 0.008488703 -0.095416218 86.096336365
-0.103578776 0.023807948 0.994336367 39.220600128 0.012740090 0.999663234 -0.022608377 -2.254990101 -0.994539678 0.010326188 -0.103847206 86.041206360
-0.108418472 0.021902710 0.993864000 39.920845032 0.014896531 0.999680758 -0.020405872 -2.290726662 -0.993993700 0.012592753 -0.108710133 85.957969666
-0.111837164 0.020124627 0.993522704 40.615184784 0.018020941 0.999671638 -0.018220626 -2.317317486 -0.993563116 0.015866473 -0.112163089 85.868331909
-0.115200870 0.019788954 0.993145049 41.274948120 0.019465581 0.999654591 -0.017660728 -2.331696510 -0.993151486 0.017297616 -0.115546271 85.806419373
-0.117024533 0.018203046 0.992962122 41.950599670 0.019569211 0.999680221 -0.016019890 -2.361305237 -0.992936254 0.017556764 -0.117343299 85.729423523
-0.117791787 0.019191565 0.992852807 42.609287262 0.019992128 0.999656439 -0.016951215 -2.378151417 -0.992837071 0.017852526 -0.118134990 85.661315918
-0.117195234 0.020007424 0.992907345 43.225975037 0.020785011 0.999627411 -0.017689532 -2.404267788 -0.992891371 0.018564455 -0.117567420 85.588706970
-0.114854716 0.021782182 0.993143499 43.862594604 0.021544099 0.999579012 -0.019431803 -2.421751261 -0.993148685 0.019164542 -0.115275644 85.532051086
-0.109118432 0.022216199 0.993780494 44.458728790 0.021675767 0.999565721 -0.019965500 -2.442337751 -0.993792534 0.019362349 -0.109552577 85.464141846
-0.101018436 0.022797676 0.994623303 45.028717041 0.021969959 0.999544740 -0.020679103 -2.470480680 -0.994641960 0.019762859 -0.101473294 85.401435852
-0.089936368 0.023171097 0.995677829 45.593330383 0.020708729 0.999556780 -0.021390805 -2.484984875 -0.995732248 0.018695408 -0.090376340 85.356346130
-0.076371998 0.023518952 0.996801913 46.116741180 0.020075491 0.999555349 -0.022045787 -2.505600691 -0.996877313 0.018327607 -0.076810174 85.329147339
-0.059176531 0.024151437 0.997955322 46.608764648 0.018070897 0.999569356 -0.023118934 -2.545457840 -0.998083949 0.016665848 -0.059587479 85.308441162
-0.038089432 0.027348273 0.998899937 47.165294647 0.017361738 0.999492645 -0.026702464 -2.553713322 -0.999123573 0.016325558 -0.038544901 85.308166504
-0.013441303 0.030354653 0.999448836 47.647560120 0.016153930 0.999415278 -0.030136384 -2.572754383 -0.999779165 0.015739955 -0.013923792 85.313415527
0.015339528 0.031658605 0.999381125 48.135540009 0.013637896 0.999399006 -0.031868506 -2.602854729 -0.999789357 0.014118303 0.014898551 85.328338623
0.048396289 0.031923596 0.998317957 48.652782440 0.012813346 0.999387026 -0.032578941 -2.607477665 -0.998746037 0.014368494 0.047957577 85.380287170
0.086025409 0.029109849 0.995867610 49.139945984 0.011006521 0.999484301 -0.030166335 -2.639134884 -0.996232092 0.013556110 0.085660644 85.447235107
0.128285140 0.025859546 0.991400123 49.648303986 0.008736705 0.999591708 -0.027203728 -2.653607368 -0.991698802 0.012151406 0.128006816 85.534439087
0.174208164 0.020887185 0.984487236 50.093872070 0.005637287 0.999737501 -0.022208272 -2.681262970 -0.984692693 0.009418700 0.174044698 85.618362427
0.222532988 0.017513577 0.974767864 50.563098907 0.000750464 0.999835253 -0.018135289 -2.701510429 -0.974924862 0.004767228 0.222483188 85.748710632
0.273733556 0.016427929 0.961665273 51.033786774 -0.002527651 0.999862969 -0.016360968 -2.711226463 -0.961802185 0.002047791 0.273737550 85.922508240
0.328182220 0.016670385 0.944467306 51.478958130 -0.002914264 0.999857426 -0.016635403 -2.712812424 -0.944609940 0.002707017 0.328183949 86.112579346
0.386500955 0.016991509 0.922132432 51.860088348 -0.000286908 0.999832451 -0.018302975 -2.730881929 -0.922288954 0.006809551 0.386441141 86.288002014
0.446463466 0.020003576 0.894578218 52.250362396 0.000674709 0.999742270 -0.022691866 -2.750576973 -0.894801676 0.010734669 0.446334898 86.520225525
0.507246494 0.024109893 0.861463666 52.639717102 0.001743908 0.999577820 -0.029002156 -2.756458521 -0.861799300 0.016213555 0.506990314 86.762725830
0.564673662 0.027461991 0.824857295 52.956817627 -0.002203069 0.999492764 -0.031767976 -2.779616594 -0.825311363 0.016121317 0.564447761 87.041168213
0.621012151 0.030878037 0.783192515 53.288223267 -0.006594565 0.999394238 -0.034172982 -2.791681290 -0.783773303 0.016057022 0.620839536 87.343986511
0.674203396 0.031953804 0.737854242 53.589447021 -0.008108920 0.999323547 -0.035867698 -2.801660061 -0.738501251 0.018198920 0.674006402 87.660423279
0.722577333 0.030381411 0.690622211 53.852317810 -0.009050119 0.999363840 -0.034494512 -2.821098089 -0.691230834 0.018674741 0.722392678 87.998008728
0.767447293 0.026518689 0.640563369 54.094848633 -0.010560454 0.999531507 -0.028727328 -2.841447115 -0.641025066 0.015282070 0.767367780 88.371475220
0.808759272 0.021813551 0.587734997 54.319244385 -0.011166906 0.999701321 -0.021737169 -2.851592779 -0.588033617 0.011016959 0.808761477 88.752677917
0.846140742 0.020393420 0.532569170 54.544490814 -0.014114522 0.999774694 -0.015858879 -2.851601839 -0.532772541 0.005901886 0.846237898 89.151535034
0.876587570 0.015863866 0.480980605 54.681373596 -0.013883996 0.999874175 -0.007674586 -2.874560833 -0.481041849 0.000049514 0.876697659 89.528900146
0.902408838 0.015633710 0.430597067 54.841857910 -0.016863408 0.999857426 -0.000960967 -2.894855261 -0.430550724 -0.006394148 0.902543783 89.943656921
0.923173726 0.016790643 0.384016424 54.980911255 -0.019242767 0.999811590 0.002543986 -2.902703524 -0.383901358 -0.009738078 0.923322797 90.325813293
0.938461840 0.023183350 0.344603896 55.092720032 -0.026688529 0.999628961 0.005430634 -2.910636425 -0.344350189 -0.014293415 0.938732505 90.750709534
0.950505853 0.026901178 0.309540033 55.215145111 -0.029595222 0.999553859 0.004009994 -2.903521776 -0.309294045 -0.012972429 0.950878024 91.219039917
0.959926844 0.028084107 0.278839946 55.320602417 -0.030531790 0.999523938 0.004438201 -2.902047396 -0.278582543 -0.012773830 0.960327268 91.646209717
0.966289997 0.022481106 0.256472707 55.444232941 -0.024456825 0.999690652 0.004515995 -2.903076172 -0.256291837 -0.010636268 0.966540933 92.118759155
0.970302939 0.020160019 0.241051510 55.547569275 -0.022003869 0.999745607 0.004959636 -2.908123493 -0.240890190 -0.010116415 0.970499635 92.578147888
0.972994983 0.024259321 0.229547605 55.620964050 -0.026069354 0.999648333 0.004855466 -2.912021160 -0.229349077 -0.010708501 0.973285377 93.029731750
0.975521207 0.028054725 0.218108431 55.750579834 -0.029767195 0.999546409 0.004568963 -2.902282476 -0.217881307 -0.010949595 0.975913882 93.484817505
0.976286471 0.036322631 0.213413358 55.817131042 -0.037933875 0.999274313 0.003458366 -2.901720285 -0.213132873 -0.011471951 0.976955891 93.987838745
0.976899326 0.040820327 0.209765196 55.927402496 -0.041662168 0.999131680 -0.000405887 -2.898727894 -0.209599659 -0.008342763 0.977751672 94.492347717
0.976768672 0.044399235 0.209646419 56.016498566 -0.044930551 0.998987615 -0.002230069 -2.919170380 -0.209533200 -0.007241269 0.977774739 95.053680420
0.976372659 0.042432182 0.211886212 56.139968872 -0.041935619 0.999096870 -0.006838908 -2.911698341 -0.211985037 -0.002208255 0.977270544 95.588050842
0.975576520 0.040854886 0.215827450 56.255191803 -0.038904671 0.999154687 -0.013278541 -2.914213181 -0.216187522 0.004557535 0.976341188 96.094818115
0.974565327 0.041263338 0.220271885 56.374225616 -0.038242359 0.999106944 -0.017963344 -2.922286987 -0.220816419 0.009082736 0.975273073 96.656791687
0.973379076 0.046591952 0.224415526 56.492782593 -0.044074822 0.998896718 -0.016215580 -2.952770233 -0.224923432 0.005892836 0.974358559 97.177146912
0.971930444 0.049746890 0.229949027 56.627841949 -0.048113797 0.998761058 -0.012707138 -2.956716299 -0.230296269 0.001286735 0.973119736 97.755126953
0.970710754 0.046608508 0.235686928 56.750083923 -0.045947772 0.998909414 -0.008297794 -2.965161800 -0.235816613 -0.002774529 0.971793592 98.318771362
0.970158517 0.041994151 0.238807201 56.916007996 -0.042616140 0.999088287 -0.002560385 -2.977446079 -0.238696948 -0.007693063 0.971063673 98.923347473
0.969248772 0.040361002 0.242750257 57.060470581 -0.042235706 0.999104440 0.002521314 -2.989569902 -0.242431089 -0.012696507 0.970085561 99.523277283
0.968827069 0.035673007 0.245156273 57.228027344 -0.037586465 0.999288440 0.003129245 -2.993608713 -0.244870216 -0.012246255 0.969478607 100.129943848
0.968606770 0.032537881 0.246459275 57.364837646 -0.033508353 0.999438405 -0.000256404 -2.997560024 -0.246329203 -0.008010089 0.969153166 100.745925903
0.968859196 0.031980108 0.245538518 57.538734436 -0.031139132 0.999488354 -0.007307683 -3.004871607 -0.245646566 -0.000565738 0.969359279 101.367332458
0.969165087 0.034359545 0.244005069 57.700157166 -0.031952243 0.999393821 -0.013818226 -3.013606310 -0.244331956 0.005595631 0.969675481 101.987480164
0.969577670 0.036963727 0.241977066 57.846305847 -0.033674505 0.999275804 -0.017716205 -3.017261982 -0.242456675 0.009028777 0.970120192 102.634429932
0.970276415 0.036121096 0.239288524 58.007858276 -0.033900939 0.999335468 -0.013388933 -3.024550200 -0.239613131 0.004878859 0.970856190 103.302864075
0.970710278 0.032019049 0.238110006 58.177711487 -0.031653143 0.999484539 -0.005361031 -3.041629553 -0.238158926 -0.002332921 0.971223354 103.985809326
0.971149981 0.032584839 0.236232758 58.339317322 -0.033669338 0.999432862 0.000557153 -3.053765059 -0.236080632 -0.008494877 0.971696317 104.689476013
0.971664190 0.035634458 0.233664125 58.512077332 -0.036630586 0.999328852 -0.000076672 -3.062232494 -0.233510047 -0.008484753 0.972317338 105.378929138
0.971847236 0.041463837 0.231935278 58.653911591 -0.041484728 0.999127686 -0.004789515 -3.065114021 -0.231931567 -0.004967096 0.972719431 106.088478088
0.972895682 0.042729959 0.227262914 58.835212708 -0.041479431 0.999086499 -0.010277870 -3.069757462 -0.227494463 0.000572558 0.973779202 106.808738708
0.973809421 0.040653434 0.223701894 58.990051270 -0.038727712 0.999165416 -0.012990914 -3.081942320 -0.224043310 0.003987211 0.974571049 107.533546448
0.974741280 0.038425427 0.220007300 59.154632568 -0.036757018 0.999256074 -0.011673559 -3.090469599 -0.220292181 0.003291886 0.975428402 108.256530762
0.975801587 0.034968242 0.215843663 59.337894440 -0.033647638 0.999385774 -0.009791109 -3.103763580 -0.216053456 0.002291551 0.976378858 108.988365173
0.976110458 0.033826798 0.214625731 59.501091003 -0.033202060 0.999427497 -0.006516269 -3.121402264 -0.214723274 -0.000765417 0.976674736 109.801765442
0.976474047 0.030643903 0.213446558 59.671340942 -0.030430850 0.999527752 -0.004284404 -3.131448269 -0.213477015 -0.002311750 0.976945400 110.532028198
0.976542532 0.025881467 0.213763595 59.822769165 -0.025714083 0.999662936 -0.003564004 -3.134321451 -0.213783786 -0.002016332 0.976878881 111.371994019
0.976721346 0.025932712 0.212938711 60.001155853 -0.026136253 0.999656677 -0.001859549 -3.146876335 -0.212913796 -0.003749160 0.977063775 112.137107849
0.976332188 0.031681646 0.213943347 60.157531738 -0.031624559 0.999493003 -0.003690256 -3.157596350 -0.213951826 -0.003162949 0.976839066 112.948242188
0.976260900 0.037023272 0.213410109 60.347129822 -0.036316369 0.999314129 -0.007233157 -3.163641453 -0.213531539 -0.000688833 0.976935923 113.742439270
0.975711167 0.045037415 0.214381173 60.507228851 -0.044156715 0.998984993 -0.008897690 -3.171902657 -0.214564309 -0.000784793 0.976709545 114.545974731
0.974904358 0.051481448 0.216589957 60.683403015 -0.050857294 0.998670101 -0.008458296 -3.181746483 -0.216737360 -0.002769150 0.976225972 115.368965149
0.974011540 0.053952109 0.219978899 60.847923279 -0.053788461 0.998529613 -0.006737885 -3.196833611 -0.220018968 -0.005269551 0.975481391 116.166740417
0.973266840 0.054303914 0.223165214 61.006591797 -0.054079819 0.998511255 -0.007120126 -3.215779305 -0.223219618 -0.005138953 0.974754632 116.956573486
0.972951472 0.052614242 0.224937975 61.196529388 -0.051652014 0.998613358 -0.010164537 -3.225117207 -0.225160867 -0.001728897 0.974320114 117.763092041
0.973047137 0.046519011 0.225865558 61.396141052 -0.045874253 0.998914421 -0.008105272 -3.252719402 -0.225997359 -0.002474600 0.974124789 118.580329895
0.973242640 0.040215559 0.226233155 61.590438843 -0.038974930 0.999190629 -0.009949694 -3.266240835 -0.226450175 0.000866046 0.974022388 119.395759583
0.973091304 0.039098363 0.227078155 61.788688660 -0.037777796 0.999234498 -0.010160257 -3.282166481 -0.227301568 0.001308344 0.973823488 120.218887329
0.972602487 0.041726995 0.228698805 61.964691162 -0.041261207 0.999125063 -0.006820044 -3.303197622 -0.228783295 -0.002803196 0.973473370 120.997566223
0.972068131 0.043929648 0.230550885 62.129867554 -0.044707693 0.998998404 -0.001850918 -3.309282780 -0.230401263 -0.008508175 0.973058462 121.763244629
0.971771836 0.047082748 0.231176540 62.323917389 -0.049060628 0.998791814 0.002811164 -3.329508781 -0.230764896 -0.014073477 0.972907782 122.563751221
0.971630812 0.046602443 0.231866404 62.520683289 -0.046935964 0.998889565 -0.004081126 -3.340560436 -0.231799170 -0.006917525 0.972739100 123.358764648
0.971878111 0.042543057 0.231609732 62.703918457 -0.039399974 0.999058127 -0.018181512 -3.361734629 -0.232165098 0.008544796 0.972638905 124.148643494
