1 -7.05643e-18 -1.74746e-17 6.93889e-18 5.8804e-18 1 3.3944e-19 0 1.74851e-17 -7.84163e-19 1 -5.55112e-17
0.999035 -0.000154151 0.0439182 -0.00504745 0.000232276 0.999998 -0.00177378 -0.00180014 -0.0439178 0.00178227 0.999034 0.488578
0.996062 -0.00379797 0.0885758 0.0326877 0.0043358 0.999973 -0.00588029 -0.016236 -0.0885511 0.00624118 0.996052 1.22532
0.990874 -0.00426684 0.134727 0.177411 0.00564017 0.999936 -0.00981341 -0.0512103 -0.134676 0.0104837 0.990834 2.25706
0.983341 -0.00274738 0.181752 0.357127 0.00514591 0.999906 -0.0127265 -0.0714057 -0.181699 0.0134498 0.983262 3.28763
0.973768 -0.00496751 0.22749 0.601625 0.00808013 0.999886 -0.0127532 -0.110585 -0.2274 0.0142568 0.973697 4.27683
0.961728 -0.0058931 0.273942 0.853466 0.0101737 0.999847 -0.014208 -0.139746 -0.273816 0.0164512 0.961641 5.24127
0.948183 -0.00881561 0.317603 1.16735 0.0149683 0.999745 -0.0169374 -0.173148 -0.317373 0.0208137 0.948072 6.1941
0.932796 -0.0104315 0.360254 1.5119 0.0183241 0.999661 -0.0185001 -0.226862 -0.359939 0.0238581 0.932671 7.09619
0.915107 -0.0103027 0.403079 1.9147 0.0197418 0.999619 -0.0192693 -0.253533 -0.402727 0.025591 0.914963 8.00812
0.89572 -0.0113548 0.444473 2.34321 0.0217798 0.999594 -0.0183553 -0.290255 -0.444085 0.0261217 0.895604 8.89161
0.873928 -0.011362 0.485922 2.81207 0.0226375 0.999593 -0.0173404 -0.32831 -0.485528 0.0261543 0.87383 9.72927
0.849668 -0.0114598 0.527194 3.34757 0.0239201 0.999572 -0.0168236 -0.359237 -0.526776 0.026905 0.849578 10.5658
0.82352 -0.0114503 0.567171 3.85977 0.0252499 0.999545 -0.0164831 -0.394341 -0.566724 0.0278951 0.823435 11.3485
0.796453 -0.0135294 0.604549 4.45071 0.0290225 0.999453 -0.0158682 -0.436868 -0.604003 0.0301838 0.79641 12.1162
0.767529 -0.0128036 0.640886 5.07374 0.0303237 0.999406 -0.0163497 -0.459184 -0.640297 0.0319829 0.767462 12.8753
0.736879 -0.0159386 0.675837 5.72368 0.0355496 0.999252 -0.0151946 -0.503083 -0.675089 0.0352223 0.736895 13.5867
0.705061 -0.0153468 0.708981 6.41057 0.0363884 0.999232 -0.0145576 -0.535498 -0.708212 0.0360627 0.705078 14.258
0.67099 -0.0145804 0.741323 7.12989 0.0384676 0.999145 -0.0151668 -0.563306 -0.740467 0.0386937 0.670977 14.8851
0.635473 -0.0154117 0.771969 7.85086 0.0426679 0.998974 -0.0151799 -0.602375 -0.770943 0.0425847 0.635479 15.4841
0.599314 -0.0141855 0.800388 8.62626 0.043755 0.998929 -0.0150586 -0.632043 -0.799317 0.0440459 0.599293 16.0672
0.561801 -0.013444 0.827163 9.40152 0.0472235 0.998759 -0.0158408 -0.67388 -0.825923 0.0479609 0.561739 16.5923
0.523524 -0.0121542 0.851924 10.2033 0.0519688 0.998492 -0.0176906 -0.709358 -0.850424 0.053535 0.523366 17.077
0.48434 -0.0108992 0.874812 11.0568 0.0545479 0.998353 -0.0177622 -0.733711 -0.873177 0.0563221 0.484137 17.5394
0.445787 -0.0125603 0.895051 11.927 0.0597705 0.998088 -0.0157629 -0.759855 -0.893141 0.0605245 0.445685 17.9577
0.408206 -0.0131968 0.912795 12.7933 0.0639294 0.997854 -0.0141629 -0.796578 -0.910649 0.0641358 0.408173 18.358
0.37306 -0.0111223 0.927741 13.7063 0.0656854 0.997736 -0.0144517 -0.821938 -0.925479 0.0663304 0.372946 18.7138
0.339965 -0.0115331 0.940367 14.609 0.0665584 0.997712 -0.011826 -0.84595 -0.93808 0.0666098 0.339955 19.0256
0.306312 -0.0129249 0.951843 15.5462 0.069158 0.997568 -0.00870995 -0.866663 -0.949416 0.0684956 0.306461 19.3104
0.273336 -0.0129079 0.961832 16.4883 0.0700452 0.997523 -0.00651878 -0.89582 -0.959365 0.0691535 0.273563 19.5718
0.240826 -0.0100548 0.970516 17.4463 0.0675275 0.997697 -0.00642007 -0.917098 -0.968216 0.0670827 0.24095 19.8098
0.210345 -0.00812428 0.977594 18.414 0.0676254 0.997691 -0.00625937 -0.927838 -0.975286 0.0674268 0.210408 20.0338
0.180275 -0.00792966 0.983584 19.4139 0.0700624 0.997531 -0.00479925 -0.951193 -0.981118 0.0697775 0.180386 20.2033
0.149192 -0.00800249 0.988776 20.4293 0.0713856 0.997445 -0.0026984 -0.966868 -0.986228 0.070987 0.149382 20.3493
0.119212 -0.00840178 0.992833 21.4743 0.0704752 0.997514 -2.07742e-05 -0.982853 -0.990364 0.0699726 0.119508 20.4732
0.0890111 -0.00854204 0.995994 22.5183 0.071118 0.997465 0.00219891 -0.992289 -0.993488 0.0706374 0.0893929 20.577
0.0621715 -0.00829256 0.998031 23.5849 0.0737418 0.997271 0.00369256 -1.00064 -0.995337 0.0733671 0.0626133 20.6438
0.0370756 -0.00778385 0.999282 24.6507 0.077786 0.996958 0.00487971 -1.00972 -0.99628 0.0775492 0.0375682 20.6747
0.0143216 -0.00715175 0.999872 25.727 0.0822977 0.99659 0.00594949 -1.0106 -0.996505 0.082202 0.0148613 20.6833
-0.00591334 -0.0074813 0.999955 26.8264 0.0880464 0.996084 0.00797302 -1.0238 -0.996099 0.0880896 -0.00523148 20.6657
-0.02285 -0.00776763 0.999709 27.9217 0.0923985 0.995673 0.0098482 -1.02382 -0.99546 0.0925967 -0.0220334 20.6358
-0.038541 -0.00771699 0.999227 29.0444 0.0954695 0.995367 0.0113695 -1.02794 -0.994686 0.0958339 -0.0376257 20.5957
-0.0531467 -0.0082035 0.998553 30.1842 0.0978108 0.995115 0.0133811 -1.0307 -0.993785 0.0983805 -0.0520847 20.5275
-0.0666595 -0.00902498 0.997735 31.3278 0.0983682 0.995028 0.0155726 -1.02747 -0.992915 0.0991835 -0.0654403 20.4556
-0.0781485 -0.0089139 0.996902 32.479 0.0982684 0.995021 0.0166005 -1.02675 -0.992087 0.0992613 -0.0768835 20.363
-0.0904392 -0.00602177 0.995884 33.6487 0.0980711 0.995068 0.014923 -1.01777 -0.991061 0.0990171 -0.0894026 20.2647
-0.0998618 -0.00261317 0.994998 34.8259 0.098675 0.995041 0.0125167 -1.01429 -0.990096 0.0994314 -0.0991087 20.1396
-0.108486 -0.000213633 0.994098 36.0184 0.0996626 0.994959 0.01109 -1.0091 -0.98909 0.100277 -0.107918 19.9986
-0.116966 0.000851777 0.993136 37.217 0.0992948 0.994999 0.010841 -1.00938 -0.98816 0.0998813 -0.116466 19.8724
-0.122665 0.0016602 0.992447 38.4625 0.0993115 0.995 0.0106103 -1.002 -0.987467 0.0998629 -0.122217 19.717
-0.128281 0.00280339 0.991734 39.7366 0.0998165 0.994955 0.0100988 -1.00548 -0.986702 0.100287 -0.127914 19.5584
-0.133212 0.0047605 0.991076 41.0011 0.0991243 0.995038 0.00854392 -0.998968 -0.986118 0.0993779 -0.133023 19.3872
-0.136899 0.00531535 0.990571 42.317 0.0992009 0.995032 0.00837052 -0.99881 -0.985605 0.0994114 -0.136746 19.2046
-0.140607 0.00469132 0.990054 43.6344 0.0992508 0.995018 0.00938074 -1.00005 -0.985078 0.0995826 -0.140373 19.0352
-0.143438 0.00268492 0.989656 44.9804 0.099807 0.994937 0.0117665 -0.997496 -0.984614 0.100462 -0.14298 18.8421
-0.145021 0.00188732 0.989427 46.3502 0.0999726 0.994908 0.0127553 -0.992049 -0.984365 0.100765 -0.144472 18.6411
-0.147315 0.00205704 0.989088 47.7371 0.101837 0.994715 0.0130989 -0.99056 -0.983833 0.102656 -0.146746 18.4338
-0.148165 0.00243421 0.98896 49.1541 0.102307 0.994669 0.0128794 -0.9781 -0.983656 0.103086 -0.147625 18.2247
-0.148935 0.00301955 0.988842 50.5814 0.103525 0.994548 0.0125556 -0.9766 -0.983413 0.10424 -0.148436 18.0105
-0.148703 0.00374249 0.988875 52.0195 0.103451 0.994565 0.0117925 -0.966158 -0.983456 0.104054 -0.148282 17.793
-0.148151 0.00470668 0.988954 53.505 0.102987 0.994625 0.0106943 -0.965546 -0.983588 0.103433 -0.147839 17.5763
-0.146987 0.00445975 0.989128 54.976 0.103235 0.994598 0.0108566 -0.965481 -0.983736 0.103709 -0.146653 17.362
-0.144901 0.00395181 0.989438 56.4861 0.103441 0.994573 0.0111764 -0.958687 -0.984024 0.103968 -0.144524 17.1385
-0.143035 0.00434003 0.989708 58.0097 0.103846 0.994536 0.0106469 -0.958302 -0.984254 0.104301 -0.142704 16.9205
-0.142342 0.00503067 0.989805 59.5571 0.104179 0.994509 0.0099272 -0.953714 -0.98432 0.10453 -0.142084 16.6953
-0.141626 0.00541695 0.989905 61.1257 0.10508 0.994417 0.00959227 -0.952817 -0.984327 0.105378 -0.141405 16.4696
-0.140418 0.00548428 0.990077 62.7198 0.10459 0.994472 0.00932481 -0.945767 -0.984553 0.104861 -0.140215 16.2519
-0.139628 0.0037851 0.990197 64.3323 0.10603 0.9943 0.0111505 -0.945975 -0.984511 0.106547 -0.139233 16.0205
-0.137865 0.00238978 0.990448 65.9565 0.108079 0.994062 0.0126455 -0.932156 -0.984536 0.10879 -0.137304 15.7912
-0.137507 0.00315093 0.990496 67.5995 0.109699 0.993892 0.0120675 -0.929654 -0.984407 0.110316 -0.137013 15.5688
-0.136473 0.00421832 0.990635 69.2319 0.111204 0.993736 0.0110882 -0.938683 -0.984382 0.111676 -0.136087 15.3347
-0.136166 0.00434672 0.990677 70.902 0.110707 0.993794 0.010856 -0.933627 -0.984481 0.111153 -0.135803 15.1111
-0.135902 0.00358255 0.990716 72.5672 0.110772 0.993778 0.0116016 -0.938956 -0.98451 0.11132 -0.135453 14.8911
-0.13583 0.00298994 0.990728 74.2752 0.111301 0.993711 0.0122606 -0.932741 -0.98446 0.111935 -0.135308 14.6588
-0.135595 0.00291925 0.99076 76.003 0.112384 0.993587 0.0124533 -0.933041 -0.98437 0.113034 -0.135054 14.4237
-0.134931 0.00282531 0.990851 77.7386 0.113538 0.993453 0.0126285 -0.927316 -0.984328 0.114203 -0.134369 14.1759
-0.136181 0.00370435 0.990677 79.4879 0.11385 0.993426 0.0119354 -0.924738 -0.98412 0.114414 -0.135707 13.9487
-0.137432 0.00457138 0.990501 81.2338 0.112946 0.993539 0.0110859 -0.918176 -0.984051 0.113397 -0.13706 13.7114
-0.138708 0.00512499 0.99032 83.0194 0.112196 0.99363 0.0105725 -0.92009 -0.983957 0.112576 -0.1384 13.4694
-0.140852 0.00551846 0.990015 84.7981 0.111555 0.993705 0.0103321 -0.921946 -0.983726 0.111896 -0.140581 13.2319
-0.140549 0.00474225 0.990062 86.5855 0.110911 0.99377 0.0109849 -0.924981 -0.983842 0.111353 -0.140199 12.9773
-0.141317 0.0042081 0.989956 88.4065 0.11094 0.993759 0.0116126 -0.928389 -0.983728 0.111467 -0.140902 12.7225
-0.141696 0.00333938 0.989905 90.2485 0.108733 0.993996 0.0122109 -0.920132 -0.98392 0.109366 -0.141208 12.4667
-0.143124 0.003807 0.989698 92.0843 0.108222 0.994056 0.0118266 -0.924713 -0.98377 0.1088 -0.142685 12.2089
-0.145795 0.0046132 0.989304 93.9648 0.107082 0.994188 0.0111448 -0.915609 -0.983503 0.107561 -0.145442 11.9373
-0.149397 0.00533732 0.988763 95.8245 0.107913 0.9941 0.010939 -0.919649 -0.982871 0.108335 -0.149092 11.656
-0.153636 0.00459074 0.988117 97.7087 0.106003 0.994295 0.0118624 -0.921362 -0.982425 0.106566 -0.153246 11.374
-0.158748 0.0040324 0.987311 99.6062 0.104707 0.994421 0.0127743 -0.916842 -0.981751 0.105407 -0.158285 11.0848
-0.1638 0.0044903 0.986483 101.517 0.103571 0.994541 0.0126704 -0.9187 -0.981042 0.104246 -0.163371 10.7856
-0.168738 0.00619619 0.985642 103.43 0.104029 0.994507 0.0115574 -0.92093 -0.980156 0.104485 -0.168456 10.4746
-0.171896 0.00761221 0.985086 105.343 0.103795 0.994544 0.0104268 -0.929234 -0.979632 0.10404 -0.171748 10.14
-0.17747 0.00815139 0.984092 107.29 0.102471 0.994683 0.0102404 -0.929487 -0.978777 0.102658 -0.177362 9.81065
-0.181359 0.00737312 0.983389 109.244 0.100421 0.994884 0.0110605 -0.934798 -0.978276 0.100758 -0.181172 9.45146
-0.186374 0.0072003 0.982452 111.186 0.0982806 0.995094 0.0113512 -0.927616 -0.977551 0.0986715 -0.186168 9.10254
-0.190798 0.00627013 0.981609 113.131 0.0982067 0.995085 0.0127325 -0.938824 -0.976704 0.09883 -0.190476 8.72735
-0.195781 0.00633982 0.980627 115.087 0.0982255 0.995077 0.0131774 -0.930724 -0.975716 0.0989025 -0.19544 8.35108
-0.200216 0.00742639 0.979724 117.056 0.0987241 0.995035 0.0126327 -0.938686 -0.974765 0.0992516 -0.199955 7.94304
-0.206659 0.00863327 0.978375 119.042 0.0980164 0.995113 0.0119227 -0.93321 -0.973491 0.0983607 -0.206496 7.54248
-0.212724 0.00852146 0.977075 121.02 0.0987007 0.995035 0.0128105 -0.939946 -0.972114 0.0991631 -0.212509 7.135
-0.219075 0.00835623 0.975672 123.021 0.0981151 0.995083 0.013508 -0.939681 -0.970762 0.0986875 -0.218818 6.70809
-0.222344 0.00928774 0.974924 124.997 0.0978394 0.995119 0.0128334 -0.93671 -0.970047 0.0982394 -0.222168 6.25323
-0.228874 0.00955827 0.973409 126.993 0.0967657 0.995223 0.0129797 -0.938093 -0.968635 0.0971634 -0.228705 5.79521
-0.233859 0.00916267 0.972227 129.007 0.0979853 0.995087 0.0141912 -0.932143 -0.96732 0.0985827 -0.233607 5.32617
-0.238345 0.00857133 0.971143 131.025 0.09975 0.994889 0.0157004 -0.926474 -0.966044 0.100614 -0.237981 4.83399
-0.239641 0.00877624 0.970822 133.04 0.100447 0.994817 0.0158016 -0.922349 -0.965651 0.101303 -0.23928 4.33278
-0.243607 0.00953436 0.969827 135.083 0.101097 0.994754 0.0156147 -0.911899 -0.96459 0.10185 -0.243293 3.824
-0.24711 0.00946127 0.968941 137.119 0.100308 0.99483 0.0158677 -0.899621 -0.963781 0.101114 -0.246782 3.32498
-0.250232 0.00943434 0.96814 139.147 0.0991614 0.994944 0.0159344 -0.90407 -0.963094 0.0999894 -0.249902 2.80911
-0.253586 0.00915252 0.96727 141.165 0.0971533 0.99514 0.0160541 -0.901326 -0.962422 0.0980445 -0.253242 2.29117
-0.256876 0.00955378 0.966397 143.214 0.0967387 0.995183 0.0158756 -0.887375 -0.96159 0.0975661 -0.256563 1.75001
-0.263407 0.0101128 0.964632 145.274 0.0967623 0.995179 0.0159893 -0.884641 -0.95982 0.0975517 -0.263116 1.21388
-0.269058 0.0110461 0.963061 147.343 0.0965792 0.995204 0.0155673 -0.875889 -0.958269 0.0972001 -0.268834 0.648594
-0.274941 0.0110183 0.961398 149.415 0.0961724 0.995235 0.0160973 -0.872276 -0.956639 0.0968858 -0.274691 0.0837449
-0.27918 0.0103694 0.960183 151.505 0.0957679 0.995257 0.017097 -0.863248 -0.955451 0.0967278 -0.278849 -0.505011
-0.283322 0.0106253 0.958966 153.59 0.0966813 0.995161 0.0175377 -0.858858 -0.954139 0.0976829 -0.282979 -1.11072
-0.288296 0.0107396 0.957481 155.707 0.0973259 0.995087 0.0181433 -0.852039 -0.952582 0.0984183 -0.287925 -1.73856
-0.291537 0.0120455 0.956484 157.817 0.0977627 0.99506 0.0172668 -0.834675 -0.951551 0.0985423 -0.291274 -2.37807
-0.295532 0.0133006 0.95524 159.907 0.0975756 0.995094 0.0163324 -0.83319 -0.950337 0.0980349 -0.29538 -2.99661
-0.298702 0.0145252 0.954236 162.031 0.0984529 0.995018 0.0156724 -0.824948 -0.949255 0.0986286 -0.298644 -3.64725
-0.301146 0.0151902 0.953457 164.142 0.0982309 0.995048 0.0151731 -0.819706 -0.948505 0.0982283 -0.301147 -4.29686
-0.30491 0.015105 0.952261 166.259 0.098301 0.995033 0.0156921 -0.818057 -0.947294 0.0983929 -0.304881 -4.97741
-0.308709 0.0152879 0.951034 168.381 0.0980683 0.995054 0.0158378 -0.813472 -0.946087 0.0981555 -0.308681 -5.65163
-0.31144 0.0157676 0.950135 170.488 0.0995528 0.994902 0.0161214 -0.802776 -0.945037 0.0996095 -0.311422 -6.33972
-0.314621 0.0158476 0.949085 172.607 0.101443 0.994696 0.0170191 -0.794731 -0.943781 0.101633 -0.31456 -7.0253
-0.317591 0.0155827 0.9481 174.765 0.102676 0.994551 0.018048 -0.784367 -0.942652 0.103079 -0.31746 -7.75575
-0.319114 0.0150858 0.947596 176.913 0.102726 0.994533 0.0187612 -0.777288 -0.942132 0.10333 -0.318919 -8.4776
-0.321849 0.0156713 0.946661 179.084 0.101772 0.994642 0.0181353 -0.764549 -0.941305 0.102181 -0.32172 -9.20101
-0.324614 0.0172265 0.94569 181.249 0.101144 0.994733 0.0165984 -0.756588 -0.940423 0.101039 -0.324646 -9.93881
-0.327738 0.0184848 0.944588 183.407 0.100094 0.994861 0.0152605 -0.750449 -0.939451 0.099549 -0.327904 -10.6768
-0.329843 0.0194034 0.943836 185.555 0.0990375 0.994983 0.0141558 -0.744601 -0.938826 0.0981444 -0.33011 -11.4172
-0.333248 0.0201449 0.942624 187.736 0.0975421 0.995144 0.013217 -0.741252 -0.93778 0.0963501 -0.333595 -12.1772
-0.336167 0.0206032 0.941577 189.916 0.0984344 0.995054 0.0133703 -0.745224 -0.936644 0.0971782 -0.336532 -12.9555
-0.340017 0.0195125 0.940217 192.095 0.0976665 0.995111 0.0146681 -0.740646 -0.935334 0.0968151 -0.340261 -13.715
-0.34196 0.0190664 0.939521 194.306 0.0979221 0.995074 0.0154472 -0.741495 -0.934599 0.0972822 -0.342142 -14.5373
-0.345846 0.018727 0.938104 196.465 0.0981018 0.995043 0.016303 -0.740331 -0.933149 0.097668 -0.345969 -15.3161
-0.349323 0.019097 0.936808 198.667 0.0975887 0.995097 0.0161042 -0.733825 -0.931907 0.0970474 -0.349473 -16.1255
-0.353082 0.0194444 0.93539 200.85 0.0961189 0.995248 0.0155933 -0.722801 -0.930642 0.0954144 -0.353273 -16.9397
-0.355171 0.0195278 0.934597 203.051 0.0959895 0.995259 0.0156833 -0.722463 -0.92986 0.0952818 -0.355362 -17.773
-0.35863 0.0203167 0.933259 205.246 0.0970822 0.995153 0.0156423 -0.72663 -0.928418 0.0962126 -0.358864 -18.6017
-0.360986 0.0201355 0.932354 207.439 0.0983498 0.995014 0.0165901 -0.722429 -0.927371 0.0976856 -0.361166 -19.4496
-0.362607 0.0198566 0.931731 209.634 0.100152 0.994813 0.0177758 -0.717607 -0.926545 0.0997605 -0.362715 -20.3071
-0.36482 0.0201794 0.930859 211.807 0.101212 0.9947 0.0181034 -0.710137 -0.92556 0.100819 -0.364929 -21.1522
-0.36624 0.0208859 0.930286 214.01 0.101395 0.994691 0.017586 -0.708 -0.92498 0.100767 -0.366413 -22.0224
-0.369679 0.0210582 0.928921 216.221 0.100392 0.994796 0.0174009 -0.697223 -0.92372 0.0996886 -0.369869 -22.8932
-0.371448 0.0221386 0.92819 218.426 0.100358 0.994816 0.0164343 -0.694097 -0.923014 0.0992562 -0.371744 -23.7677
-0.374583 0.0230399 0.926907 220.62 0.0996908 0.994897 0.0155573 -0.690048 -0.921818 0.0982316 -0.374969 -24.6578
-0.376431 0.0230569 0.926158 222.813 0.0980174 0.995071 0.0150661 -0.690771 -0.921245 0.0964509 -0.376836 -25.5282
-0.379916 0.0239127 0.924712 225.042 0.0986985 0.995007 0.0148196 -0.693095 -0.91974 0.0968978 -0.380379 -26.4586
-0.380895 0.0237004 0.924315 227.25 0.100809 0.994777 0.0160344 -0.699654 -0.919107 0.0992863 -0.381294 -27.3785
-0.383706 0.0228472 0.923173 229.431 0.101266 0.994706 0.0174727 -0.690959 -0.917886 0.100191 -0.383988 -28.2847
-0.385907 0.0222873 0.922268 231.632 0.10069 0.994753 0.0180932 -0.685195 -0.917026 0.0998457 -0.386127 -29.2025
-0.388905 0.0225181 0.921003 233.857 0.0996402 0.994865 0.0177502 -0.680029 -0.915874 0.098672 -0.389151 -30.1373
-0.390871 0.0219839 0.920183 236.053 0.0981964 0.995005 0.0179399 -0.665059 -0.915192 0.0973708 -0.391078 -31.0794
-0.393137 0.0214189 0.919231 238.263 0.0974925 0.995064 0.0185097 -0.656569 -0.914297 0.0968949 -0.393284 -32.0267
-0.398789 0.0211181 0.9168 240.447 0.0964146 0.99516 0.0190153 -0.654577 -0.91196 0.0959759 -0.398895 -32.9458
-0.402787 0.0206243 0.915062 242.645 0.09525 0.995262 0.0194947 -0.636522 -0.910324 0.0950119 -0.402843 -33.9269
-0.406464 0.0201664 0.913444 244.858 0.0944344 0.995329 0.0200472 -0.628578 -0.908773 0.0944091 -0.40647 -34.891
-0.408602 0.0199101 0.912495 247.027 0.0936424 0.995401 0.0202126 -0.620579 -0.907896 0.0937072 -0.408587 -35.857
-0.412415 0.0203075 0.91077 249.205 0.0936293 0.995402 0.0202028 -0.613913 -0.906172 0.0936066 -0.41242 -36.8147
-0.414587 0.0209012 0.90977 251.363 0.0945003 0.99532 0.0201976 -0.605828 -0.90509 0.0943472 -0.414622 -37.795
-0.418481 0.0210863 0.907981 253.532 0.0944515 0.99532 0.0204173 -0.592216 -0.903301 0.0943044 -0.418514 -38.7848
-0.42086 0.0213677 0.906874 255.688 0.0935444 0.995415 0.019958 -0.581667 -0.902289 0.0932325 -0.420929 -39.785
-0.427051 0.0214365 0.903973 257.86 0.0933214 0.995425 0.0204813 -0.556344 -0.899399 0.0931066 -0.427098 -40.8112
-0.428756 0.0221194 0.90315 260.009 0.0942016 0.995345 0.0203433 -0.539226 -0.898496 0.0938005 -0.428844 -41.8232
-0.431535 0.0234236 0.901792 262.188 0.0957201 0.995208 0.0199549 -0.526072 -0.897003 0.0949309 -0.431709 -42.8648
-0.43338 0.0254877 0.900851 264.353 0.0978032 0.995026 0.0188988 -0.508883 -0.895889 0.0962965 -0.433717 -43.9107
-0.435487 0.0264021 0.899808 266.512 0.0991297 0.994897 0.0187844 -0.494698 -0.89472 0.097378 -0.435882 -44.9529
-0.437916 0.0280692 0.898578 268.671 0.100728 0.994751 0.0180159 -0.484537 -0.893355 0.0984017 -0.438445 -45.9969
-0.439873 0.0306751 0.897536 270.849 0.1028 0.994567 0.0163896 -0.472949 -0.892157 0.0994757 -0.440636 -47.0541
-0.441724 0.0312478 0.896607 273.02 0.103811 0.99446 0.0164858 -0.456891 -0.891125 0.10036 -0.442521 -48.1309
-0.443609 0.0322778 0.895639 275.182 0.104205 0.994431 0.0157744 -0.447795 -0.890142 0.100328 -0.444502 -49.1995
-0.446882 0.0324128 0.894005 277.384 0.103614 0.994493 0.0157368 -0.432041 -0.888572 0.0996635 -0.44778 -50.2782
-0.449152 0.0338852 0.892813 279.589 0.104538 0.99441 0.0148494 -0.415451 -0.887318 0.100003 -0.450184 -51.3864
-0.453014 0.0339413 0.890857 281.783 0.103556 0.994514 0.0147692 -0.410071 -0.885468 0.0989442 -0.454044 -52.4802
-0.454396 0.0341331 0.890145 283.984 0.102579 0.994623 0.0142244 -0.400048 -0.884874 0.0977734 -0.455454 -53.5879
-0.456216 0.0344951 0.8892 286.213 0.104075 0.994459 0.0148187 -0.388537 -0.883762 0.0993042 -0.457278 -54.7269
-0.457229 0.0347138 0.888671 288.444 0.105789 0.994266 0.0155909 -0.378457 -0.883035 0.101141 -0.45828 -55.8801
-0.45813 0.0348495 0.888202 290.667 0.107033 0.994123 0.0162016 -0.362215 -0.882417 0.102489 -0.459168 -57.0357
-0.459027 0.034306 0.88776 292.94 0.106996 0.994116 0.0169075 -0.350817 -0.881956 0.102747 -0.459997 -58.2132
-0.459919 0.0341535 0.887304 295.19 0.106988 0.994112 0.0171906 -0.329999 -0.881492 0.102837 -0.460865 -59.3742
-0.461098 0.0341816 0.88669 297.453 0.108418 0.993941 0.0180636 -0.311717 -0.880701 0.104462 -0.462011 -60.546
-0.462109 0.0340066 0.886171 299.722 0.108854 0.993883 0.0186237 -0.295479 -0.880117 0.105069 -0.462984 -61.7296
-0.46238 0.0346915 0.886003 301.992 0.108883 0.993893 0.0179071 -0.279482 -0.879971 0.104751 -0.463334 -62.9212
-0.463711 0.0370022 0.885214 304.247 0.108119 0.994023 0.0150866 -0.260223 -0.879365 0.102704 -0.46494 -64.0983
-0.466046 0.0368587 0.883992 306.547 0.107095 0.994135 0.0150099 -0.247623 -0.878255 0.101666 -0.46726 -65.306
-0.469352 0.035097 0.882314 308.845 0.105264 0.994308 0.016444 -0.235623 -0.876715 0.100594 -0.470375 -66.5043
-0.472123 0.0335419 0.880894 311.167 0.103501 0.994474 0.0176055 -0.215215 -0.875435 0.0994851 -0.472986 -67.735
-0.484471 0.0308248 0.874264 313.43 0.102442 0.994502 0.0217038 -0.226591 -0.868788 0.100076 -0.484965 -68.9065
-0.4878 0.0309018 0.872408 315.743 0.10267 0.994468 0.022182 -0.197956 -0.866897 0.100391 -0.488274 -70.1881
-0.490538 0.0320773 0.870829 318.046 0.104526 0.994273 0.022255 -0.168941 -0.865128 0.101941 -0.491081 -71.4691
-0.493636 0.0332127 0.869034 320.36 0.105696 0.994154 0.022044 -0.137602 -0.863222 0.102736 -0.494261 -72.7772
-0.496144 0.0329569 0.867614 322.663 0.106462 0.994048 0.0231207 -0.110753 -0.861688 0.103839 -0.4967 -74.0825
-0.503304 0.0312569 0.863544 324.942 0.105895 0.994044 0.0257389 -0.0749491 -0.857596 0.1044 -0.503616 -75.4405
-0.507432 0.0296929 0.86118 327.234 0.104495 0.994151 0.027294 -0.0411084 -0.855333 0.103839 -0.507566 -76.7712
-0.510986 0.0296237 0.859079 329.567 0.104036 0.994191 0.0275987 -0.00843671 -0.85327 0.103478 -0.511099 -78.1601
-0.515875 0.0292419 0.856165 331.857 0.103097 0.994273 0.0281615 0.0363526 -0.850437 0.102796 -0.515935 -79.5251
-0.520585 0.0292967 0.853307 334.128 0.104267 0.994112 0.0294799 0.0704762 -0.84742 0.104318 -0.520574 -80.8987
-0.524306 0.0286264 0.851049 336.401 0.104477 0.994046 0.0309287 0.109531 -0.845096 0.105131 -0.524175 -82.2804
-0.530621 0.0274422 0.847165 338.699 0.102553 0.994212 0.0320284 0.153503 -0.841382 0.103874 -0.530364 -83.6902
-0.534039 0.0267899 0.845036 340.969 0.102317 0.9942 0.0331426 0.204656 -0.839246 0.104161 -0.533682 -85.0903
-0.537384 0.0260783 0.842934 343.221 0.102674 0.99411 0.0347008 0.253854 -0.837064 0.105195 -0.536896 -86.5225
-0.54014 0.0248203 0.841209 345.495 0.10021 0.99435 0.0350058 0.298805 -0.835588 0.103205 -0.539576 -87.9708
-0.544035 0.0238841 0.838722 347.744 0.0965063 0.994742 0.0342716 0.351003 -0.833494 0.0995869 -0.54348 -89.3897
-0.546783 0.0230762 0.836957 350.007 0.0927503 0.995137 0.0331562 0.402409 -0.832121 0.0957572 -0.546264 -90.8481
-0.549358 0.0206626 0.835332 352.251 0.0902484 0.995313 0.0347321 0.453414 -0.830699 0.0944677 -0.548648 -92.3085
-0.553044 0.0197298 0.832919 354.491 0.0908013 0.995192 0.0367169 0.516188 -0.828189 0.0959361 -0.552176 -93.7654
-0.555931 0.0202236 0.830982 356.748 0.0909096 0.995186 0.0365991 0.575339 -0.826242 0.0958909 -0.555093 -95.2554
-0.558777 0.0188846 0.829103 358.978 0.0880892 0.995436 0.0366949 0.629127 -0.824626 0.0935392 -0.557891 -96.7454
-0.562582 0.015616 0.826594 361.208 0.0862871 0.99547 0.0399208 0.692451 -0.822226 0.0937832 -0.561381 -98.2461
-0.564633 0.0133354 0.825235 363.429 0.0847935 0.995516 0.0419294 0.755907 -0.820975 0.0936492 -0.563231 -99.7505
-0.569035 0.0125454 0.822218 365.69 0.0829883 0.995655 0.0422423 0.834206 -0.818115 0.0922718 -0.567604 -101.268
-0.572606 0.0125125 0.819735 367.912 0.0823739 0.995702 0.0423418 0.902147 -0.815682 0.09177 -0.571175 -102.77
-0.573834 0.0120913 0.818882 370.154 0.0824923 0.995659 0.0431052 0.974166 -0.814806 0.0922867 -0.57234 -104.337
-0.57568 0.0111556 0.817599 372.371 0.0822117 0.99563 0.0443014 1.04636 -0.813532 0.0927197 -0.574081 -105.891
-0.578802 0.00996255 0.815408 374.559 0.0795521 0.995846 0.0443014 1.11329 -0.811579 0.0905091 -0.57719 -107.417
-0.581745 0.00710066 0.81334 376.74 0.0699217 0.996697 0.0413104 1.17953 -0.81036 0.0809022 -0.58032 -108.938
-0.583894 0.00977294 0.811771 378.944 0.0620413 0.997541 0.0326158 1.2495 -0.809456 0.0694075 -0.583064 -110.479
-0.586307 0.0191647 0.809862 381.06 0.0712766 0.997063 0.0280067 1.27249 -0.806947 0.0741447 -0.585951 -112.003
-0.587075 0.0204459 0.809274 383.223 0.0795861 0.996296 0.0325635 1.30789 -0.805611 0.0835241 -0.586528 -113.577
-0.589001 0.0106407 0.808062 385.404 0.0785686 0.99593 0.0441546 1.3733 -0.804304 0.0894955 -0.58744 -115.147
-0.591263 0.000180512 0.806479 387.588 0.072509 0.995962 0.0529365 1.46747 -0.803212 0.0897763 -0.588889 -116.724
-0.594388 -0.0057897 0.804158 389.786 0.0667725 0.996166 0.0565266 1.57492 -0.801401 0.0872943 -0.591722 -118.303
-0.59622 -0.00607246 0.802798 391.925 0.0657974 0.996238 0.0564019 1.68298 -0.80012 0.08645 -0.593577 -119.863
-0.598363 -0.00105253 0.801224 394.057 0.0714074 0.99595 0.0546362 1.7757 -0.798037 0.0899056 -0.595864 -121.449
-0.599734 0.00485088 0.800184 396.184 0.0755802 0.995855 0.0506099 1.85488 -0.796622 0.0908306 -0.597615 -123.025
-0.602003 0.00781064 0.798456 398.311 0.0765451 0.995912 0.0479697 1.937 -0.794816 0.0899957 -0.60014 -124.616
-0.60395 0.00782068 0.796984 400.442 0.0767092 0.99588 0.0483574 2.02396 -0.793322 0.0903414 -0.602062 -126.215
-0.60609 0.00720197 0.795364 402.555 0.0773959 0.995748 0.0499615 2.11214 -0.791622 0.091839 -0.60407 -127.804
-0.608335 0.00638531 0.793655 404.688 0.0778576 0.995625 0.0516674 2.20649 -0.789852 0.0932231 -0.606171 -129.427
-0.609821 0.0063279 0.792514 406.794 0.0780417 0.995588 0.0521019 2.29527 -0.788687 0.093622 -0.607624 -131.025
-0.610616 0.00655627 0.791899 408.904 0.0785467 0.995536 0.0523234 2.38822 -0.788022 0.0941506 -0.608406 -132.645
-0.610311 0.00695458 0.792131 410.979 0.0794656 0.995455 0.052486 2.4748 -0.788166 0.09498 -0.60809 -134.238
-0.61153 0.00632814 0.791196 413.084 0.0804033 0.995289 0.0541848 2.57082 -0.787125 0.0967504 -0.609158 -135.85
-0.610951 0.00547571 0.79165 415.18 0.0822236 0.995007 0.0565732 2.67259 -0.787387 0.0996557 -0.60835 -137.481
-0.612175 0.00495155 0.790707 417.293 0.0841126 0.994714 0.0588918 2.77765 -0.786236 0.10256 -0.609355 -139.104
-0.612271 0.00487133 0.790633 419.393 0.0825452 0.99491 0.0577936 2.87935 -0.786327 0.100648 -0.609557 -140.715
-0.613539 0.00505361 0.789649 421.511 0.0786961 0.995393 0.0547747 2.98416 -0.785734 0.0957486 -0.611109 -142.337
-0.613745 0.00454333 0.789491 423.591 0.0757233 0.995712 0.0531367 3.08135 -0.785864 0.0923953 -0.611457 -143.95
-0.613759 0.00410715 0.789483 425.7 0.0757025 0.995685 0.0536727 3.18377 -0.785856 0.0927079 -0.611421 -145.594
-0.612857 0.0029145 0.790189 427.803 0.0741264 0.995796 0.0538183 3.27312 -0.786709 0.0915567 -0.610496 -147.216
-0.613355 0.00217485 0.789804 429.919 0.0716077 0.996031 0.0528672 3.37462 -0.786554 0.0889825 -0.611076 -148.835
-0.612992 0.00155558 0.790088 432.018 0.0705209 0.996114 0.0527526 3.47567 -0.786936 0.0880547 -0.61072 -150.462
-0.614055 -8.21145e-05 0.789263 434.118 0.0704765 0.996 0.0549351 3.56925 -0.78611 0.0893577 -0.611593 -152.069
-0.60903 -0.001285 0.793146 436.204 0.0733208 0.995625 0.0579136 3.67754 -0.789751 0.0934252 -0.606271 -153.711
-0.606495 -0.00337607 0.79508 438.322 0.0775208 0.994975 0.0633585 3.79298 -0.791299 0.100062 -0.603186 -155.329
-0.603281 -0.00480321 0.797514 440.432 0.0811966 0.994416 0.0674104 3.92263 -0.793384 0.105423 -0.599522 -156.952
-0.600394 -0.00649244 0.799678 442.55 0.0768474 0.994871 0.0657737 4.05275 -0.796004 0.100943 -0.596815 -158.537
-0.598131 -0.00681899 0.801369 444.672 0.0698549 0.995714 0.0606115 4.17418 -0.798348 0.0922332 -0.595091 -160.114
-0.593895 -0.00856512 0.804497 446.799 0.0649658 0.996167 0.0585647 4.29239 -0.801915 0.0870461 -0.591063 -161.688
-0.591801 -0.00878724 0.806036 448.925 0.0634996 0.996325 0.0574839 4.40618 -0.803579 0.085202 -0.589068 -163.242
-0.58851 -0.00883613 0.808441 451.06 0.0647512 0.996213 0.0580245 4.50997 -0.805892 0.0864956 -0.58571 -164.786
-0.584489 -0.00879019 0.811354 453.208 0.0656719 0.996148 0.0581015 4.62126 -0.80874 0.0872429 -0.581661 -166.342
-0.580821 -0.00810459 0.813991 455.334 0.0636202 0.99644 0.0553171 4.72061 -0.811542 0.0839156 -0.578237 -167.869
-0.579483 -0.0122755 0.814892 457.494 0.0572597 0.996802 0.055734 4.82325 -0.812971 0.0789574 -0.576927 -169.375
-0.5769 -0.0175067 0.816627 459.663 0.0498814 0.997149 0.0566151 4.93509 -0.81529 0.0733957 -0.574383 -170.909
-0.574048 -0.0207992 0.818558 461.843 0.0423793 0.997583 0.0550684 5.03913 -0.817724 0.0663018 -0.571779 -172.442
-0.571944 -0.0210686 0.820022 464.015 0.0412378 0.997668 0.0543951 5.14145 -0.819255 0.0649268 -0.569742 -173.945
-0.569507 -0.0216571 0.821701 466.178 0.0430088 0.997498 0.0560991 5.23762 -0.82086 0.0672893 -0.567151 -175.454
-0.56652 -0.022902 0.82373 468.355 0.0447952 0.99728 0.0585351 5.33921 -0.822829 0.0700604 -0.563953 -176.954
-0.563393 -0.025077 0.825808 470.531 0.0439363 0.997215 0.0602569 5.45056 -0.82502 0.0702313 -0.560723 -178.438
-0.560741 -0.0254818 0.827599 472.716 0.0420815 0.997358 0.0592211 5.56507 -0.826921 0.0680343 -0.558186 -179.92
-0.558393 -0.0243341 0.82922 474.906 0.0413096 0.997514 0.0570906 5.67663 -0.828547 0.0661337 -0.556 -181.396
-0.555787 -0.0228557 0.831011 477.104 0.0420249 0.997571 0.0555433 5.78179 -0.830262 0.0657934 -0.553476 -182.857
-0.553594 -0.0227047 0.832477 479.314 0.0440885 0.997427 0.0565222 5.88536 -0.831618 0.067993 -0.551169 -184.333
-0.550671 -0.023272 0.834398 481.514 0.0457059 0.997271 0.0579788 5.98935 -0.83347 0.0700642 -0.548105 -185.804
-0.547565 -0.0234863 0.836434 483.719 0.0462795 0.997226 0.0582978 6.10241 -0.835482 0.0706316 -0.544959 -187.258
-0.544556 -0.0244824 0.838367 485.935 0.0457584 0.997218 0.0588432 6.20739 -0.837475 0.0704058 -0.541921 -188.706
-0.542346 -0.0254921 0.839768 488.125 0.0458433 0.997153 0.0598766 6.32274 -0.838903 0.0709716 -0.539633 -190.12
-0.539843 -0.0266568 0.841344 490.336 0.0455771 0.997107 0.0608362 6.43516 -0.840531 0.071188 -0.537066 -191.546
-0.538115 -0.0260071 0.84247 492.55 0.0449479 0.997216 0.0594939 6.5494 -0.841672 0.0698818 -0.535448 -192.951
-0.535005 -0.025085 0.844476 494.787 0.0451947 0.997278 0.0582564 6.65953 -0.843639 0.0693333 -0.532415 -194.382
-0.532561 -0.0254718 0.846008 497.017 0.0459464 0.997203 0.0589472 6.76905 -0.845144 0.070264 -0.529901 -195.793
-0.530639 -0.0268382 0.847173 499.241 0.0455203 0.997154 0.0601019 6.8792 -0.846374 0.0704559 -0.527908 -197.183
-0.528045 -0.0280673 0.848752 501.477 0.044352 0.997178 0.0605689 6.99832 -0.848057 0.069627 -0.52531 -198.585
-0.526724 -0.02904 0.84954 503.72 0.0435134 0.997185 0.0610658 7.11261 -0.848922 0.0691312 -0.523978 -199.965
-0.525194 -0.028528 0.850504 505.953 0.0441149 0.997181 0.0606893 7.22482 -0.849838 0.0693935 -0.522455 -201.345
-0.522824 -0.0282191 0.851974 508.209 0.0448233 0.997159 0.0605343 7.34287 -0.851261 0.069837 -0.520074 -202.745
-0.521321 -0.029816 0.85284 510.46 0.0446569 0.997067 0.0621561 7.45594 -0.852191 0.0704885 -0.518461 -204.121
-0.519355 -0.0313391 0.853984 512.705 0.0440817 0.997014 0.0633964 7.57915 -0.853421 0.0705703 -0.516423 -205.489
-0.517444 -0.0323146 0.855107 514.981 0.0435366 0.996998 0.0640217 7.6998 -0.854609 0.0703561 -0.514484 -206.869
-0.515762 -0.0322764 0.856124 517.241 0.0427853 0.997073 0.0633658 7.82479 -0.855663 0.0693112 -0.512871 -208.223
-0.514139 -0.0316627 0.857123 519.507 0.0430388 0.997107 0.0626503 7.94384 -0.856627 0.0691005 -0.511288 -209.574
-0.511733 -0.0315551 0.858565 521.772 0.0439494 0.997055 0.0628403 8.06351 -0.858019 0.0698909 -0.50884 -210.935
-0.509645 -0.0319828 0.85979 524.041 0.0439268 0.997038 0.063126 8.18336 -0.859263 0.0699397 -0.50673 -212.283
-0.506724 -0.0316914 0.861526 526.32 0.0441475 0.997059 0.0626432 8.30601 -0.860977 0.069777 -0.503834 -213.635
-0.505314 -0.031677 0.862354 528.58 0.043413 0.997127 0.0620664 8.4227 -0.861843 0.0688004 -0.502488 -214.953
-0.503295 -0.0324599 0.863505 530.852 0.0432463 0.997096 0.0626879 8.543 -0.863032 0.0688939 -0.50043 -216.271
-0.501579 -0.033625 0.864458 533.122 0.043503 0.997 0.064022 8.66632 -0.864017 0.0697186 -0.498612 -217.586
-0.499103 -0.0351598 0.865829 535.412 0.0431003 0.996933 0.0653287 8.78842 -0.86547 0.0699233 -0.496057 -218.913
-0.496018 -0.0345597 0.867624 537.702 0.0437461 0.996944 0.0647203 8.91652 -0.867209 0.0700576 -0.49299 -220.232
-0.494207 -0.0340688 0.868677 539.993 0.044674 0.996916 0.0645142 9.03758 -0.868196 0.0706906 -0.491161 -221.537
-0.492218 -0.0344811 0.869789 542.276 0.045284 0.996848 0.0651445 9.1626 -0.869293 0.0714529 -0.489105 -222.831
-0.48999 -0.0351636 0.871019 544.574 0.04528 0.996811 0.0657141 9.29139 -0.870551 0.0716389 -0.486835 -224.128
-0.487726 -0.0355721 0.872272 546.9 0.044712 0.99684 0.0656526 9.42533 -0.871851 0.0710215 -0.484594 -225.434
-0.485186 -0.0352407 0.873701 549.209 0.045015 0.996856 0.065206 9.54951 -0.873252 0.0709666 -0.482074 -226.726
-0.483089 -0.0365503 0.874808 551.515 0.044894 0.99678 0.0664379 9.68126 -0.87442 0.0713691 -0.479892 -227.998
-0.482096 -0.0381241 0.875289 553.81 0.0446118 0.996689 0.0679833 9.81695 -0.874982 0.0718227 -0.478799 -229.254
-0.480861 -0.0391462 0.875922 556.121 0.0438743 0.996677 0.0686288 9.95234 -0.875698 0.0714314 -0.477546 -230.525
-0.478399 -0.0378866 0.877325 558.426 0.0436215 0.99681 0.0668329 10.0849 -0.877058 0.0702431 -0.47522 -231.788
-0.476505 -0.0354878 0.878455 560.757 0.0436854 0.996995 0.063973 10.2206 -0.878086 0.0688591 -0.473523 -233.047
-0.473915 -0.0351802 0.879868 563.069 0.0438278 0.997021 0.063471 10.3424 -0.879479 0.0686425 -0.470961 -234.311
-0.471774 -0.0369151 0.880946 565.399 0.0443993 0.996861 0.0655496 10.4798 -0.880601 0.070038 -0.468654 -235.567
-0.469968 -0.0384796 0.881845 567.749 0.0453837 0.996675 0.0676769 10.6082 -0.881516 0.0718273 -0.466658 -236.819
-0.468106 -0.038047 0.882853 570.087 0.0462814 0.996646 0.0674903 10.7407 -0.88246 0.0724522 -0.464775 -238.058
-0.465883 -0.0375645 0.884049 572.426 0.0464824 0.99668 0.066846 10.8774 -0.883625 0.0722351 -0.46259 -239.294
-0.463479 -0.0372305 0.885325 574.772 0.0468203 0.996692 0.0664249 11.0111 -0.88487 0.0722377 -0.460203 -240.532
-0.46168 -0.0372019 0.886266 577.126 0.048172 0.996594 0.0669272 11.1452 -0.885737 0.0735922 -0.458316 -241.753
-0.458351 -0.0383401 0.887944 579.477 0.0488336 0.996473 0.0682339 11.2755 -0.887428 0.0746366 -0.454863 -242.982
-0.455847 -0.039176 0.889196 581.822 0.0489656 0.996414 0.069002 11.4138 -0.88871 0.0749943 -0.452294 -244.194
-0.453628 -0.0392879 0.890325 584.18 0.0491685 0.996403 0.0690206 11.5481 -0.889834 0.0750856 -0.450064 -245.396
-0.451525 -0.039412 0.891388 586.533 0.0499223 0.996343 0.0693402 11.6826 -0.890861 0.075809 -0.447906 -246.585
-0.448646 -0.0403235 0.8928 588.906 0.050552 0.996237 0.0703984 11.8222 -0.892279 0.0767167 -0.444919 -247.79
-0.445576 -0.0414332 0.894285 591.278 0.0496218 0.99625 0.0708814 11.9693 -0.893868 0.0759591 -0.441849 -248.973
-0.442632 -0.0429339 0.895675 593.628 0.0482488 0.996266 0.0715996 12.1104 -0.895404 0.0749075 -0.438907 -250.136
-0.439814 -0.0419771 0.897107 596.019 0.0482187 0.996363 0.070261 12.2547 -0.896793 0.0741591 -0.43619 -251.307
-0.435911 -0.0409656 0.899057 598.4 0.0496129 0.996351 0.0694538 12.3952 -0.898621 0.0748805 -0.432288 -252.472
-0.433038 -0.0404756 0.900466 600.777 0.0510139 0.99629 0.0693156 12.5287 -0.899931 0.0759526 -0.429367 -253.62
-0.42954 -0.0413261 0.902102 603.144 0.0512898 0.996223 0.0700597 12.6638 -0.90159 0.0763621 -0.425798 -254.752
-0.425996 -0.0422401 0.903739 605.51 0.0516675 0.996143 0.0709136 12.8114 -0.903249 0.0769028 -0.42217 -255.887
-0.423132 -0.0417764 0.905104 607.897 0.0516929 0.996196 0.070147 12.9456 -0.904592 0.0764689 -0.419363 -256.998
-0.419564 -0.0418066 0.906762 610.287 0.0516335 0.996222 0.0698223 13.0802 -0.906256 0.0761143 -0.415821 -258.11
-0.417049 -0.0419297 0.907916 612.679 0.0513415 0.996253 0.0695929 13.221 -0.907433 0.0756374 -0.413334 -259.211
-0.413687 -0.0427824 0.909413 615.062 0.0513935 0.996205 0.070244 13.3582 -0.908967 0.075797 -0.409918 -260.306
-0.410836 -0.0431388 0.910688 617.458 0.0510532 0.996224 0.070222 13.4983 -0.910279 0.0753433 -0.407082 -261.396
-0.406668 -0.0440378 0.912514 619.856 0.050213 0.99625 0.0704566 13.6337 -0.912195 0.0744726 -0.402932 -262.473
-0.402822 -0.0442407 0.914209 622.265 0.0493009 0.996332 0.069938 13.779 -0.91395 0.0732439 -0.399163 -263.551
-0.400317 -0.0439442 0.915322 624.677 0.0477974 0.996489 0.0687451 13.9147 -0.915129 0.0712699 -0.396811 -264.605
-0.397593 -0.0442231 0.916496 627.114 0.0489737 0.996391 0.069324 14.0559 -0.916254 0.0724469 -0.393992 -265.673
-0.394913 -0.0458436 0.917574 629.534 0.0493132 0.996257 0.0709985 14.2013 -0.917394 0.0732867 -0.391174 -266.724
-0.391498 -0.0466987 0.918993 631.957 0.0485696 0.996271 0.0713166 14.3457 -0.918896 0.0725555 -0.38777 -267.766
-0.389208 -0.0459166 0.920005 634.386 0.0483913 0.996359 0.0701993 14.4876 -0.919878 0.0718423 -0.385569 -268.79
-0.386845 -0.044297 0.92108 636.805 0.048366 0.996496 0.0682372 14.6249 -0.920875 0.0709461 -0.383347 -269.795
-0.382473 -0.0430323 0.922964 639.251 0.048894 0.996573 0.0667257 14.7623 -0.922672 0.0706481 -0.379058 -270.825
-0.379617 -0.0428356 0.924152 641.668 0.0492945 0.996572 0.0664412 14.894 -0.923829 0.0707778 -0.376204 -271.818
-0.376724 -0.0438093 0.925289 644.099 0.0500735 0.996457 0.0675658 15.0287 -0.924971 0.0717861 -0.373195 -272.814
-0.37365 -0.0450699 0.926474 646.554 0.0506871 0.996334 0.0689107 15.1603 -0.926184 0.0727087 -0.369996 -273.809
-0.370412 -0.0455729 0.927749 649.006 0.0507087 0.996314 0.0691868 15.3014 -0.927482 0.0726726 -0.366736 -274.798
-0.366625 -0.0452898 0.929266 651.455 0.0508966 0.996342 0.0686392 15.4376 -0.928976 0.0724613 -0.362979 -275.766
-0.36298 -0.0450033 0.93071 653.92 0.0506392 0.996404 0.0679294 15.5745 -0.93042 0.0717874 -0.359396 -276.731
-0.359291 -0.0453955 0.932121 656.356 0.0511665 0.996356 0.0682462 15.7117 -0.931822 0.0722136 -0.355659 -277.68
-0.355395 -0.0456244 0.933602 658.815 0.0516721 0.996322 0.0683595 15.8464 -0.933287 0.0725358 -0.351731 -278.628
-0.351735 -0.0460354 0.934967 661.279 0.0516605 0.996313 0.0684907 15.9876 -0.934673 0.0723914 -0.34806 -279.571
-0.34741 -0.0465085 0.936559 663.742 0.0514859 0.996317 0.0685744 16.1179 -0.936299 0.0720431 -0.343736 -280.493
-0.343204 -0.0457178 0.938148 666.233 0.0519105 0.996365 0.0675453 16.2507 -0.937825 0.0718815 -0.339583 -281.423
-0.338569 -0.0462887 0.939802 668.693 0.0518662 0.996353 0.0677591 16.3861 -0.939511 0.0716851 -0.334933 -282.318
-0.333413 -0.0471294 0.941602 671.185 0.0529712 0.996236 0.0686206 16.5223 -0.941292 0.0727567 -0.329661 -283.225
-0.328804 -0.0470728 0.943224 673.686 0.0537122 0.996208 0.0684408 16.6585 -0.94287 0.0731663 -0.325029 -284.117
-0.325111 -0.0462126 0.944546 676.18 0.0538872 0.996277 0.0672914 16.7958 -0.944139 0.0727762 -0.321411 -284.98
-0.320728 -0.044839 0.94611 678.648 0.054447 0.996354 0.0656776 16.9239 -0.945605 0.0725774 -0.317117 -285.825
-0.316315 -0.0451664 0.947579 681.139 0.0551971 0.996297 0.0659141 17.0508 -0.947047 0.0731532 -0.312651 -286.662
-0.310792 -0.0461078 0.949359 683.615 0.056715 0.996143 0.0669469 17.18 -0.948784 0.0746495 -0.306979 -287.498
-0.306066 -0.0470838 0.950845 686.117 0.0569532 0.996082 0.0676564 17.3098 -0.950305 0.074861 -0.302185 -288.322
-0.30174 -0.0476044 0.952201 688.614 0.0568268 0.996079 0.0678057 17.4455 -0.951695 0.0745702 -0.297852 -289.122
-0.296978 -0.0480306 0.953676 691.142 0.0568497 0.996073 0.0678691 17.5802 -0.95319 0.0743718 -0.293081 -289.929
