1.000000e+00 -1.734723e-18 0.000000e+00 0.000000e+00 -1.734723e-18 1.000000e+00 0.000000e+00 1.387779e-17 1.084202e-19 -8.673617e-19 1.000000e+00 0.000000e+00
9.998119e-01 4.495462e-04 1.939100e-02 -5.814404e-02 -4.326041e-04 9.999995e-01 -8.778966e-04 1.322835e-02 -1.939138e-02 8.693427e-04 9.998116e-01 1.423480e-01
9.987694e-01 -2.326291e-03 4.954008e-02 -1.070451e-01 2.533743e-03 9.999883e-01 -4.125175e-03 1.038676e-02 -4.952989e-02 4.245620e-03 9.987636e-01 6.605148e-01
9.947047e-01 -3.581480e-03 1.027115e-01 3.009284e-02 4.438635e-03 9.999572e-01 -8.117936e-03 -3.009264e-02 -1.026780e-01 8.530848e-03 9.946781e-01 1.868542e+00
9.882741e-01 -2.276615e-03 1.526731e-01 1.985341e-01 3.970926e-03 9.999339e-01 -1.079365e-02 -5.494854e-02 -1.526384e-01 1.127333e-02 9.882178e-01 2.952611e+00
9.794018e-01 -4.897026e-03 2.018618e-01 4.359239e-01 7.300925e-03 9.999110e-01 -1.116580e-02 -8.812355e-02 -2.017892e-01 1.240958e-02 9.793504e-01 4.046139e+00
9.689327e-01 -6.066270e-03 2.472502e-01 6.409772e-01 9.332408e-03 9.998840e-01 -1.204007e-02 -1.171456e-01 -2.471485e-01 1.397345e-02 9.688769e-01 5.008924e+00
9.560713e-01 -9.014481e-03 2.929957e-01 9.292050e-01 1.385620e-02 9.997995e-01 -1.445359e-02 -1.510048e-01 -2.928066e-01 1.787846e-02 9.560045e-01 6.007436e+00
9.418505e-01 -1.088884e-02 3.358557e-01 1.244642e+00 1.725277e-02 9.997236e-01 -1.597027e-02 -2.043036e-01 -3.355889e-01 2.083604e-02 9.417781e-01 6.943964e+00
9.256810e-01 -1.120171e-02 3.781391e-01 1.636572e+00 1.893485e-02 9.996806e-01 -1.673853e-02 -2.335467e-01 -3.778308e-01 2.265455e-02 9.255975e-01 7.867773e+00
9.069680e-01 -1.210172e-02 4.210257e-01 2.020670e+00 2.058072e-02 9.996665e-01 -1.560087e-02 -2.698505e-01 -4.206964e-01 2.281451e-02 9.069145e-01 8.788811e+00
8.861118e-01 -1.221169e-02 4.633106e-01 2.469090e+00 2.147957e-02 9.996607e-01 -1.473258e-02 -2.971319e-01 -4.629734e-01 2.300642e-02 8.860735e-01 9.656931e+00
8.625903e-01 -1.224696e-02 5.057549e-01 3.016677e+00 2.257278e-02 9.996430e-01 -1.429244e-02 -3.321299e-01 -5.053992e-01 2.374482e-02 8.625589e-01 1.051523e+01
8.384085e-01 -1.235363e-02 5.449024e-01 3.492042e+00 2.380778e-02 9.996190e-01 -1.396895e-02 -3.634830e-01 -5.445221e-01 2.468460e-02 8.383831e-01 1.132596e+01
8.120519e-01 -1.421781e-02 5.834120e-01 4.055793e+00 2.681091e-02 9.995565e-01 -1.295885e-02 -3.992493e-01 -5.829690e-01 2.616507e-02 8.120730e-01 1.212386e+01
7.835824e-01 -1.447598e-02 6.211192e-01 4.652850e+00 2.885228e-02 9.994978e-01 -1.310447e-02 -4.161862e-01 -6.206175e-01 2.818914e-02 7.836066e-01 1.290741e+01
7.540822e-01 -1.760053e-02 6.565442e-01 5.275361e+00 3.369151e-02 9.993614e-01 -1.190610e-02 -4.652176e-01 -6.559152e-01 3.109814e-02 7.541936e-01 1.364368e+01
7.224373e-01 -1.688664e-02 6.912303e-01 5.959025e+00 3.432586e-02 9.993450e-01 -1.146174e-02 -4.823502e-01 -6.905839e-01 3.200746e-02 7.225437e-01 1.435554e+01
6.890383e-01 -1.615885e-02 7.245448e-01 6.695049e+00 3.621984e-02 9.992699e-01 -1.215910e-02 -5.144035e-01 -7.238192e-01 3.462098e-02 6.891205e-01 1.500496e+01
6.545813e-01 -1.715074e-02 7.557971e-01 7.378556e+00 4.005381e-02 9.991253e-01 -1.201743e-02 -5.541651e-01 -7.549298e-01 3.813894e-02 6.546957e-01 1.563526e+01
6.173990e-01 -1.612658e-02 7.864849e-01 8.161874e+00 4.117674e-02 9.990817e-01 -1.183838e-02 -5.685024e-01 -7.855717e-01 3.969389e-02 6.174961e-01 1.626547e+01
5.812327e-01 -1.586961e-02 8.135827e-01 8.885234e+00 4.429667e-02 9.989444e-01 -1.216080e-02 -6.080008e-01 -8.125308e-01 4.310726e-02 5.813221e-01 1.681324e+01
5.430974e-01 -1.487742e-02 8.395380e-01 9.673203e+00 4.857633e-02 9.987252e-01 -1.372567e-02 -6.447756e-01 -8.382634e-01 4.823605e-02 5.431277e-01 1.732433e+01
5.035706e-01 -1.314508e-02 8.638541e-01 1.056398e+01 5.075832e-02 9.986072e-01 -1.439321e-02 -6.653155e-01 -8.624617e-01 5.109578e-02 5.035365e-01 1.780084e+01
4.655043e-01 -1.486991e-02 8.849208e-01 1.143987e+01 5.576623e-02 9.983649e-01 -1.255912e-02 -6.883646e-01 -8.832869e-01 5.519501e-02 4.655724e-01 1.824914e+01
4.289956e-01 -1.577025e-02 9.031690e-01 1.228137e+01 5.964082e-02 9.981604e-01 -1.089987e-02 -7.209152e-01 -9.013355e-01 5.854173e-02 4.291470e-01 1.869439e+01
3.928320e-01 -1.408173e-02 9.195025e-01 1.320619e+01 6.079319e-02 9.980932e-01 -1.068690e-02 -7.450604e-01 -9.175985e-01 6.009765e-02 3.929390e-01 1.908099e+01
3.602614e-01 -1.458327e-02 9.327375e-01 1.410954e+01 6.222638e-02 9.980265e-01 -8.430325e-03 -7.698999e-01 -9.307736e-01 6.107800e-02 3.604579e-01 1.940776e+01
3.266643e-01 -1.601403e-02 9.450048e-01 1.504277e+01 6.481794e-02 9.978820e-01 -5.495847e-03 -7.880647e-01 -9.429151e-01 6.304856e-02 3.270105e-01 1.972368e+01
2.940586e-01 -1.627739e-02 9.556488e-01 1.599323e+01 6.584956e-02 9.978242e-01 -3.266538e-03 -8.116693e-01 -9.535163e-01 6.388961e-02 2.944907e-01 1.999844e+01
2.615532e-01 -1.381307e-02 9.650903e-01 1.697222e+01 6.318625e-02 9.979977e-01 -2.840313e-03 -8.251916e-01 -9.631185e-01 6.172333e-02 2.619023e-01 2.026742e+01
2.299387e-01 -1.181426e-02 9.731335e-01 1.793652e+01 6.337000e-02 9.979860e-01 -2.857522e-03 -8.369348e-01 -9.711397e-01 6.232452e-02 2.302242e-01 2.054333e+01
1.992463e-01 -1.147323e-02 9.798824e-01 1.895218e+01 6.513970e-02 9.978749e-01 -1.561407e-03 -8.603747e-01 -9.777820e-01 6.414034e-02 1.995702e-01 2.075628e+01
1.685435e-01 -1.175783e-02 9.856242e-01 1.998464e+01 6.651170e-02 9.977855e-01 5.292875e-04 -8.684838e-01 -9.834476e-01 6.546633e-02 1.689523e-01 2.091788e+01
1.380150e-01 -1.200015e-02 9.903575e-01 2.103191e+01 6.573138e-02 9.978331e-01 2.930490e-03 -8.788340e-01 -9.882465e-01 6.469311e-02 1.385047e-01 2.105722e+01
1.089391e-01 -1.233041e-02 9.939720e-01 2.209492e+01 6.623053e-02 9.977912e-01 5.118933e-03 -8.840022e-01 -9.918395e-01 6.527363e-02 1.095152e-01 2.118320e+01
8.126805e-02 -1.239102e-02 9.966153e-01 2.317619e+01 6.872653e-02 9.976124e-01 6.799173e-03 -8.905005e-01 -9.943199e-01 6.794136e-02 8.192561e-02 2.129757e+01
5.651954e-02 -1.207297e-02 9.983286e-01 2.424638e+01 7.262766e-02 9.973274e-01 7.949107e-03 -8.958561e-01 -9.957563e-01 7.205698e-02 5.724532e-02 2.134903e+01
3.421673e-02 -1.182959e-02 9.993445e-01 2.533312e+01 7.705814e-02 9.969845e-01 9.163250e-03 -8.942054e-01 -9.964392e-01 7.669409e-02 3.502512e-02 2.137108e+01
1.291963e-02 -1.241800e-02 9.998395e-01 2.645066e+01 8.234512e-02 9.965397e-01 1.131298e-02 -9.025675e-01 -9.965201e-01 8.218574e-02 1.389749e-02 2.138006e+01
-5.270463e-03 -1.252243e-02 9.999078e-01 2.755968e+01 8.672502e-02 9.961483e-01 1.293247e-02 -8.982239e-01 -9.962183e-01 8.678518e-02 -4.164154e-03 2.138040e+01
-2.123326e-02 -1.252845e-02 9.996961e-01 2.868588e+01 8.980116e-02 9.958558e-01 1.438768e-02 -9.024216e-01 -9.957333e-01 9.007936e-02 -2.002019e-02 2.135868e+01
-3.510081e-02 -1.313456e-02 9.992975e-01 2.983063e+01 9.205595e-02 9.956201e-01 1.631974e-02 -8.987395e-01 -9.951349e-01 9.256412e-02 -3.373796e-02 2.132203e+01
-4.860196e-02 -1.399567e-02 9.987202e-01 3.099106e+01 9.259060e-02 9.955332e-01 1.845686e-02 -8.912191e-01 -9.945173e-01 9.336915e-02 -4.708900e-02 2.127590e+01
-6.153174e-02 -1.396661e-02 9.980075e-01 3.216258e+01 9.277431e-02 9.954932e-01 1.965139e-02 -8.860105e-01 -9.937840e-01 9.379863e-02 -5.995869e-02 2.119928e+01
-7.237568e-02 -1.134022e-02 9.973130e-01 3.333956e+01 9.255666e-02 9.955440e-01 1.803700e-02 -8.750272e-01 -9.930735e-01 9.361340e-02 -7.100357e-02 2.110824e+01
-8.162826e-02 -8.094197e-03 9.966300e-01 3.452433e+01 9.300998e-02 9.955413e-01 1.570327e-02 -8.709777e-01 -9.923134e-01 9.397837e-02 -8.051147e-02 2.101573e+01
-9.211227e-02 -6.047205e-03 9.957303e-01 3.571372e+01 9.379891e-02 9.954823e-01 1.472278e-02 -8.589446e-01 -9.913208e-01 9.475457e-02 -9.112891e-02 2.090182e+01
-9.994863e-02 -5.070323e-03 9.949797e-01 3.691218e+01 9.370854e-02 9.954943e-01 1.448624e-02 -8.481592e-01 -9.905700e-01 9.468598e-02 -9.902315e-02 2.078362e+01
-1.053967e-01 -4.515472e-03 9.944201e-01 3.816635e+01 9.361381e-02 9.955038e-01 1.444234e-02 -8.358590e-01 -9.900141e-01 9.461362e-02 -1.045001e-01 2.064379e+01
-1.118667e-01 -3.178303e-03 9.937182e-01 3.946331e+01 9.397744e-02 9.954792e-01 1.376334e-02 -8.280543e-01 -9.892694e-01 9.492675e-02 -1.110623e-01 2.049086e+01
-1.147459e-01 -1.125327e-03 9.933943e-01 4.073992e+01 9.342251e-02 9.955552e-01 1.191891e-02 -8.185477e-01 -9.889922e-01 9.417303e-02 -1.141307e-01 2.034257e+01
-1.178824e-01 -8.333241e-04 9.930273e-01 4.205889e+01 9.366526e-02 9.955320e-01 1.195445e-02 -8.135545e-01 -9.886002e-01 9.442137e-02 -1.172777e-01 2.021096e+01
-1.225869e-01 -1.384858e-03 9.924569e-01 4.340602e+01 9.371052e-02 9.955151e-01 1.296412e-02 -8.099180e-01 -9.880236e-01 9.459288e-02 -1.219074e-01 2.006266e+01
-1.256721e-01 -3.478709e-03 9.920658e-01 4.475700e+01 9.443920e-02 9.954107e-01 1.545373e-02 -8.034287e-01 -9.875665e-01 9.563200e-02 -1.247668e-01 1.987749e+01
-1.278250e-01 -3.798415e-03 9.917895e-01 4.613462e+01 9.463600e-02 9.953832e-01 1.600917e-02 -7.964103e-01 -9.872713e-01 9.590537e-02 -1.268754e-01 1.970133e+01
-1.299781e-01 -4.017819e-03 9.915088e-01 4.755848e+01 9.580099e-02 9.952622e-01 1.659170e-02 -7.802499e-01 -9.868778e-01 9.714408e-02 -1.289774e-01 1.952180e+01
-1.300354e-01 -3.234799e-03 9.915041e-01 4.897901e+01 9.678962e-02 9.951772e-01 1.594071e-02 -7.666773e-01 -9.867738e-01 9.804016e-02 -1.290952e-01 1.933991e+01
-1.308206e-01 -3.111837e-03 9.914012e-01 5.042800e+01 9.740251e-02 9.951168e-01 1.597627e-02 -7.523720e-01 -9.866096e-01 9.865499e-02 -1.298786e-01 1.914453e+01
-1.305769e-01 -2.076850e-03 9.914361e-01 5.188950e+01 9.780404e-02 9.950932e-01 1.496578e-02 -7.360181e-01 -9.866022e-01 9.892064e-02 -1.297331e-01 1.895497e+01
-1.300600e-01 -1.534845e-03 9.915050e-01 5.338524e+01 9.746696e-02 9.951357e-01 1.432563e-02 -7.291546e-01 -9.867038e-01 9.850217e-02 -1.292777e-01 1.876101e+01
-1.292123e-01 -1.528697e-03 9.916158e-01 5.486436e+01 9.759483e-02 9.951242e-01 1.425118e-02 -7.267959e-01 -9.868026e-01 9.861800e-02 -1.284331e-01 1.857033e+01
-1.274009e-01 -1.980745e-03 9.918494e-01 5.638788e+01 9.735782e-02 9.951439e-01 1.449272e-02 -7.095752e-01 -9.870615e-01 9.841068e-02 -1.265894e-01 1.838168e+01
-1.261960e-01 -1.736833e-03 9.920039e-01 5.793584e+01 9.749384e-02 9.951356e-01 1.414483e-02 -7.023237e-01 -9.872028e-01 9.849929e-02 -1.254128e-01 1.820454e+01
-1.263086e-01 -1.068996e-03 9.919905e-01 5.949607e+01 9.791271e-02 9.951029e-01 1.353942e-02 -6.903482e-01 -9.871470e-01 9.883862e-02 -1.255854e-01 1.800528e+01
-1.244087e-01 -9.418535e-04 9.922307e-01 6.109007e+01 9.884798e-02 9.950131e-01 1.333834e-02 -6.810520e-01 -9.872950e-01 9.973940e-02 -1.236952e-01 1.780259e+01
-1.238682e-01 -9.501928e-04 9.922983e-01 6.268470e+01 9.864828e-02 9.950339e-01 1.326704e-02 -6.715408e-01 -9.873829e-01 9.953188e-02 -1.231593e-01 1.760363e+01
-1.223147e-01 -2.740926e-03 9.924876e-01 6.433521e+01 9.920273e-02 9.949546e-01 1.497354e-02 -6.626601e-01 -9.875210e-01 1.002890e-01 -1.214257e-01 1.740080e+01
-1.215173e-01 -4.179246e-03 9.925806e-01 6.596802e+01 1.016551e-01 9.946806e-01 1.663329e-02 -6.502264e-01 -9.873701e-01 1.029221e-01 -1.204461e-01 1.720763e+01
-1.216325e-01 -3.498660e-03 9.925691e-01 6.763379e+01 1.033809e-01 9.945103e-01 1.617412e-02 -6.335059e-01 -9.871767e-01 1.045800e-01 -1.206031e-01 1.700811e+01
-1.202069e-01 -2.860766e-03 9.927448e-01 6.931184e+01 1.053044e-01 9.943174e-01 1.561612e-02 -6.340263e-01 -9.871480e-01 1.064175e-01 -1.192225e-01 1.679383e+01
-1.200392e-01 -2.808358e-03 9.927653e-01 7.099498e+01 1.035213e-01 9.945091e-01 1.533046e-02 -6.271401e-01 -9.873570e-01 1.046126e-01 -1.190893e-01 1.660755e+01
-1.199766e-01 -3.718453e-03 9.927698e-01 7.269448e+01 1.033878e-01 9.945089e-01 1.621942e-02 -6.214004e-01 -9.873786e-01 1.045862e-01 -1.189333e-01 1.641027e+01
-1.195445e-01 -4.087813e-03 9.928205e-01 7.442456e+01 1.040231e-01 9.944360e-01 1.661977e-02 -6.045439e-01 -9.873643e-01 1.052630e-01 -1.184541e-01 1.620196e+01
-1.200097e-01 -3.938661e-03 9.927650e-01 7.615440e+01 1.055757e-01 9.942709e-01 1.670708e-02 -5.948583e-01 -9.871430e-01 1.068168e-01 -1.189063e-01 1.599936e+01
-1.200807e-01 -4.177627e-03 9.927554e-01 7.790514e+01 1.067935e-01 9.941341e-01 1.710085e-02 -5.849017e-01 -9.870034e-01 1.080733e-01 -1.189302e-01 1.577696e+01
-1.193590e-01 -3.369794e-03 9.928455e-01 7.966194e+01 1.074459e-01 9.940774e-01 1.629103e-02 -5.710552e-01 -9.870201e-01 1.086217e-01 -1.182901e-01 1.558508e+01
-1.212327e-01 -2.799652e-03 9.926202e-01 8.142840e+01 1.065290e-01 9.941838e-01 1.581488e-02 -5.570070e-01 -9.868911e-01 1.076602e-01 -1.202294e-01 1.535817e+01
-1.217005e-01 -2.111974e-03 9.925647e-01 8.323038e+01 1.061833e-01 9.942314e-01 1.513489e-02 -5.500756e-01 -9.868708e-01 1.072357e-01 -1.207742e-01 1.514909e+01
-1.224292e-01 -1.990585e-03 9.924753e-01 8.502934e+01 1.054752e-01 9.943087e-01 1.500541e-02 -5.426734e-01 -9.868566e-01 1.065186e-01 -1.215224e-01 1.493753e+01
-1.246616e-01 -2.589954e-03 9.921960e-01 8.683198e+01 1.045522e-01 9.943950e-01 1.573185e-02 -5.357337e-01 -9.866753e-01 1.056974e-01 -1.236921e-01 1.473329e+01
-1.247090e-01 -2.774553e-03 9.921896e-01 8.867699e+01 1.050121e-01 9.943426e-01 1.597961e-02 -5.254609e-01 -9.866205e-01 1.061847e-01 -1.237121e-01 1.451830e+01
-1.250813e-01 -3.798070e-03 9.921393e-01 9.051814e+01 1.027686e-01 9.945640e-01 1.676364e-02 -5.089005e-01 -9.868096e-01 1.040576e-01 -1.240111e-01 1.429905e+01
-1.266373e-01 -3.201431e-03 9.919440e-01 9.239029e+01 1.022737e-01 9.946233e-01 1.626694e-02 -5.023018e-01 -9.866625e-01 1.035098e-01 -1.256290e-01 1.406820e+01
-1.283445e-01 -2.680891e-03 9.917261e-01 9.425792e+01 1.009066e-01 9.947713e-01 1.574798e-02 -4.842515e-01 -9.865827e-01 1.020929e-01 -1.274029e-01 1.383473e+01
-1.331113e-01 -2.178445e-03 9.910988e-01 9.614092e+01 1.014031e-01 9.947199e-01 1.580554e-02 -4.852670e-01 -9.858999e-01 1.026044e-01 -1.321876e-01 1.359016e+01
-1.375705e-01 -2.579180e-03 9.904887e-01 9.805709e+01 9.971679e-02 9.948800e-01 1.644043e-02 -4.717198e-01 -9.854597e-01 1.010301e-01 -1.366090e-01 1.333741e+01
-1.424693e-01 -2.987623e-03 9.897948e-01 9.997597e+01 9.800289e-02 9.950390e-01 1.710981e-02 -4.583205e-01 -9.849354e-01 9.944037e-02 -1.414697e-01 1.308327e+01
-1.479903e-01 -2.655414e-03 9.889853e-01 1.019068e+02 9.765977e-02 9.950697e-01 1.728542e-02 -4.441388e-01 -9.841551e-01 9.914215e-02 -1.470014e-01 1.280623e+01
-1.518355e-01 -1.338502e-03 9.884049e-01 1.038383e+02 9.819986e-02 9.950310e-01 1.643262e-02 -4.400976e-01 -9.835154e-01 9.955628e-02 -1.509496e-01 1.253308e+01
-1.560076e-01 6.368713e-05 9.877559e-01 1.057868e+02 9.724663e-02 9.951428e-01 1.529511e-02 -4.400667e-01 -9.829571e-01 9.844208e-02 -1.552560e-01 1.223533e+01
-1.615015e-01 8.781776e-04 9.868721e-01 1.077338e+02 9.617599e-02 9.952535e-01 1.485356e-02 -4.294880e-01 -9.821748e-01 9.731227e-02 -1.608194e-01 1.193949e+01
-1.657390e-01 -4.326428e-05 9.861697e-01 1.097160e+02 9.372628e-02 9.954727e-01 1.579563e-02 -4.274031e-01 -9.817056e-01 9.504797e-02 -1.649846e-01 1.163197e+01
-1.727777e-01 -3.763413e-04 9.849608e-01 1.116756e+02 9.131634e-02 9.956869e-01 1.639877e-02 -4.132375e-01 -9.807186e-01 9.277636e-02 -1.719981e-01 1.130214e+01
-1.776414e-01 -1.073806e-03 9.840948e-01 1.136376e+02 9.150143e-02 9.956493e-01 1.760356e-02 -4.089218e-01 -9.798321e-01 9.317320e-02 -1.767702e-01 1.097172e+01
-1.834663e-01 -1.246932e-03 9.830253e-01 1.156134e+02 9.181100e-02 9.956065e-01 1.839798e-02 -3.946410e-01 -9.787291e-01 9.362794e-02 -1.825458e-01 1.062463e+01
-1.893380e-01 -2.266744e-04 9.819120e-01 1.175877e+02 9.166879e-02 9.956285e-01 1.790596e-02 -3.880286e-01 -9.776236e-01 9.340096e-02 -1.884896e-01 1.022900e+01
-1.949185e-01 8.902295e-04 9.808191e-01 1.196051e+02 9.117546e-02 9.956860e-01 1.721560e-02 -3.754869e-01 -9.765724e-01 9.278227e-02 -1.941588e-01 9.852029e+00
-2.003345e-01 3.799023e-04 9.797275e-01 1.216146e+02 9.205059e-02 9.955836e-01 1.843644e-02 -3.679135e-01 -9.753936e-01 9.387795e-02 -1.994848e-01 9.473860e+00
-2.070210e-01 4.129192e-04 9.783365e-01 1.236097e+02 9.144785e-02 9.956299e-01 1.893062e-02 -3.638679e-01 -9.740531e-01 9.338580e-02 -2.061541e-01 9.071367e+00
-2.112915e-01 1.161008e-03 9.774225e-01 1.256319e+02 9.139638e-02 9.956413e-01 1.857470e-02 -3.494798e-01 -9.731405e-01 9.325755e-02 -2.104767e-01 8.652392e+00
-2.169218e-01 1.429790e-03 9.761880e-01 1.276290e+02 8.948520e-02 9.958177e-01 1.842625e-02 -3.386013e-01 -9.720788e-01 9.135143e-02 -2.161425e-01 8.213407e+00
-2.208012e-01 9.440686e-04 9.753184e-01 1.296592e+02 9.089653e-02 9.956672e-01 1.961420e-02 -3.178301e-01 -9.710739e-01 9.298390e-02 -2.199303e-01 7.755605e+00
-2.245492e-01 1.775128e-05 9.744628e-01 1.317032e+02 9.245196e-02 9.954896e-01 2.128593e-02 -3.055713e-01 -9.700671e-01 9.487073e-02 -2.235380e-01 7.292879e+00
-2.290823e-01 1.140895e-03 9.734065e-01 1.337502e+02 9.437427e-02 9.953144e-01 2.104355e-02 -2.866177e-01 -9.688213e-01 9.668523e-02 -2.281165e-01 6.825537e+00
-2.326036e-01 9.412603e-04 9.725712e-01 1.358149e+02 9.365348e-02 9.953741e-01 2.143518e-02 -2.675172e-01 -9.680519e-01 9.607058e-02 -2.316158e-01 6.338753e+00
-2.349443e-01 7.572951e-04 9.720086e-01 1.378745e+02 9.337615e-02 9.953923e-01 2.179445e-02 -2.453110e-01 -9.675133e-01 9.588290e-02 -2.339324e-01 5.864352e+00
-2.386667e-01 1.603030e-03 9.711003e-01 1.399187e+02 9.286577e-02 9.954533e-01 2.118033e-02 -2.270711e-01 -9.666509e-01 9.523701e-02 -2.377304e-01 5.381962e+00
-2.409885e-01 1.407497e-03 9.705270e-01 1.419754e+02 9.075926e-02 9.956495e-01 2.109222e-02 -2.052412e-01 -9.662749e-01 9.316729e-02 -2.400678e-01 4.873270e+00
-2.473323e-01 1.522261e-03 9.689296e-01 1.440620e+02 9.017654e-02 9.956947e-01 2.145447e-02 -1.906876e-01 -9.647252e-01 9.268110e-02 -2.464048e-01 4.362421e+00
-2.516459e-01 1.889734e-03 9.678176e-01 1.461446e+02 9.051074e-02 9.956614e-01 2.158994e-02 -1.729573e-01 -9.635777e-01 9.303090e-02 -2.507251e-01 3.845047e+00
-2.572709e-01 2.585127e-03 9.663359e-01 1.482637e+02 9.051799e-02 9.956641e-01 2.143533e-02 -1.564831e-01 -9.620905e-01 9.298547e-02 -2.563894e-01 3.294071e+00
-2.622848e-01 2.628341e-03 9.649870e-01 1.503564e+02 8.990040e-02 9.957138e-01 2.172302e-02 -1.339590e-01 -9.607937e-01 9.245033e-02 -2.613969e-01 2.753450e+00
-2.663110e-01 1.459568e-03 9.638861e-01 1.524758e+02 8.909911e-02 9.957546e-01 2.310927e-02 -1.098416e-01 -9.597602e-01 9.203564e-02 -2.653105e-01 2.200489e+00
-2.696870e-01 2.200591e-03 9.629456e-01 1.545773e+02 9.028114e-02 9.956505e-01 2.300922e-02 -9.382259e-02 -9.587065e-01 9.314111e-02 -2.687126e-01 1.627978e+00
-2.736504e-01 1.870556e-03 9.618275e-01 1.567309e+02 9.082419e-02 9.955800e-01 2.390427e-02 -6.896997e-02 -9.575314e-01 9.389861e-02 -2.726107e-01 1.008312e+00
-2.780084e-01 2.858733e-03 9.605745e-01 1.588389e+02 9.133087e-02 9.955440e-01 2.347008e-02 -4.162857e-02 -9.562269e-01 9.425498e-02 -2.770307e-01 4.260311e-01
-2.816128e-01 4.086688e-03 9.595195e-01 1.609448e+02 9.093344e-02 9.956039e-01 2.244801e-02 -2.517941e-02 -9.552095e-01 9.357405e-02 -2.807464e-01 -1.743087e-01
-2.842362e-01 5.263442e-03 9.587399e-01 1.630912e+02 9.185161e-02 9.955348e-01 2.176567e-02 -6.010476e-03 -9.543442e-01 9.424840e-02 -2.834505e-01 -7.755806e-01
-2.872326e-01 6.000169e-03 9.578421e-01 1.652067e+02 9.174445e-02 9.955553e-01 2.127543e-02 1.437819e-02 -9.534570e-01 9.398769e-02 -2.865065e-01 -1.359070e+00
-2.922196e-01 6.083530e-03 9.563320e-01 1.673659e+02 9.166079e-02 9.955544e-01 2.167510e-02 2.975844e-02 -9.519485e-01 9.399203e-02 -2.914781e-01 -2.038234e+00
-2.954137e-01 6.022010e-03 9.553505e-01 1.695266e+02 9.117510e-02 9.955937e-01 2.191751e-02 4.900236e-02 -9.510088e-01 9.357891e-02 -2.946611e-01 -2.691742e+00
-2.988249e-01 6.096971e-03 9.542886e-01 1.716675e+02 9.218335e-02 9.954877e-01 2.250600e-02 7.178905e-02 -9.498452e-01 9.469487e-02 -2.980385e-01 -3.341128e+00
-3.025761e-01 6.362462e-03 9.531041e-01 1.737985e+02 9.412606e-02 9.952891e-01 2.323756e-02 9.391363e-02 -9.484661e-01 9.674306e-02 -3.017495e-01 -3.983832e+00
-3.055564e-01 5.946896e-03 9.521555e-01 1.759820e+02 9.541238e-02 9.951387e-01 2.440345e-02 1.195443e-01 -9.473815e-01 9.830404e-02 -3.046384e-01 -4.721838e+00
-3.084096e-01 5.513163e-03 9.512377e-01 1.781661e+02 9.575785e-02 9.950836e-01 2.527926e-02 1.452139e-01 -9.464216e-01 9.888484e-02 -3.074213e-01 -5.397050e+00
-3.114318e-01 5.578465e-03 9.502522e-01 1.803581e+02 9.422696e-02 9.952358e-01 2.503902e-02 1.685446e-01 -9.455852e-01 9.733732e-02 -3.104737e-01 -6.091917e+00
-3.143244e-01 7.387285e-03 9.492869e-01 1.825179e+02 9.393762e-02 9.953040e-01 2.335890e-02 1.975410e-01 -9.446564e-01 9.651602e-02 -3.135423e-01 -6.791490e+00
-3.171995e-01 8.330489e-03 9.483223e-01 1.846893e+02 9.310619e-02 9.954042e-01 2.239855e-02 2.181685e-01 -9.437773e-01 9.539948e-02 -3.165174e-01 -7.510413e+00
-3.197933e-01 9.325491e-03 9.474415e-01 1.868870e+02 9.156223e-02 9.955757e-01 2.110606e-02 2.456334e-01 -9.430527e-01 9.349943e-02 -3.192323e-01 -8.231340e+00
-3.226405e-01 1.012170e-02 9.464675e-01 1.890959e+02 9.074013e-02 9.956680e-01 2.028447e-02 2.669961e-01 -9.421620e-01 9.242717e-02 -3.221613e-01 -8.979031e+00
-3.277434e-01 1.022927e-02 9.447115e-01 1.913056e+02 9.079477e-02 9.956541e-01 2.071804e-02 2.808835e-01 -9.403938e-01 9.256506e-02 -3.272478e-01 -9.729877e+00
-3.312663e-01 9.339839e-03 9.434911e-01 1.935025e+02 9.048489e-02 9.956567e-01 2.191364e-02 3.026588e-01 -9.391885e-01 9.263094e-02 -3.306726e-01 -1.046006e+01
-3.343903e-01 8.939161e-03 9.423924e-01 1.957833e+02 9.005942e-02 9.956819e-01 2.251126e-02 3.216564e-01 -9.381217e-01 9.239885e-02 -3.337514e-01 -1.126881e+01
-3.386627e-01 8.859198e-03 9.408662e-01 1.979908e+02 9.082541e-02 9.955938e-01 2.331790e-02 3.450821e-01 -9.365138e-01 9.335146e-02 -3.379752e-01 -1.205353e+01
-3.415920e-01 9.060157e-03 9.398047e-01 2.001823e+02 9.012906e-02 9.956608e-01 2.316069e-02 3.714675e-01 -9.355167e-01 9.261522e-02 -3.409263e-01 -1.281535e+01
-3.458513e-01 9.183131e-03 9.382445e-01 2.024287e+02 8.855565e-02 9.958080e-01 2.289644e-02 3.965243e-01 -9.341010e-01 9.100560e-02 -3.452147e-01 -1.364212e+01
-3.500595e-01 9.018733e-03 9.366841e-01 2.046309e+02 8.789759e-02 9.958579e-01 2.326079e-02 4.186462e-01 -9.325944e-01 9.047493e-02 -3.494022e-01 -1.444608e+01
-3.512957e-01 9.695386e-03 9.362144e-01 2.068680e+02 8.909128e-02 9.957551e-01 2.311773e-02 4.327982e-01 -9.320161e-01 9.152970e-02 -3.506683e-01 -1.526635e+01
-3.549326e-01 9.594702e-03 9.348427e-01 2.090911e+02 9.065865e-02 9.955879e-01 2.420230e-02 4.543952e-01 -9.304858e-01 9.334176e-02 -3.542364e-01 -1.609908e+01
-3.567615e-01 9.214277e-03 9.341501e-01 2.113368e+02 9.175008e-02 9.954626e-01 2.522125e-02 4.832983e-01 -9.296790e-01 9.470631e-02 -3.559882e-01 -1.695098e+01
-3.590583e-01 9.423232e-03 9.332676e-01 2.135271e+02 9.292333e-02 9.953415e-01 2.570063e-02 5.098116e-01 -9.286777e-01 9.595036e-02 -3.582613e-01 -1.777758e+01
-3.631938e-01 9.772049e-03 9.316624e-01 2.157600e+02 9.261694e-02 9.953710e-01 2.566497e-02 5.294781e-01 -9.270988e-01 9.560908e-02 -3.624176e-01 -1.862220e+01
-3.654531e-01 1.000634e-02 9.307760e-01 2.180396e+02 9.145796e-02 9.954898e-01 2.520735e-02 5.592531e-01 -9.263257e-01 9.433898e-02 -3.647200e-01 -1.950903e+01
-3.678106e-01 1.068342e-02 9.298394e-01 2.202531e+02 9.127143e-02 9.955205e-01 2.466560e-02 5.801484e-01 -9.254106e-01 9.394004e-02 -3.671381e-01 -2.035838e+01
-3.718150e-01 1.168898e-02 9.282333e-01 2.224631e+02 9.071768e-02 9.955922e-01 2.380085e-02 6.064069e-01 -9.238635e-01 9.305668e-02 -3.712365e-01 -2.123898e+01
-3.741735e-01 1.156250e-02 9.272867e-01 2.246528e+02 8.917467e-02 9.957371e-01 2.356724e-02 6.249800e-01 -9.230612e-01 9.150872e-02 -3.736095e-01 -2.207553e+01
-3.752814e-01 1.217752e-02 9.268310e-01 2.269477e+02 8.901161e-02 9.957660e-01 2.295827e-02 6.431967e-01 -9.226271e-01 9.111453e-02 -3.747764e-01 -2.303022e+01
-3.797310e-01 1.207576e-02 9.250182e-01 2.291771e+02 9.096964e-02 9.955560e-01 2.434752e-02 6.606809e-01 -9.206133e-01 9.339408e-02 -3.791420e-01 -2.393385e+01
-3.814599e-01 1.090122e-02 9.243212e-01 2.314155e+02 9.082435e-02 9.955342e-01 2.574140e-02 6.888562e-01 -9.199126e-01 9.377018e-02 -3.807465e-01 -2.485135e+01
-3.850669e-01 1.025353e-02 9.228318e-01 2.336447e+02 8.986853e-02 9.956027e-01 2.643706e-02 7.166517e-01 -9.185026e-01 9.311357e-02 -3.842951e-01 -2.574999e+01
-3.867417e-01 1.070854e-02 9.221259e-01 2.358898e+02 8.926136e-02 9.956721e-01 2.587380e-02 7.404672e-01 -9.178579e-01 9.231669e-02 -3.860238e-01 -2.667362e+01
-3.894824e-01 1.016774e-02 9.209778e-01 2.381000e+02 8.777185e-02 9.957980e-01 2.612504e-02 7.739897e-01 -9.168421e-01 9.101117e-02 -3.887383e-01 -2.758189e+01
-3.949406e-01 9.131158e-03 9.186613e-01 2.403321e+02 8.640226e-02 9.958877e-01 2.724633e-02 7.994662e-01 -9.146346e-01 9.013510e-02 -3.941054e-01 -2.853499e+01
-3.976785e-01 9.051410e-03 9.174803e-01 2.425227e+02 8.603020e-02 9.959139e-01 2.746428e-02 8.247025e-01 -9.134826e-01 8.985296e-02 -3.968322e-01 -2.945603e+01
-4.009130e-01 8.100112e-03 9.160804e-01 2.447593e+02 8.444225e-02 9.960307e-01 2.814823e-02 8.586560e-01 -9.122161e-01 8.864088e-02 -4.000057e-01 -3.044607e+01
-4.066117e-01 7.748568e-03 9.135683e-01 2.470076e+02 8.367046e-02 9.960775e-01 2.879174e-02 8.892844e-01 -9.097616e-01 8.814574e-02 -4.056650e-01 -3.140277e+01
-4.084915e-01 6.838042e-03 9.127366e-01 2.492188e+02 8.216002e-02 9.961881e-01 2.930714e-02 9.185766e-01 -9.090568e-01 8.696217e-02 -4.074962e-01 -3.237103e+01
-4.118962e-01 7.313272e-03 9.112015e-01 2.514180e+02 8.197508e-02 9.962106e-01 2.906017e-02 9.532091e-01 -9.075359e-01 8.666558e-02 -4.109349e-01 -3.332114e+01
-4.169376e-01 7.946493e-03 9.089004e-01 2.536206e+02 8.287399e-02 9.961290e-01 2.930745e-02 9.827253e-01 -9.051491e-01 8.754358e-02 -4.159822e-01 -3.430813e+01
-4.196757e-01 7.816418e-03 9.076405e-01 2.557892e+02 8.287514e-02 9.961160e-01 2.974154e-02 1.017815e+00 -9.038827e-01 8.770264e-02 -4.186935e-01 -3.532286e+01
-4.242445e-01 7.778152e-03 9.055144e-01 2.579708e+02 8.174846e-02 9.962091e-01 2.974295e-02 1.051157e+00 -9.018502e-01 8.664268e-02 -4.232720e-01 -3.633158e+01
-4.284017e-01 7.790408e-03 9.035549e-01 2.601631e+02 8.154471e-02 9.962159e-01 3.007340e-02 1.087943e+00 -8.999013e-01 8.656361e-02 -4.274158e-01 -3.735339e+01
-4.319568e-01 8.091761e-03 9.018581e-01 2.623245e+02 8.208177e-02 9.961626e-01 3.037626e-02 1.130274e+00 -8.981513e-01 8.714733e-02 -4.309634e-01 -3.835246e+01
-4.362859e-01 9.068659e-03 8.997624e-01 2.645136e+02 8.322354e-02 9.960697e-01 3.031495e-02 1.167629e+00 -8.959511e-01 8.810740e-02 -4.353259e-01 -3.939878e+01
-4.392294e-01 1.071807e-02 8.983110e-01 2.667120e+02 8.510406e-02 9.959285e-01 2.972888e-02 1.204001e+00 -8.943348e-01 8.950771e-02 -4.383532e-01 -4.046258e+01
-4.418528e-01 1.161115e-02 8.970125e-01 2.689126e+02 8.608655e-02 9.958504e-01 2.951422e-02 1.245523e+00 -8.929474e-01 9.026165e-02 -4.410189e-01 -4.154427e+01
-4.460150e-01 1.265000e-02 8.949361e-01 2.710968e+02 8.733267e-02 9.957438e-01 2.944961e-02 1.284236e+00 -8.907545e-01 9.129213e-02 -4.452215e-01 -4.262622e+01
-4.482739e-01 1.531009e-02 8.937652e-01 2.732998e+02 8.976169e-02 9.955705e-01 2.796658e-02 1.316367e+00 -8.893780e-01 9.276256e-02 -4.476626e-01 -4.370882e+01
-4.521629e-01 1.556748e-02 8.917996e-01 2.754767e+02 9.042684e-02 9.954961e-01 2.847086e-02 1.361566e+00 -8.873396e-01 9.351608e-02 -4.515341e-01 -4.479244e+01
-4.546791e-01 1.641052e-02 8.905042e-01 2.776638e+02 9.047642e-02 9.955091e-01 2.785042e-02 1.401025e+00 -8.860479e-01 9.323264e-02 -4.541219e-01 -4.589893e+01
-4.573263e-01 1.655775e-02 8.891449e-01 2.798858e+02 8.988238e-02 9.955674e-01 2.769090e-02 1.447407e+00 -8.847450e-01 9.258223e-02 -4.567874e-01 -4.700742e+01
-4.619024e-01 1.782402e-02 8.867517e-01 2.821210e+02 9.027654e-02 9.955503e-01 2.701348e-02 1.492516e+00 -8.823243e-01 9.253046e-02 -4.614561e-01 -4.814717e+01
-4.639225e-01 1.781951e-02 8.856966e-01 2.843284e+02 8.978455e-02 9.955952e-01 2.699802e-02 1.532291e+00 -8.813141e-01 9.204686e-02 -4.634789e-01 -4.931255e+01
-4.670005e-01 1.795440e-02 8.840748e-01 2.865558e+02 8.850029e-02 9.957229e-01 2.652726e-02 1.573463e+00 -8.798171e-01 9.062912e-02 -4.665921e-01 -5.044104e+01
-4.707092e-01 1.797374e-02 8.821054e-01 2.887794e+02 8.975451e-02 9.955812e-01 2.760890e-02 1.614191e+00 -8.777111e-01 9.216869e-02 -4.702425e-01 -5.159757e+01
-4.723172e-01 1.786502e-02 8.812476e-01 2.910139e+02 9.085190e-02 9.954561e-01 2.851308e-02 1.657163e+00 -8.767339e-01 9.353024e-02 -4.717942e-01 -5.279090e+01
-4.746541e-01 1.738652e-02 8.800008e-01 2.932154e+02 9.140337e-02 9.953729e-01 2.963511e-02 1.707417e+00 -8.754135e-01 9.450146e-02 -4.740470e-01 -5.396891e+01
-4.774552e-01 1.691744e-02 8.784933e-01 2.955019e+02 9.165525e-02 9.953191e-01 3.064683e-02 1.751054e+00 -8.738626e-01 9.515101e-02 -4.767708e-01 -5.518467e+01
-4.788416e-01 1.672703e-02 8.777420e-01 2.977730e+02 9.136377e-02 9.953389e-01 3.087436e-02 1.806775e+00 -8.731342e-01 9.497774e-02 -4.781379e-01 -5.639085e+01
-4.820027e-01 1.651371e-02 8.760142e-01 3.000501e+02 9.229451e-02 9.952167e-01 3.202173e-02 1.862728e+00 -8.712950e-01 9.628586e-02 -4.812212e-01 -5.760633e+01
-4.833529e-01 1.598987e-02 8.752796e-01 3.022982e+02 9.240802e-02 9.951792e-01 3.284996e-02 1.915859e+00 -8.705347e-01 9.676097e-02 -4.825003e-01 -5.883075e+01
-4.855940e-01 1.651884e-02 8.740285e-01 3.045769e+02 9.239480e-02 9.951911e-01 3.252406e-02 1.974168e+00 -8.692880e-01 9.654917e-02 -4.847851e-01 -6.008225e+01
-4.882065e-01 1.790803e-02 8.725444e-01 3.067997e+02 9.084585e-02 9.954008e-01 3.040060e-02 2.022383e+00 -8.679869e-01 9.410881e-02 -4.875881e-01 -6.131929e+01
-4.913190e-01 1.720850e-02 8.708097e-01 3.091211e+02 8.945329e-02 9.955148e-01 3.079753e-02 2.070617e+00 -8.663738e-01 9.302820e-02 -4.906547e-01 -6.258426e+01
-4.956845e-01 1.503383e-02 8.683726e-01 3.114033e+02 8.711119e-02 9.956687e-01 3.248715e-02 2.128379e+00 -8.641229e-01 9.174834e-02 -4.948472e-01 -6.383422e+01
-5.015965e-01 1.340559e-02 8.649979e-01 3.137407e+02 8.480665e-02 9.958259e-01 3.374470e-02 2.183917e+00 -8.609348e-01 9.028379e-02 -5.006397e-01 -6.514560e+01
-5.055579e-01 1.177757e-02 8.627123e-01 3.159826e+02 8.349900e-02 9.958812e-01 3.533567e-02 2.248791e+00 -8.587427e-01 8.989984e-02 -5.044590e-01 -6.642601e+01
-5.097187e-01 1.176610e-02 8.602607e-01 3.183196e+02 8.370811e-02 9.958406e-01 3.597797e-02 2.314340e+00 -8.562591e-01 9.034944e-02 -5.085835e-01 -6.779636e+01
-5.154009e-01 1.288173e-02 8.568524e-01 3.206054e+02 8.527527e-02 9.956951e-01 3.632443e-02 2.372875e+00 -8.526957e-01 9.178996e-02 -5.142806e-01 -6.913634e+01
-5.175055e-01 1.392073e-02 8.555667e-01 3.229074e+02 8.690110e-02 9.955530e-01 3.636535e-02 2.438947e+00 -8.512556e-01 9.316896e-02 -5.164139e-01 -7.051012e+01
-5.219972e-01 1.339247e-02 8.528421e-01 3.251803e+02 8.700998e-02 9.954967e-01 3.762339e-02 2.502699e+00 -8.484975e-01 9.384508e-02 -5.208118e-01 -7.185520e+01
-5.263878e-01 1.209875e-02 8.501586e-01 3.274740e+02 8.706737e-02 9.954093e-01 3.974317e-02 2.571395e+00 -8.457748e-01 9.494138e-02 -5.250247e-01 -7.328833e+01
-5.298553e-01 1.036942e-02 8.480247e-01 3.297208e+02 8.610817e-02 9.954157e-01 4.162968e-02 2.642162e+00 -8.437053e-01 9.507956e-02 -5.283192e-01 -7.466689e+01
-5.352564e-01 1.020209e-02 8.446281e-01 3.320995e+02 8.542853e-02 9.954539e-01 4.211376e-02 2.714465e+00 -8.403585e-01 9.469700e-02 -5.336946e-01 -7.610155e+01
-5.377419e-01 9.780615e-03 8.430528e-01 3.343719e+02 8.499290e-02 9.954677e-01 4.266395e-02 2.793776e+00 -8.388145e-01 9.459570e-02 -5.361360e-01 -7.752912e+01
-5.418996e-01 9.915232e-03 8.403848e-01 3.366224e+02 8.622376e-02 9.953101e-01 4.385598e-02 2.868055e+00 -8.360085e-01 9.622667e-02 -5.402130e-01 -7.895302e+01
-5.471774e-01 9.479408e-03 8.369630e-01 3.388806e+02 8.693090e-02 9.951719e-01 4.556114e-02 2.943418e+00 -8.324901e-01 9.768797e-02 -5.453597e-01 -8.037976e+01
-5.501816e-01 7.614361e-03 8.350104e-01 3.411495e+02 8.468480e-02 9.953118e-01 4.672201e-02 3.024231e+00 -8.307398e-01 9.641827e-02 -5.482471e-01 -8.184715e+01
-5.534597e-01 6.981344e-03 8.328468e-01 3.434174e+02 8.465882e-02 9.952572e-01 4.791640e-02 3.114014e+00 -8.285621e-01 9.702762e-02 -5.514258e-01 -8.329879e+01
-5.573027e-01 6.391928e-03 8.302849e-01 3.456396e+02 8.488327e-02 9.951698e-01 4.931395e-02 3.205113e+00 -8.259591e-01 9.796009e-02 -5.551533e-01 -8.479207e+01
-5.600634e-01 5.048792e-03 8.284344e-01 3.478964e+02 8.234605e-02 9.953686e-01 4.960393e-02 3.293965e+00 -8.243470e-01 9.599964e-02 -5.578852e-01 -8.630469e+01
-5.633438e-01 4.152477e-03 8.262122e-01 3.501533e+02 7.890845e-02 9.956868e-01 4.879862e-02 3.390252e+00 -8.224459e-01 9.268552e-02 -5.612416e-01 -8.778453e+01
-5.654909e-01 2.897988e-03 8.247495e-01 3.524202e+02 7.454400e-02 9.960805e-01 4.761121e-02 3.481638e+00 -8.213788e-01 8.840383e-02 -5.634905e-01 -8.930417e+01
-5.688922e-01 1.193320e-04 8.224121e-01 3.546434e+02 7.157945e-02 9.962123e-01 4.936956e-02 3.568489e+00 -8.192911e-01 8.695376e-02 -5.667460e-01 -9.081571e+01
-5.728525e-01 -6.554058e-04 8.196583e-01 3.568523e+02 7.210441e-02 9.960826e-01 5.118966e-02 3.662620e+00 -8.164808e-01 8.842510e-02 -5.705611e-01 -9.231288e+01
-5.759194e-01 -4.201818e-06 8.175065e-01 3.591092e+02 7.318810e-02 9.959842e-01 5.156489e-02 3.775205e+00 -8.142237e-01 8.952897e-02 -5.736063e-01 -9.386685e+01
-5.783679e-01 -1.324455e-03 8.157751e-01 3.613274e+02 7.051229e-02 9.961749e-01 5.160912e-02 3.868518e+00 -8.127229e-01 8.737122e-02 -5.760622e-01 -9.541646e+01
-5.816167e-01 -4.752897e-03 8.134491e-01 3.635597e+02 6.736301e-02 9.962669e-01 5.398569e-02 3.971583e+00 -8.106689e-01 8.619536e-02 -5.791253e-01 -9.698381e+01
-5.845835e-01 -6.407848e-03 8.113083e-01 3.657656e+02 6.659852e-02 9.962152e-01 5.585545e-02 4.084632e+00 -8.085955e-01 8.668410e-02 -5.819442e-01 -9.852951e+01
-5.875795e-01 -7.672843e-03 8.091301e-01 3.679939e+02 6.470721e-02 9.963071e-01 5.643733e-02 4.197923e+00 -8.065750e-01 8.551797e-02 -5.849131e-01 -1.001130e+02
-5.911800e-01 -7.432086e-03 8.065055e-01 3.702150e+02 6.438970e-02 9.963309e-01 5.637994e-02 4.305820e+00 -8.039652e-01 8.526133e-02 -5.885323e-01 -1.016824e+02
-5.936996e-01 -8.414241e-03 8.046428e-01 3.724567e+02 6.411252e-02 9.962719e-01 5.772307e-02 4.418018e+00 -8.021286e-01 8.585784e-02 -5.909467e-01 -1.033114e+02
-5.966838e-01 -9.480265e-03 8.024205e-01 3.746694e+02 6.341248e-02 9.962464e-01 5.892407e-02 4.537963e+00 -7.999670e-01 8.604251e-02 -5.938429e-01 -1.049240e+02
-5.985723e-01 -1.060232e-02 8.009987e-01 3.768171e+02 6.144315e-02 9.963591e-01 5.910358e-02 4.645670e+00 -7.987089e-01 8.459365e-02 -5.957416e-01 -1.065085e+02
-6.018098e-01 -1.311126e-02 7.985318e-01 3.789655e+02 5.293869e-02 9.970113e-01 5.626714e-02 4.750349e+00 -7.968829e-01 7.613535e-02 -5.993171e-01 -1.080860e+02
-6.051923e-01 -1.126381e-02 7.959997e-01 3.811681e+02 4.354686e-02 9.979344e-01 4.722963e-02 4.871731e+00 -7.948873e-01 6.324629e-02 -6.034517e-01 -1.096843e+02
-6.083208e-01 -2.238725e-03 7.936882e-01 3.832300e+02 5.196737e-02 9.977379e-01 4.264457e-02 4.929989e+00 -7.919881e-01 6.718746e-02 -6.068283e-01 -1.112502e+02
-6.086341e-01 2.332768e-04 7.934510e-01 3.854180e+02 6.166441e-02 9.969893e-01 4.700793e-02 5.013011e+00 -7.910511e-01 7.753832e-02 -6.068161e-01 -1.129247e+02
-6.109648e-01 -9.957040e-03 7.915952e-01 3.876015e+02 6.041496e-02 9.964185e-01 5.916256e-02 5.116292e+00 -7.893490e-01 8.397043e-02 -6.081751e-01 -1.145859e+02
-6.128317e-01 -2.051618e-02 7.899472e-01 3.897615e+02 5.428657e-02 9.962081e-01 6.798799e-02 5.251643e+00 -7.883465e-01 8.454872e-02 -6.093941e-01 -1.162304e+02
-6.163612e-01 -2.620968e-02 7.870273e-01 3.919553e+02 4.864238e-02 9.962701e-01 7.127224e-02 5.404577e+00 -7.859597e-01 8.221233e-02 -6.127874e-01 -1.178828e+02
-6.192022e-01 -2.701669e-02 7.847667e-01 3.940875e+02 4.743824e-02 9.962954e-01 7.172892e-02 5.560180e+00 -7.837973e-01 8.164265e-02 -6.156267e-01 -1.195289e+02
-6.220927e-01 -2.174233e-02 7.826417e-01 3.962011e+02 5.298989e-02 9.961531e-01 6.979351e-02 5.705327e+00 -7.811483e-01 8.489012e-02 -6.185474e-01 -1.211694e+02
-6.249679e-01 -1.618132e-02 7.804828e-01 3.983198e+02 5.692276e-02 9.961791e-01 6.623387e-02 5.817007e+00 -7.785723e-01 8.582127e-02 -6.216589e-01 -1.228390e+02
-6.265791e-01 -1.330065e-02 7.792444e-01 4.004211e+02 5.771536e-02 9.963170e-01 6.341388e-02 5.941713e+00 -7.772178e-01 8.470818e-02 -6.235038e-01 -1.245051e+02
-6.293514e-01 -1.352569e-02 7.770032e-01 4.025409e+02 5.728202e-02 9.963212e-01 6.374036e-02 6.079714e+00 -7.750068e-01 8.462339e-02 -6.262614e-01 -1.261863e+02
-6.329581e-01 -1.393418e-02 7.740607e-01 4.046306e+02 5.785350e-02 9.961911e-01 6.524030e-02 6.213054e+00 -7.720213e-01 8.607650e-02 -6.297411e-01 -1.278425e+02
-6.349584e-01 -1.459646e-02 7.724085e-01 4.067310e+02 5.866162e-02 9.960240e-01 6.704499e-02 6.347230e+00 -7.703159e-01 8.788151e-02 -6.315776e-01 -1.295565e+02
-6.364351e-01 -1.486586e-02 7.711870e-01 4.088306e+02 5.897430e-02 9.959498e-01 6.786806e-02 6.483609e+00 -7.690724e-01 8.867383e-02 -6.329807e-01 -1.312546e+02
-6.384184e-01 -1.474486e-02 7.695483e-01 4.109237e+02 5.918587e-02 9.959157e-01 6.818284e-02 6.615811e+00 -7.674105e-01 8.907556e-02 -6.349382e-01 -1.329716e+02
-6.395930e-01 -1.475410e-02 7.685722e-01 4.129865e+02 5.976661e-02 9.958349e-01 6.885359e-02 6.757117e+00 -7.663868e-01 8.997322e-02 -6.360472e-01 -1.346649e+02
-6.410609e-01 -1.516894e-02 7.673402e-01 4.150664e+02 6.030471e-02 9.957180e-01 7.006408e-02 6.894867e+00 -7.651171e-01 9.118957e-02 -6.374011e-01 -1.363679e+02
-6.419254e-01 -1.608909e-02 7.665983e-01 4.171423e+02 6.194036e-02 9.954243e-01 7.275853e-02 7.041770e+00 -7.642611e-01 9.418892e-02 -6.379916e-01 -1.380962e+02
-6.431236e-01 -1.674896e-02 7.655793e-01 4.192179e+02 6.385766e-02 9.951055e-01 7.541395e-02 7.192596e+00 -7.630951e-01 9.738858e-02 -6.389063e-01 -1.398187e+02
-6.444718e-01 -1.662377e-02 7.644474e-01 4.212628e+02 6.273535e-02 9.952433e-01 7.453210e-02 7.338447e+00 -7.620500e-01 9.599171e-02 -6.403634e-01 -1.415096e+02
-6.453382e-01 -1.720586e-02 7.637033e-01 4.233270e+02 5.862476e-02 9.956823e-01 7.197084e-02 7.486465e+00 -7.616441e-01 9.121745e-02 -6.415431e-01 -1.432324e+02
-6.469633e-01 -1.814374e-02 7.623053e-01 4.253760e+02 5.513837e-02 9.959866e-01 7.050118e-02 7.634428e+00 -7.605250e-01 8.764395e-02 -6.433663e-01 -1.449364e+02
-6.480406e-01 -1.757429e-02 7.614030e-01 4.274764e+02 5.568225e-02 9.959649e-01 7.038026e-02 7.789057e+00 -7.595675e-01 8.800590e-02 -6.444471e-01 -1.466797e+02
-6.489281e-01 -1.900780e-02 7.606123e-01 4.295372e+02 5.386905e-02 9.960313e-01 7.085017e-02 7.926872e+00 -7.589403e-01 8.695013e-02 -6.453288e-01 -1.484030e+02
-6.503196e-01 -1.974234e-02 7.594042e-01 4.316017e+02 5.184040e-02 9.961785e-01 7.029160e-02 8.072829e+00 -7.578898e-01 8.507982e-02 -6.468110e-01 -1.501304e+02
-6.508734e-01 -2.074532e-02 7.589028e-01 4.336458e+02 5.009759e-02 9.962741e-01 7.020032e-02 8.222128e+00 -7.575315e-01 8.371072e-02 -6.474090e-01 -1.518522e+02
-6.509133e-01 -2.187848e-02 7.588368e-01 4.356571e+02 5.066625e-02 9.961039e-01 7.217965e-02 8.364445e+00 -7.574594e-01 8.543011e-02 -6.472687e-01 -1.535698e+02
-6.515687e-01 -2.302444e-02 7.582402e-01 4.377054e+02 5.241311e-02 9.957842e-01 7.527709e-02 8.521849e+00 -7.567767e-01 8.878992e-02 -6.476150e-01 -1.553092e+02
-6.508836e-01 -2.517950e-02 7.587600e-01 4.397855e+02 5.681571e-02 9.950314e-01 8.175815e-02 8.686991e+00 -7.570485e-01 9.632452e-02 -6.462190e-01 -1.570816e+02
-6.500963e-01 -2.674780e-02 7.593810e-01 4.418485e+02 5.996919e-02 9.944569e-01 8.636677e-02 8.864235e+00 -7.574816e-01 1.016862e-01 -6.448887e-01 -1.588327e+02
-6.476686e-01 -2.782884e-02 7.614139e-01 4.438772e+02 5.684193e-02 9.947831e-01 8.470873e-02 9.044655e+00 -7.597989e-01 9.814341e-02 -6.427079e-01 -1.605190e+02
-6.466430e-01 -2.926423e-02 7.622313e-01 4.459407e+02 4.874467e-02 9.956361e-01 7.957812e-02 9.223549e+00 -7.612337e-01 8.861334e-02 -6.423947e-01 -1.622429e+02
-6.444733e-01 -3.182952e-02 7.639641e-01 4.479850e+02 4.274976e-02 9.960705e-01 7.756324e-02 9.394677e+00 -7.634307e-01 8.264672e-02 -6.405802e-01 -1.639347e+02
