1.000000000 0.000000000 0.000000000 0.000000000 0.000000000 1.000000000 0.000000000 0.000000000 0.000000000 0.000000000 1.000000000 0.000000000
0.999014080 -0.000620411 0.044390213 0.033969112 0.000741294 0.999996066 -0.002706801 -0.015653277 -0.044388354 0.002737038 0.999010563 0.970081627
0.995970070 -0.005152754 0.089537859 0.124856733 0.005883016 0.999951482 -0.007893919 -0.031334214 -0.089492828 0.008388860 0.995952129 1.927574039
0.990824282 -0.004683077 0.135074958 0.248769015 0.006328953 0.999910891 -0.011758082 -0.052578863 -0.135007828 0.012505075 0.990765691 2.867883205
0.983295918 -0.001785221 0.182004973 0.397814482 0.004499228 0.999884725 -0.014499922 -0.072966889 -0.181958124 0.015076597 0.983190835 3.833268881
0.973663270 -0.004104545 0.227954358 0.608969092 0.007622690 0.999864876 -0.014555291 -0.099296503 -0.227863848 0.015909575 0.973563075 4.762819767
0.961807966 -0.004523378 0.273687720 0.868581295 0.009247473 0.999829650 -0.015973268 -0.126457512 -0.273568779 0.017894134 0.961685956 5.695912361
0.948051631 -0.007347938 0.318031669 1.167497635 0.014070902 0.999723375 -0.018847287 -0.154296577 -0.317805260 0.022343200 0.947892725 6.594693661
0.932634771 -0.008621842 0.360718787 1.500643015 0.017278606 0.999634683 -0.020780552 -0.181105316 -0.360407829 0.025613384 0.932443023 7.485951424
0.914927602 -0.007406921 0.403550178 1.878731728 0.017408267 0.999625444 -0.021120440 -0.218698457 -0.403242528 0.026348785 0.914713740 8.395675659
0.895780504 -0.009596500 0.444392949 2.299516201 0.020829137 0.999575019 -0.020400684 -0.236213446 -0.444008172 0.027530862 0.895599663 9.184665680
0.873826027 -0.009065656 0.486154109 2.756639242 0.021165140 0.999587715 -0.019402765 -0.270526141 -0.485777795 0.027244162 0.873657644 10.008985519
0.849561572 -0.008910269 0.527414322 3.247700214 0.022125643 0.999579251 -0.018752946 -0.295863509 -0.527025282 0.027601160 0.849401295 10.822257996
0.823505580 -0.008823518 0.567239523 3.755913258 0.023478968 0.999552429 -0.018538002 -0.331359088 -0.566822052 0.028584348 0.823344231 11.595304489
0.796161175 -0.010720531 0.604989588 4.322756767 0.027257083 0.999463499 -0.018159406 -0.363245726 -0.604470313 0.030948069 0.796026289 12.331604958
0.767236352 -0.008603614 0.641306639 4.927041531 0.026900809 0.999461830 -0.018774631 -0.394327104 -0.640799999 0.031656250 0.767054856 13.063241959
0.736550152 -0.012002343 0.676276445 5.587982655 0.032630689 0.999308884 -0.017803509 -0.419129968 -0.675595224 0.035180543 0.736432910 13.786551476
0.704329789 -0.011602610 0.709777951 6.227003574 0.033361338 0.999302626 -0.016769845 -0.457446933 -0.709088504 0.035490647 0.704225838 14.414084435
0.669883370 -0.010356989 0.742394090 6.907320976 0.034920100 0.999235630 -0.017569272 -0.485195041 -0.741644800 0.037693843 0.669732928 15.027631760
0.634296715 -0.011005685 0.773011386 7.631978035 0.039204225 0.999069989 -0.017944956 -0.507540464 -0.772095025 0.041687734 0.634138286 15.624025345
0.598113656 -0.009743124 0.801352084 8.375911713 0.039823558 0.999052107 -0.017576696 -0.545686364 -0.800421178 0.042425554 0.597934663 16.172859192
0.560690045 -0.008779638 0.827979207 9.171669006 0.043841910 0.998855948 -0.019097256 -0.574851215 -0.826864302 0.047007833 0.560433507 16.694519043
0.522080123 -0.007208789 0.852865934 9.951755524 0.048863512 0.998574674 -0.021471318 -0.602722585 -0.851495564 0.052883778 0.521688223 17.162979126
0.482605189 -0.005695500 0.875819445 10.757789612 0.050640147 0.998487413 -0.021411160 -0.623993397 -0.874372780 0.054684766 0.482163608 17.620168686
0.444333494 -0.007531617 0.895829797 11.603780746 0.055755790 0.998258591 -0.019262219 -0.653102636 -0.894124627 0.058506552 0.443979710 18.028255463
0.407041430 -0.007748656 0.913376749 12.467228889 0.059628814 0.998056412 -0.018106218 -0.676512480 -0.911461294 0.061833560 0.406712323 18.413585663
0.371446401 -0.005162647 0.928440034 13.338111877 0.061623354 0.997916639 -0.019105040 -0.699611068 -0.926407099 0.064310089 0.370990694 18.768524170
0.337990940 -0.005691247 0.941132128 14.225905418 0.061863128 0.997953415 -0.016182182 -0.722480297 -0.939113975 0.063690804 0.337651223 19.085815430
0.304717153 -0.007276231 0.952415109 15.137885094 0.064451955 0.997836232 -0.012997618 -0.746144235 -0.950259686 0.065345623 0.304526746 19.370368958
0.271993220 -0.007117281 0.962272882 16.036954880 0.065024070 0.997823060 -0.010999287 -0.772314787 -0.960099757 0.065562628 0.271863818 19.620780945
0.239320353 -0.004040868 0.970932245 16.977069855 0.062400751 0.997987986 -0.011227380 -0.788580894 -0.968933344 0.063273832 0.239090905 19.868379593
0.208841115 -0.002357473 0.977946758 17.914541245 0.062366519 0.997993767 -0.010912605 -0.800949633 -0.975958884 0.063270122 0.208569109 20.069190979
0.177758276 -0.002006899 0.984072089 18.906106949 0.064651705 0.997861207 -0.009643364 -0.821226120 -0.981948256 0.065336116 0.177507818 20.239953995
0.146947533 -0.002167801 0.989141941 19.876703262 0.066014521 0.997789443 -0.007620404 -0.840690315 -0.986938953 0.066417538 0.146765828 20.391540527
0.116983369 -0.002962662 0.993129492 20.905355453 0.064578369 0.997901857 -0.004629957 -0.857320666 -0.991032064 0.064676300 0.116929263 20.506542206
0.087075859 -0.002812675 0.996197701 21.901548386 0.065879278 0.997823179 -0.002941126 -0.866728306 -0.994020939 0.065884888 0.087071627 20.604911804
0.060345903 -0.002651627 0.998173952 22.932699203 0.068476662 0.997651577 -0.001489605 -0.874951720 -0.995826006 0.068441503 0.060385764 20.664625168
0.035232123 -0.002000331 0.999377131 23.982412338 0.072510831 0.997367501 -0.000559995 -0.881596982 -0.996745110 0.072485402 0.035284426 20.699831009
0.011981575 -0.001632454 0.999926805 25.030317307 0.077028573 0.997028649 0.000704732 -0.891599059 -0.996956825 0.077014491 0.012071720 20.711368561
-0.007823130 -0.001938597 0.999967456 26.102556229 0.082770623 0.996565223 0.002579548 -0.896652579 -0.996537924 0.082788117 -0.007635803 20.695838928
-0.024747960 -0.002460520 0.999690711 27.175397873 0.086866878 0.996209323 0.004602395 -0.896853924 -0.995912433 0.086953916 -0.024440411 20.651426315
-0.041028716 -0.001975022 0.999155998 28.317478180 0.090529740 0.995877445 0.005685998 -0.897077024 -0.995048225 0.090686627 -0.040680785 20.611007690
-0.055117063 -0.002509431 0.998476684 29.431272507 0.092675574 0.995667219 0.007618167 -0.894763112 -0.994169593 0.092954293 -0.054645687 20.549404144
-0.068626836 -0.003403487 0.997636557 30.557376862 0.093424991 0.995577812 0.009823114 -0.893855333 -0.993258238 0.093878306 -0.068005376 20.478944778
-0.081223674 -0.003190347 0.996690810 31.691659927 0.092577077 0.995647788 0.010731424 -0.890385330 -0.992387116 0.093142375 -0.080574811 20.399009705
-0.092511736 -0.000151115 0.995711565 32.822658539 0.092362896 0.995687127 0.008732565 -0.882673740 -0.991418481 0.092774682 -0.092098795 20.308759689
-0.101956710 0.003570730 0.994782388 33.998443604 0.093436845 0.995607078 0.006002789 -0.875826061 -0.990390956 0.093561359 -0.101842470 20.170959473
-0.111937366 0.005673319 0.993699074 35.173698425 0.094541050 0.995508492 0.004966130 -0.886546314 -0.989207745 0.094501242 -0.111970969 20.052642822
-0.119437315 0.006902745 0.992817760 36.380836487 0.094008885 0.995561659 0.004387572 -0.879287243 -0.988381088 0.093857720 -0.119556129 19.913291931
-0.125143319 0.007857447 0.992107570 37.608448029 0.094075002 0.995557070 0.003981748 -0.874600947 -0.987668455 0.093830809 -0.125326529 19.766981125
-0.130247936 0.009180713 0.991438925 38.844703674 0.095066883 0.995465457 0.003271188 -0.875966847 -0.986913264 0.094679080 -0.130530119 19.608396530
-0.134703517 0.011190068 0.990822792 40.107513428 0.094200276 0.995552003 0.001563158 -0.867441297 -0.986398220 0.093546331 -0.135158449 19.444488525
-0.138503656 0.012095543 0.990288079 41.394714355 0.094362296 0.995537400 0.001038037 -0.864693522 -0.985856175 0.093589634 -0.139026910 19.243671417
-0.141562104 0.010899718 0.989869416 42.687095642 0.094076291 0.995561898 0.002491533 -0.869328976 -0.985449076 0.093475953 -0.141959205 19.072605133
-0.144384027 0.008890250 0.989481807 44.030998230 0.094581567 0.995505214 0.004856863 -0.868279576 -0.984991133 0.094287999 -0.144575909 18.896564484
-0.146151856 0.007890499 0.989230633 45.402019501 0.094497636 0.995506883 0.006020801 -0.862317085 -0.984738469 0.094359919 -0.146240816 18.676359177
-0.148241550 0.008641387 0.988913357 46.746818542 0.097206458 0.995246947 0.005874855 -0.859183550 -0.984162211 0.096999675 -0.148376942 18.481800079
-0.148959309 0.008645838 0.988805652 48.158969879 0.097598977 0.995207727 0.006001048 -0.858530045 -0.984015048 0.097400323 -0.149089262 18.258384705
-0.149721786 0.009796953 0.988679647 49.549705505 0.099716425 0.995002091 0.005241064 -0.857183158 -0.983687043 0.099372298 -0.149950400 18.051582336
-0.149523199 0.009847574 0.988709152 50.959087372 0.098470390 0.995127499 0.004980248 -0.854126394 -0.983842611 0.098103248 -0.149764344 17.843914032
-0.149092123 0.011560922 0.988755703 52.410335541 0.098479934 0.995133817 0.003214059 -0.849837780 -0.983907104 0.097851805 -0.149505094 17.633087158
-0.147913814 0.011115990 0.988937736 53.864418030 0.099129781 0.995067775 0.003641785 -0.856345654 -0.984019697 0.098571852 -0.148286164 17.424713135
-0.146407813 0.010354551 0.989170134 55.360553741 0.098362163 0.995142043 0.004141594 -0.847944140 -0.984321892 0.097903274 -0.146715075 17.192810059
-0.144521534 0.011200820 0.989438236 56.850067139 0.099330135 0.995049179 0.003244240 -0.845477819 -0.984503448 0.098749891 -0.144918621 16.962545395
-0.144173846 0.011786716 0.989482164 58.357849121 0.099577188 0.995026290 0.002656270 -0.846684456 -0.984529495 0.098912820 -0.144630417 16.758815765
-0.143217012 0.012288937 0.989614964 59.907371521 0.101045400 0.994879186 0.002268974 -0.848098218 -0.984519541 0.100321002 -0.143725321 16.525308609
-0.141968623 0.012115621 0.989796996 61.456459045 0.100247182 0.994960129 0.002199838 -0.846661508 -0.984781861 0.099536672 -0.142467648 16.316852570
-0.141072690 0.010622299 0.989942193 63.050502777 0.102356300 0.994740069 0.003912605 -0.844102621 -0.984693706 0.101878792 -0.141417906 16.082450867
-0.140533179 0.008975359 0.990035295 64.655364990 0.103812724 0.994580328 0.005719410 -0.836469054 -0.984618366 0.103582017 -0.140703306 15.862591743
-0.140183195 0.009839753 0.990076661 66.273742676 0.104666546 0.994495094 0.004935886 -0.839067221 -0.984577894 0.104319833 -0.140441403 15.643646240
-0.138729706 0.012034785 0.990257144 67.872451782 0.107703410 0.994178474 0.003006226 -0.838112831 -0.984456182 0.107071124 -0.139218256 15.397499084
-0.137788728 0.011872642 0.990390480 69.520721436 0.106991746 0.994255543 0.002966320 -0.836015582 -0.984665990 0.106372319 -0.138267443 15.157011032
-0.138597235 0.011339409 0.990283847 71.131927490 0.107143097 0.994237006 0.003610762 -0.845979929 -0.984535992 0.106602535 -0.139013454 14.970178604
-0.137507096 0.010461211 0.990445495 72.801437378 0.107418515 0.994204164 0.004412386 -0.847607493 -0.984658897 0.106998928 -0.137833834 14.723675728
-0.137924075 0.010678895 0.990385234 74.497978210 0.108825184 0.994050980 0.004436905 -0.846363723 -0.984446049 0.108390808 -0.138265699 14.489377975
-0.137250230 0.010513760 0.990480602 76.211044312 0.110143855 0.993904412 0.004712452 -0.845714211 -0.984393597 0.109742112 -0.137571633 14.232215881
-0.138097033 0.011670378 0.990349948 77.900177002 0.109631732 0.993965805 0.003574351 -0.844176531 -0.984332323 0.109067395 -0.138543174 14.021825790
-0.138816446 0.012803935 0.990235329 79.636154175 0.109424919 0.993991911 0.002487255 -0.839047134 -0.984254062 0.108701698 -0.139383465 13.792566299
-0.140164316 0.013152213 0.990040898 81.377021790 0.108494259 0.994094670 0.002153937 -0.849835277 -0.984166086 0.107715674 -0.140763581 13.552909851
-0.141840160 0.014165323 0.989788175 83.151626587 0.107503712 0.994203866 0.001177143 -0.845789969 -0.984034717 0.106572874 -0.142540857 13.316283226
-0.142207667 0.012790529 0.989754200 84.905082703 0.107194342 0.994234800 0.002553225 -0.867554605 -0.984015405 0.106459133 -0.142758876 13.053773880
-0.142597497 0.012388576 0.989703238 86.700622559 0.107521452 0.994198143 0.003046959 -0.874047995 -0.983923316 0.106848806 -0.143102169 12.780814171
-0.143764243 0.011364914 0.989546657 88.508537292 0.104945488 0.994470596 0.003825321 -0.880094588 -0.984031677 0.104398407 -0.144161999 12.542300224
-0.144454062 0.011879343 0.989440203 90.310501099 0.104218297 0.994549155 0.003274749 -0.883909285 -0.984007955 0.103590816 -0.144904703 12.271149635
-0.147954553 0.013025768 0.988908350 92.212516785 0.103657678 0.994610071 0.002407775 -0.882437110 -0.983546913 0.102864198 -0.148507342 12.000889778
-0.150493100 0.013839858 0.988514185 94.041229248 0.104462326 0.994526863 0.001979485 -0.883957565 -0.983076453 0.103560388 -0.151115194 11.694596291
-0.155917451 0.012814970 0.987687051 95.886741638 0.101926617 0.994786799 0.003183170 -0.892668009 -0.982497156 0.101167902 -0.156410828 11.440197945
-0.160327092 0.011932692 0.986991763 97.762664795 0.100840539 0.994893014 0.004352337 -0.898221850 -0.981899381 0.100226603 -0.160711631 11.128484726
-0.165171385 0.012745911 0.986182511 99.635360718 0.099416576 0.995038688 0.003790478 -0.906566620 -0.981241345 0.098668978 -0.165619090 10.840629578
-0.170141429 0.015146465 0.985303283 101.534431458 0.100066297 0.994978845 0.001984176 -0.903480649 -0.980325699 0.098933235 -0.170802772 10.522521973
-0.173707992 0.016419314 0.984660327 103.431198120 0.099889673 0.994997978 0.001030254 -0.915618837 -0.979718089 0.098536380 -0.174479187 10.173833847
-0.178666398 0.016880574 0.983764827 105.354728699 0.098558962 0.995130837 0.000824171 -0.926011562 -0.978960931 0.097106114 -0.179460138 9.840871811
-0.183282107 0.016305614 0.982925117 107.298492432 0.097095616 0.995273769 0.001594563 -0.931492567 -0.978253603 0.095729977 -0.183999076 9.477788925
-0.188131645 0.015916698 0.982014775 109.201614380 0.094786786 0.995495439 0.002023786 -0.930243790 -0.977559149 0.093462758 -0.188792884 9.120758057
-0.193671986 0.015172552 0.980948985 111.140830994 0.094249271 0.995543420 0.003209655 -0.945806384 -0.976528645 0.093075342 -0.194238886 8.742862701
-0.198281646 0.015458432 0.980023205 113.067543030 0.094351403 0.995533228 0.003386422 -0.941499352 -0.975593150 0.093138039 -0.198854491 8.355123520
-0.205089465 0.016672710 0.978601217 115.035064697 0.095099092 0.995463371 0.002970310 -0.954316139 -0.974112093 0.093673274 -0.205744594 7.964427948
-0.210244685 0.017814526 0.977486432 116.964973450 0.094814420 0.995492339 0.002250667 -0.955637276 -0.973040402 0.093153000 -0.210986063 7.554042816
-0.217075065 0.017817726 0.975992262 118.910041809 0.095057696 0.995467365 0.002968970 -0.966364205 -0.971515536 0.093420051 -0.217784852 7.156061172
-0.222961426 0.017614789 0.974668086 120.886299133 0.093469486 0.995616317 0.003388349 -0.969674349 -0.970335901 0.091857187 -0.223630488 6.735118866
-0.227416426 0.018280176 0.973626018 122.782928467 0.093713053 0.995594144 0.003196551 -0.985915720 -0.969277918 0.091968417 -0.228127509 6.275714874
-0.231816247 0.018993802 0.972574234 124.756835938 0.093107179 0.995652378 0.002747895 -0.986659944 -0.968293548 0.091190644 -0.232576817 5.800331116
-0.236948937 0.018026846 0.971354842 126.744880676 0.094332449 0.995530427 0.004535628 -1.000104904 -0.966931522 0.092704996 -0.237590387 5.349977493
-0.239961773 0.017789707 0.970619321 128.726394653 0.096145719 0.995351791 0.005526654 -0.999392748 -0.966009557 0.094647072 -0.240556821 4.851739883
-0.243398994 0.018935448 0.969741404 130.714294434 0.096873321 0.995284736 0.004880387 -0.984264553 -0.965076387 0.095129967 -0.244085684 4.351404190
-0.245739579 0.020384831 0.969121516 132.722030640 0.097774647 0.995201111 0.003859261 -0.979751050 -0.964392126 0.095703892 -0.246553391 3.839349747
-0.249247983 0.019105926 0.968251228 134.698638916 0.096400864 0.995329142 0.005175346 -0.998146534 -0.963629782 0.094630197 -0.249925628 3.351619720
-0.252129674 0.019689176 0.967493176 136.703109741 0.095382467 0.995430052 0.004599058 -1.003475904 -0.962981224 0.093441449 -0.252855480 2.828334808
-0.257537574 0.020018287 0.966060877 138.706573486 0.094105214 0.995552301 0.004457661 -1.013194799 -0.961674869 0.092059366 -0.258275956 2.306919098
-0.262024611 0.020007826 0.964853764 140.704956055 0.092804134 0.995673954 0.004555812 -1.011429071 -0.960588634 0.090736136 -0.262747884 1.786441803
-0.267202049 0.020368993 0.963425219 142.709854126 0.092610382 0.995691657 0.004633936 -1.015555382 -0.959179997 0.090461381 -0.267937213 1.263622284
-0.271775782 0.020820497 0.962135375 144.708694458 0.091548778 0.995791197 0.004311105 -1.021130323 -0.957996190 0.089253947 -0.272538036 0.709262848
-0.276574284 0.020567589 0.960772276 146.755264282 0.091025107 0.995836616 0.004884867 -1.033772230 -0.956671834 0.088805452 -0.277294934 0.141551971
-0.280887753 0.020776423 0.959515750 148.807647705 0.091078445 0.995830715 0.005099464 -1.027004242 -0.955409229 0.088823572 -0.281608909 -0.440711975
-0.285170525 0.020338517 0.958260894 150.868072510 0.091760062 0.995762110 0.006172586 -1.041077018 -0.954074264 0.089690328 -0.285828322 -1.044219971
-0.289357483 0.020995839 0.956990898 152.913360596 0.092482254 0.995695472 0.006118102 -1.044118881 -0.952743053 0.090274990 -0.290053725 -1.638675690
-0.292618006 0.022307416 0.955969214 155.006546021 0.093473233 0.995607257 0.005379391 -1.047780752 -0.951649845 0.090931647 -0.293417752 -2.289276123
-0.296500176 0.023752552 0.954737365 157.083984375 0.092891335 0.995667875 0.004077186 -1.052282095 -0.950504482 0.089895695 -0.297422141 -2.911861420
-0.299393505 0.025038892 0.953801155 159.182617188 0.094402976 0.995527864 0.003498345 -1.060402870 -0.949448049 0.091089033 -0.300418317 -3.589637756
-0.301788986 0.026076537 0.953018129 161.270019531 0.093917362 0.995576859 0.002499459 -1.056674480 -0.948737621 0.090259247 -0.302903146 -4.257629395
-0.305882603 0.025800740 0.951719522 163.329864502 0.093567304 0.995608211 0.003081983 -1.074991584 -0.947460294 0.089992575 -0.306953311 -4.904777527
-0.310093582 0.025806170 0.950355709 165.439041138 0.093048044 0.995656073 0.003324577 -1.083313823 -0.946141660 0.089459673 -0.311147779 -5.578586578
-0.312376887 0.026710361 0.949582696 167.464981079 0.095674627 0.995406628 0.003474020 -1.091314316 -0.945128024 0.091936164 -0.313497543 -6.255268097
-0.316646367 0.026866743 0.948163092 169.607482910 0.097450696 0.995230854 0.004343986 -1.100222707 -0.943524420 0.093774661 -0.317754507 -6.943141937
-0.318919748 0.026808975 0.947402537 171.716522217 0.098298572 0.995144725 0.004929843 -1.094938040 -0.942670465 0.094700530 -0.320006609 -7.658306122
-0.321600795 0.026224060 0.946512043 173.828430176 0.097989507 0.995171010 0.005722151 -1.102764487 -0.941791356 0.094588518 -0.322617501 -8.387454987
-0.323969126 0.027176943 0.945677221 175.949859619 0.097181767 0.995255649 0.004690705 -1.099741220 -0.941063046 0.093422242 -0.325073183 -9.110584259
-0.327322930 0.028619418 0.944478989 178.082366943 0.096468233 0.995330632 0.003272155 -1.113474846 -0.939975321 0.092183277 -0.328555405 -9.845603943
-0.330400378 0.030272808 0.943355262 180.225677490 0.095271543 0.995450258 0.001423294 -1.117227077 -0.939020276 0.090345167 -0.331781328 -10.586143494
-0.333321691 0.031201623 0.942296684 182.268920898 0.094878301 0.995488703 0.000598674 -1.144201517 -0.938026965 0.089603052 -0.334778309 -11.298423767
-0.336601287 0.031671721 0.941114545 184.438064575 0.092357054 0.995725811 -0.000476927 -1.150605798 -0.937106967 0.086758032 -0.338087708 -12.065025330
-0.339996427 0.032292556 0.939872086 186.549240112 0.094040886 0.995568335 -0.000187139 -1.183296800 -0.935712993 0.088322781 -0.341526389 -12.834873199
-0.343503118 0.031074209 0.938637376 188.708831787 0.092460833 0.995715916 0.000873063 -1.187451482 -0.934589148 0.087087080 -0.344904631 -13.592071533
-0.347587556 0.030579593 0.937148750 190.827026367 0.093557835 0.995611370 0.002213265 -1.221201658 -0.932968259 0.088446923 -0.348923147 -14.379344940
-0.350347757 0.030406011 0.936125994 192.916091919 0.093643412 0.995602071 0.002708474 -1.235622048 -0.931926668 0.088610940 -0.351654261 -15.155887604
-0.354935020 0.030772353 0.934384346 195.079101562 0.092235357 0.995734632 0.002243683 -1.235097766 -0.930329859 0.086979635 -0.356259435 -15.966705322
-0.357909709 0.031601425 0.933221221 197.225952148 0.091362916 0.995816767 0.001318492 -1.243032455 -0.929275751 0.085733719 -0.359299690 -16.788364410
-0.361834943 0.031589556 0.931706786 199.371826172 0.091678724 0.995786905 0.001841887 -1.278313994 -0.927723229 0.086084142 -0.363206565 -17.597251892
-0.364301413 0.032643326 0.930708826 201.526168823 0.092905670 0.995673895 0.001443581 -1.293702126 -0.926635206 0.086994015 -0.365758181 -18.449192047
-0.366140634 0.032631036 0.929987252 203.680130005 0.093916290 0.995577991 0.002042854 -1.304624319 -0.925808251 0.088088915 -0.367586106 -19.301876068
-0.369130045 0.031759314 0.928834915 205.807006836 0.096195348 0.995353580 0.004195414 -1.338571310 -0.924385965 0.090898246 -0.370470077 -20.139598846
-0.370507836 0.032322723 0.928266704 207.927886963 0.097026050 0.995273530 0.004070992 -1.350610733 -0.923747778 0.091574393 -0.371892720 -20.989147186
-0.373419046 0.033591654 0.927054405 210.079269409 0.097931087 0.995187461 0.003386361 -1.357231140 -0.922479093 0.092051975 -0.374911606 -21.872291565
-0.376116842 0.033663012 0.925960541 212.245635986 0.096643142 0.995314360 0.003071227 -1.364822030 -0.921518445 0.090642862 -0.377607793 -22.738731384
-0.377861738 0.035236329 0.925191283 214.416717529 0.097039565 0.995279014 0.001726740 -1.379743457 -0.920762658 0.090432629 -0.379497170 -23.635890961
-0.380983561 0.036561273 0.923858643 216.594421387 0.097063325 0.995278001 0.000639597 -1.390552998 -0.919472814 0.089916468 -0.382733315 -24.532211304
-0.383256793 0.036634482 0.922915041 218.760574341 0.095112294 0.995466530 -0.000017303 -1.411688924 -0.918731689 0.087773934 -0.385003716 -25.429561615
-0.385476053 0.037822302 0.921942294 220.931579590 0.096152596 0.995366395 -0.000631848 -1.435043216 -0.917694330 0.088403583 -0.387326598 -26.337787628
-0.388006836 0.037301742 0.920901358 223.063232422 0.098732628 0.995113134 0.001291645 -1.468826413 -0.916352868 0.091424190 -0.389793605 -27.231845856
-0.390047669 0.037064537 0.920048356 225.221496582 0.099573009 0.995027959 0.002128129 -1.474415660 -0.915394962 0.092442080 -0.391799003 -28.155746460
-0.392193943 0.036583539 0.919154942 227.345825195 0.099556081 0.995027781 0.002876178 -1.494414091 -0.914479256 0.092635483 -0.393886030 -29.082954407
-0.395006418 0.036918547 0.917936265 229.543823242 0.097721525 0.995211720 0.002025040 -1.513560772 -0.913466156 0.090502039 -0.396722764 -30.026470184
-0.397849947 0.036092568 0.916740239 231.715072632 0.096353635 0.995343566 0.002628627 -1.531041861 -0.912376761 0.089377053 -0.399475068 -30.974887848
-0.400527120 0.036037829 0.915575922 233.869567871 0.096245468 0.995353341 0.002925542 -1.538879633 -0.911216140 0.089291804 -0.402134478 -31.918716431
-0.403665423 0.036563225 0.914175808 236.020111084 0.096238591 0.995354652 0.002685263 -1.556590557 -0.909830868 0.089062937 -0.405309021 -32.862251282
-0.406479210 0.036697567 0.912922740 238.158691406 0.095995069 0.995378196 0.002729747 -1.564873457 -0.908603132 0.088745654 -0.408123285 -33.821575165
-0.409911394 0.036338113 0.911401212 240.290191650 0.095601678 0.995414197 0.003309991 -1.582027435 -0.907101393 0.088488273 -0.411505610 -34.773658752
-0.412793159 0.036476634 0.910094082 242.394531250 0.095384508 0.995434821 0.003366634 -1.593977451 -0.905816555 0.088198602 -0.414388001 -35.748519897
-0.416370183 0.037347727 0.908427775 244.519622803 0.095475964 0.995427668 0.002836097 -1.611244678 -0.904168248 0.087913901 -0.418032229 -36.707015991
-0.418618321 0.038170841 0.907359719 246.620864868 0.096586697 0.995320916 0.002689917 -1.627987742 -0.903011441 0.088764928 -0.420346439 -37.692401886
-0.421749532 0.038439721 0.905897200 248.746047974 0.097032823 0.995276749 0.002942252 -1.643907785 -0.901505411 0.089142643 -0.423487455 -38.676925659
-0.424728334 0.039380215 0.904463947 250.829879761 0.096226692 0.995357752 0.001849491 -1.652048707 -0.900192320 0.087819092 -0.426546067 -39.655632019
-0.427545816 0.040097177 0.903103888 252.942871094 0.097636804 0.995219946 0.002035982 -1.666769981 -0.898705482 0.089046665 -0.429417163 -40.662803650
-0.429733068 0.041271497 0.902012289 255.025039673 0.098626733 0.995123565 0.001455544 -1.677713037 -0.897553504 0.089588024 -0.431707859 -41.661384583
-0.432651460 0.043347139 0.900518596 257.164916992 0.100754127 0.994911194 0.000516230 -1.685614109 -0.895913661 0.090954326 -0.434817195 -42.685020447
-0.434806973 0.045930907 0.899351537 259.283142090 0.103376612 0.994641840 -0.000818291 -1.691067457 -0.894570410 0.092616126 -0.437225401 -43.730873108
-0.436793625 0.047056649 0.898330033 261.379180908 0.104925774 0.994479477 -0.001075283 -1.709673524 -0.893421471 0.093788311 -0.439319730 -44.751632690
-0.438693732 0.049391489 0.897278249 263.464447021 0.106805868 0.994276702 -0.002511754 -1.727905512 -0.892266929 0.094732694 -0.441458285 -45.776535034
-0.440053672 0.052928902 0.896410227 265.579589844 0.109252580 0.994001091 -0.005058377 -1.733668566 -0.891300559 0.095709175 -0.443196476 -46.838249207
-0.442284495 0.053986989 0.895248592 267.692535400 0.111006737 0.993806601 -0.005089169 -1.754053354 -0.889978528 0.097127743 -0.445538253 -47.897453308
-0.444680423 0.055759102 0.893951952 269.793975830 0.111908160 0.993698478 -0.006313965 -1.773718953 -0.888670862 0.097232811 -0.448118210 -48.949699402
-0.447875053 0.056155842 0.892330825 271.933837891 0.111257143 0.993769109 -0.006697789 -1.795055509 -0.887147009 0.096278414 -0.451332092 -50.019599915
-0.450501800 0.057858545 0.890898705 274.070800781 0.112490281 0.993623316 -0.007646822 -1.814259768 -0.885660231 0.096772529 -0.454137653 -51.109275818
-0.453580886 0.058223411 0.889311194 276.191345215 0.111511208 0.993729472 -0.008184941 -1.844513416 -0.884211242 0.095455661 -0.457229286 -52.176925659
-0.455873281 0.058216825 0.888138711 278.345764160 0.110431612 0.993847668 -0.008462446 -1.879781961 -0.883167267 0.094220780 -0.459497631 -53.284431458
-0.457557559 0.059538081 0.887184501 280.504913330 0.112768076 0.993584812 -0.008519352 -1.903535366 -0.882000268 0.096147992 -0.461336255 -54.404464722
-0.459161282 0.059806559 0.886337459 282.678344727 0.114933431 0.993344963 -0.007486514 -1.935199261 -0.880886614 0.098432295 -0.462979287 -55.543975830
-0.460239798 0.060544740 0.885727763 284.850219727 0.116499126 0.993163586 -0.007353626 -1.959013939 -0.880117774 0.099802069 -0.464146733 -56.697143555
-0.461879939 0.060260661 0.884892941 287.050354004 0.116513096 0.993165731 -0.006818634 -1.987319946 -0.879256189 0.099952221 -0.465744525 -57.870033264
-0.463928044 0.059898939 0.883845508 289.252349854 0.116153337 0.993210971 -0.006342166 -2.006443501 -0.878225029 0.099719293 -0.467735916 -59.026130676
-0.465747297 0.060499121 0.882847250 291.450286865 0.118543610 0.992933691 -0.005505180 -2.034173489 -0.876941681 0.102091908 -0.469627887 -60.192596436
-0.467651546 0.060954385 0.881808639 293.667114258 0.119540952 0.992815495 -0.005231234 -2.053698778 -0.875792205 0.102965869 -0.471578211 -61.373352051
-0.469413638 0.061753079 0.880816340 295.892120361 0.119411662 0.992826879 -0.005967938 -2.083390713 -0.874866664 0.102378294 -0.473420531 -62.566566467
-0.471418977 0.064650595 0.879536450 298.089660645 0.119159631 0.992833316 -0.009110643 -2.102332354 -0.873822093 0.100510307 -0.475744277 -63.736557007
-0.474115551 0.064641811 0.878086507 300.324493408 0.118111022 0.992956638 -0.009325091 -2.127305746 -0.872504532 0.099290527 -0.478411108 -64.956314087
-0.478422225 0.062278405 0.875918686 302.564666748 0.115707107 0.993255615 -0.007422509 -2.170936346 -0.870473444 0.097798921 -0.482401669 -66.173004150
-0.483081073 0.060570180 0.873478055 304.799804688 0.114685327 0.993386865 -0.005457837 -2.202273846 -0.868032157 0.097538538 -0.486832947 -67.385452271
-0.488312721 0.058768962 0.870687604 307.032836914 0.113103613 0.993576586 -0.003631075 -2.237600327 -0.865308225 0.096704811 -0.491823047 -68.589012146
-0.492905349 0.058778062 0.868095279 309.303649902 0.113277026 0.993559062 -0.002954305 -2.261460304 -0.862677515 0.096879050 -0.496388793 -69.850173950
-0.497235686 0.059961170 0.865541041 311.566528320 0.115439191 0.993311346 -0.002495124 -2.279824018 -0.859901428 0.098676689 -0.500831723 -71.130111694
-0.501066387 0.061572589 0.863215566 313.824066162 0.116768621 0.993154407 -0.003060930 -2.292457342 -0.857494950 0.099262767 -0.504826188 -72.420242310
-0.504939437 0.061760828 0.860942364 316.074493408 0.118422456 0.992961705 -0.001777111 -2.320970297 -0.854992568 0.101057574 -0.508699417 -73.726287842
-0.508784354 0.059938129 0.858804882 318.314697266 0.118571915 0.992945135 0.000945810 -2.353951216 -0.852689326 0.102311365 -0.512301922 -75.046501160
-0.513132453 0.058342353 0.856324255 320.575195312 0.116759531 0.993157685 0.002300487 -2.367146492 -0.850330591 0.101164475 -0.516433418 -76.378486633
-0.516779304 0.058448117 0.854121149 322.826324463 0.116352037 0.993205070 0.002432160 -2.386730194 -0.848175287 0.100635625 -0.520068347 -77.740158081
-0.520814478 0.058152519 0.851686835 325.078643799 0.115940437 0.993251383 0.003080215 -2.396260977 -0.845760107 0.100349158 -0.524041831 -79.111976624
-0.524382114 0.058463193 0.849473596 327.303405762 0.117181644 0.993102491 0.003988386 -2.412417650 -0.843381226 0.101634167 -0.527615964 -80.491516113
-0.528639972 0.057777699 0.846877337 329.532409668 0.116985217 0.993119657 0.005269809 -2.417995930 -0.840746164 0.101857960 -0.531761885 -81.874595642
-0.531826198 0.057087038 0.844927311 331.760620117 0.116213977 0.993205786 0.006043671 -2.429746628 -0.838841617 0.101406537 -0.534847260 -83.287742615
-0.535748065 0.056044649 0.842515826 333.992889404 0.115973130 0.993222654 0.007676500 -2.433845520 -0.836375475 0.101821862 -0.538616896 -84.678268433
-0.538101673 0.055508148 0.841050148 336.206237793 0.116635136 0.993133307 0.009077406 -2.441056728 -0.834771097 0.102980569 -0.540880859 -86.101333618
-0.541232765 0.054684814 0.839092731 338.424133301 0.114378117 0.993396223 0.009035351 -2.447121143 -0.833057344 0.100864068 -0.543913424 -87.519683838
-0.544749141 0.053227376 0.836908102 340.626342773 0.109928951 0.993904471 0.008341149 -2.455998421 -0.831362724 0.096544266 -0.547279835 -88.920578003
-0.547911584 0.052695595 0.834874928 342.837615967 0.106586315 0.994277358 0.007193704 -2.455154419 -0.829718173 0.092927761 -0.550392747 -90.358390808
-0.550706267 0.050619017 0.833162844 345.040618896 0.104738310 0.994460762 0.008811493 -2.454183340 -0.828101754 0.092116617 -0.552957535 -91.807090759
-0.553984880 0.049829740 0.831034124 347.237060547 0.105468020 0.994365275 0.010683953 -2.454079866 -0.825819135 0.093566276 -0.556118786 -93.259391785
-0.556922674 0.050005216 0.829057693 349.417724609 0.104758717 0.994443357 0.010391473 -2.456147432 -0.823931456 0.092638262 -0.559066474 -94.722106934
-0.559493482 0.049102519 0.827378988 351.594757080 0.103074856 0.994616330 0.010674116 -2.451895952 -0.822400510 0.091254070 -0.561542571 -96.192779541
-0.562820613 0.045753036 0.825311780 353.799102783 0.101374865 0.994749904 0.013986274 -2.452756405 -0.820339024 0.091537625 -0.564503968 -97.691581726
-0.564633846 0.043444749 0.824197352 355.977355957 0.099486351 0.994914889 0.015711699 -2.442653179 -0.819323599 0.090867743 -0.566084743 -99.210990906
-0.569139898 0.042545807 0.821139336 358.188751221 0.097067200 0.995153725 0.015716199 -2.419349670 -0.816491127 0.088650405 -0.570511341 -100.684692383
-0.572742522 0.042427152 0.818636715 360.336212158 0.096049719 0.995253861 0.015618606 -2.407164574 -0.814088702 0.087575249 -0.574099362 -102.122909546
-0.574098945 0.042599518 0.817677081 362.532531738 0.096943788 0.995157659 0.016219206 -2.395987511 -0.813026786 0.088580117 -0.575448692 -103.702705383
-0.576532304 0.042137656 0.815987110 364.686187744 0.096694842 0.995170057 0.016928645 -2.378827095 -0.811332643 0.088661648 -0.577822208 -105.220619202
-0.579403520 0.039991051 0.814059138 366.830474854 0.092785910 0.995538592 0.017133683 -2.372908115 -0.809742153 0.085460529 -0.580529153 -106.726890564
-0.582400978 0.037146799 0.812052429 368.991302490 0.082216971 0.996524751 0.013380362 -2.353515148 -0.808733106 0.074557237 -0.583430946 -108.244499207
-0.585390866 0.040347684 0.809746623 371.088073730 0.076054417 0.997089565 0.005299579 -2.369621754 -0.807176113 0.064687133 -0.586755753 -109.753074646
-0.586976886 0.050166626 0.808048010 373.168334961 0.086307332 0.996268213 0.000842776 -2.388354778 -0.804990053 0.070235148 -0.589116096 -111.280975342
-0.587423325 0.051251445 0.807655275 375.251251221 0.093935885 0.995564938 0.005145766 -2.400835276 -0.803809583 0.078890592 -0.589632392 -112.809097290
-0.589348733 0.041686136 0.806802511 377.371826172 0.092839971 0.995546341 0.016379019 -2.395213604 -0.802526534 0.084556483 -0.590594113 -114.344413757
-0.592092931 0.031115079 0.805268764 379.499450684 0.086666606 0.995917499 0.025242046 -2.363655090 -0.801195800 0.084735550 -0.592372417 -115.895072937
-0.595265627 0.025021736 0.803139269 381.665649414 0.080485694 0.996345043 0.028612832 -2.317378044 -0.799487770 0.081673466 -0.595103860 -117.458953857
-0.597417295 0.025200516 0.801534474 383.696472168 0.079886436 0.996404529 0.028215416 -2.278146744 -0.797941566 0.080888100 -0.597282529 -118.980972290
-0.599293411 0.030545341 0.799946547 385.787567139 0.085846268 0.995961726 0.026283139 -2.248261452 -0.795913279 0.084423736 -0.599495411 -120.545356750
-0.600871623 0.037034418 0.798487186 387.856750488 0.090098150 0.995698214 0.021618783 -2.207066536 -0.794251621 0.084932342 -0.601623535 -122.095222473
-0.602740824 0.039798025 0.796943843 389.915252686 0.091201827 0.995646238 0.019256450 -2.191039562 -0.792707801 0.084289387 -0.603746355 -123.653808594
-0.604805291 0.040260959 0.795355022 392.024078369 0.092386596 0.995525181 0.019859197 -2.166141987 -0.790996373 0.085491106 -0.605818450 -125.267494202
-0.606883109 0.039415937 0.793813169 394.067749023 0.093129776 0.995415866 0.021772925 -2.144447327 -0.789315999 0.087141261 -0.607771873 -126.829162598
-0.609127164 0.038890306 0.792118430 396.143585205 0.093523152 0.995350242 0.023049595 -2.111881256 -0.787538886 0.088121533 -0.609932065 -128.418075562
-0.610264599 0.039162353 0.791229069 398.184936523 0.093849905 0.995317757 0.023121340 -2.083214760 -0.786618888 0.088366888 -0.611082613 -129.991516113
-0.611002922 0.039508767 0.790641844 400.229278564 0.094753325 0.995223463 0.023492949 -2.050106049 -0.785937011 0.089270204 -0.611828089 -131.578918457
-0.611121058 0.040153425 0.790518045 402.208618164 0.095078647 0.995205164 0.022951620 -2.025827408 -0.785806000 0.089187600 -0.612008572 -133.120697021
-0.611972928 0.039200149 0.789906740 404.242858887 0.095923744 0.995076358 0.024934055 -1.994003296 -0.785039961 0.091029778 -0.612719893 -134.687072754
-0.611492693 0.038266126 0.790324211 406.265075684 0.097454347 0.994867265 0.027232999 -1.956299782 -0.785225630 0.093673319 -0.612083316 -136.296081543
-0.611937165 0.037925247 0.789996684 408.295776367 0.099434495 0.994613528 0.029274428 -1.913550377 -0.784630895 0.096467040 -0.612411857 -137.878707886
-0.612699866 0.037565224 0.789422393 410.346862793 0.097180508 0.994870484 0.028083779 -1.875128746 -0.784317970 0.093923405 -0.613207638 -139.465148926
-0.614087582 0.038263876 0.788309813 412.413879395 0.093558297 0.995310545 0.024569731 -1.832831383 -0.783672929 0.088840879 -0.614787877 -141.067733765
-0.613425314 0.038138468 0.788831294 414.420471191 0.091351897 0.995555222 0.022905543 -1.801656723 -0.784451544 0.086112082 -0.614182830 -142.680923462
-0.613644958 0.037332401 0.788699031 416.483093262 0.091163702 0.995551407 0.023806082 -1.769864082 -0.784301579 0.086509198 -0.614318490 -144.312835693
-0.612836897 0.037021358 0.789341748 418.560607910 0.090065688 0.995664835 0.023227843 -1.738665581 -0.785059929 0.085327476 -0.613514543 -145.963165283
-0.613416433 0.036175080 0.788930714 420.625793457 0.087035306 0.995962024 0.022004310 -1.704360962 -0.784949124 0.082162626 -0.614088118 -147.563522339
-0.612811625 0.035851482 0.789415300 422.669921875 0.086514682 0.996009290 0.021926077 -1.677261353 -0.785478950 0.081732571 -0.613467693 -149.172454834
-0.613905728 0.033652160 0.788661718 424.742279053 0.085769907 0.996019483 0.024264429 -1.649679184 -0.784705877 0.082539514 -0.614348412 -150.748931885
-0.609812856 0.032849412 0.791864276 426.754638672 0.089759149 0.995574772 0.027823258 -1.616752625 -0.787446260 0.088044047 -0.610062957 -152.388305664
-0.607226431 0.030884681 0.793928385 428.786804199 0.093771137 0.995046318 0.033011321 -1.566498756 -0.788975775 0.094492927 -0.607114494 -153.978744507
-0.604310095 0.030424707 0.796168089 430.814422607 0.098028339 0.994517624 0.036401372 -1.495451927 -0.790695667 0.100044757 -0.603979588 -155.565734863
-0.601280570 0.028473962 0.798530459 432.844116211 0.092159733 0.995166659 0.033909190 -1.431161880 -0.793705404 0.093981281 -0.600998580 -157.126403809
-0.599285305 0.028469561 0.800029159 434.869018555 0.085667983 0.995909393 0.028732050 -1.381808281 -0.795938492 0.085755587 -0.599272788 -158.671722412
-0.595160306 0.026890690 0.803157032 436.937286377 0.081207000 0.996336460 0.026817944 -1.335335732 -0.799493432 0.081182942 -0.595163643 -160.263275146
-0.593022585 0.026497843 0.804749727 438.998657227 0.079056211 0.996545374 0.025443709 -1.305814743 -0.801295400 0.078709155 -0.593068719 -161.754180908
-0.589417458 0.027247367 0.807368994 441.072143555 0.081090994 0.996378541 0.025574123 -1.262544632 -0.803748310 0.080544189 -0.589492440 -163.281341553
-0.584803700 0.027119288 0.810721397 443.151947021 0.081613325 0.996336699 0.025542475 -1.218247414 -0.807058811 0.081103019 -0.584874690 -164.839981079
-0.581069946 0.028900040 0.813340187 445.215637207 0.080241159 0.996534526 0.021916846 -1.181439400 -0.809888303 0.077998586 -0.581375301 -166.357284546
-0.579942942 0.024384957 0.814292073 447.312896729 0.073887743 0.997006714 0.022766653 -1.157011032 -0.811299503 0.073369555 -0.580008686 -167.832122803
-0.576352298 0.019009661 0.816980183 449.457519531 0.065768152 0.997565508 0.023185689 -1.122479439 -0.814550519 0.067094401 -0.576199412 -169.426116943
-0.574421227 0.015887139 0.818405688 451.572082520 0.058984913 0.998015821 0.022026449 -1.096303940 -0.816431880 0.060926046 -0.574218631 -170.942611694
-0.572434247 0.016005060 0.819794297 453.701049805 0.057810154 0.998109221 0.020880507 -1.066081047 -0.817910194 0.059345156 -0.572277248 -172.445343018
-0.570118129 0.016387703 0.821399152 455.800354004 0.060944811 0.997889876 0.022391802 -1.038622856 -0.819299161 0.062825985 -0.569913983 -173.930328369
-0.567291200 0.015344934 0.823374271 457.907531738 0.063042201 0.997701645 0.024841212 -1.008362770 -0.821100712 0.065999530 -0.566954732 -175.412399292
-0.563813686 0.013118706 0.825797677 460.000671387 0.061780583 0.997742355 0.026330471 -0.969440460 -0.823588073 0.065863751 -0.563351214 -176.907745361
-0.561114907 0.013430845 0.827628970 462.122375488 0.060158223 0.997885883 0.024592200 -0.927166939 -0.825548947 0.063587748 -0.560736418 -178.384078979
-0.558361530 0.014198567 0.829476178 464.247375488 0.058778133 0.998017848 0.022482889 -0.898010254 -0.827512860 0.061308637 -0.558089256 -179.857910156
-0.555697024 0.016147090 0.831228077 466.386199951 0.060071718 0.997977912 0.020773167 -0.864582062 -0.829211831 0.061476894 -0.555543303 -181.303909302
-0.552697241 0.016529389 0.833218157 468.523040771 0.061409298 0.997893035 0.020938322 -0.834764481 -0.831116498 0.062739894 -0.552547753 -182.760345459
