1 -1.17944e-19 -2.31015e-20 1.38778e-17 -1.05849e-18 1 3.3944e-19 0 2.94222e-20 8.31989e-20 1 -5.55112e-17
0.999996 -0.00248209 -0.00150676 0.042886 0.00248653 0.999993 0.00295007 -0.0102735 0.00149942 -0.00295381 0.999995 0.695076
0.999993 -0.00316379 -0.0021207 0.0557531 0.00317219 0.999987 0.00397008 -0.0279587 0.00210811 -0.00397677 0.99999 1.56652
0.999992 -0.00193676 -0.00358541 0.0433299 0.00194996 0.999991 0.00368358 -0.0426711 0.00357824 -0.00369054 0.999987 2.57952
0.999987 -0.00167855 -0.00482771 0.0223045 0.00169753 0.999991 0.00393001 -0.0631324 0.00482107 -0.00393816 0.999981 3.85146
0.999986 -0.00120681 -0.00509664 -0.0134973 0.00122817 0.99999 0.00419106 -0.0826201 0.00509153 -0.00419727 0.999978 5.29328
0.999975 -0.00155835 -0.00694095 -0.031109 0.00158849 0.999989 0.00433897 -0.103317 0.00693411 -0.00434988 0.999966 6.84096
0.999962 -0.00323647 -0.00809988 -0.0522978 0.00327007 0.999986 0.00413788 -0.133715 0.00808638 -0.00416421 0.999959 8.40432
0.999926 -0.00467364 -0.0111948 -0.0677087 0.00472325 0.999979 0.00440884 -0.158151 0.011174 -0.00446139 0.999928 9.94623
0.99993 -0.00460297 -0.010887 -0.0988995 0.00465456 0.999978 0.0047181 -0.186621 0.010865 -0.00476844 0.99993 11.4248
0.999931 -0.00390306 -0.0110975 -0.130452 0.00395384 0.999982 0.00455797 -0.201312 0.0110795 -0.00460153 0.999928 12.8995
0.999927 -0.00249162 -0.011798 -0.155762 0.00255326 0.999983 0.00521239 -0.22525 0.0117848 -0.00524213 0.999917 14.3691
0.999915 -0.00118823 -0.0129537 -0.190741 0.00126709 0.999981 0.00608129 -0.243461 0.0129463 -0.00609719 0.999898 15.8354
0.999901 -0.00043742 -0.0140365 -0.216502 0.000533747 0.999976 0.00685961 -0.261571 0.0140332 -0.00686642 0.999878 17.3023
0.999889 -0.00038735 -0.0149198 -0.243189 0.000490549 0.999976 0.00691385 -0.279909 0.0149168 -0.0069204 0.999865 18.7805
0.999892 0.000288535 -0.0146926 -0.267359 -0.000187188 0.999976 0.00689876 -0.297781 0.0146942 -0.00689527 0.999868 20.2317
0.999891 0.00123822 -0.014702 -0.304921 -0.00112645 0.99997 0.00760827 -0.318208 0.014711 -0.00759088 0.999863 21.6646
0.999887 0.00200869 -0.0149023 -0.332174 -0.00187807 0.99996 0.00877358 -0.334788 0.0149193 -0.0087446 0.99985 23.112
0.999893 0.00225022 -0.0144749 -0.365718 -0.00213801 0.999968 0.00776275 -0.351407 0.0144919 -0.00773097 0.999865 24.5227
0.999892 0.00240148 -0.0145221 -0.394095 -0.00231485 0.999979 0.00597889 -0.368939 0.0145362 -0.00594462 0.999877 25.9371
0.999896 0.000749812 -0.0143878 -0.421347 -0.000665147 0.999982 0.00588836 -0.388465 0.014392 -0.00587818 0.999879 27.3373
0.999896 -0.000230503 -0.0143887 -0.438457 0.000347826 0.999967 0.00815189 -0.403864 0.0143863 -0.00815605 0.999863 28.7672
0.999896 -0.00205536 -0.0142404 -0.471061 0.00219231 0.999951 0.00960806 -0.420559 0.0142199 -0.00963829 0.999852 30.1766
0.999898 -0.00273029 -0.0140128 -0.495182 0.00285853 0.999954 0.00913999 -0.44038 0.0139872 -0.00917911 0.99986 31.5692
0.999907 -0.00235785 -0.0134281 -0.526151 0.00246093 0.999968 0.00766526 -0.457625 0.0134096 -0.00769759 0.99988 32.9287
0.999912 -0.0013311 -0.0132234 -0.549109 0.00141952 0.999977 0.00667941 -0.473265 0.0132142 -0.00669759 0.99989 34.2992
0.999938 -0.000913173 -0.0111364 -0.580235 0.000980047 0.999982 0.00600101 -0.496856 0.0111307 -0.00601155 0.99992 35.6455
0.99995 -0.000345861 -0.00998185 -0.603939 0.000416045 0.999975 0.00703 -0.516506 0.00997917 -0.0070338 0.999925 36.9603
0.999958 -4.26439e-05 -0.00920642 -0.618257 0.000125695 0.999959 0.00902063 -0.535405 0.00920566 -0.0090214 0.999917 38.293
0.999973 -0.000598787 -0.00726839 -0.644217 0.000671176 0.99995 0.00996103 -0.556075 0.00726207 -0.00996564 0.999924 39.5963
0.999992 -0.000234987 -0.00396845 -0.669586 0.000277441 0.999943 0.0107008 -0.57146 0.0039657 -0.0107018 0.999935 40.8552
0.999999 -0.000507196 -0.00129541 -0.674162 0.000520462 0.999947 0.0102609 -0.588711 0.00129014 -0.0102615 0.999947 42.1168
0.999997 -0.00113133 0.00228284 -0.676262 0.00111163 0.999962 0.00861472 -0.605424 -0.0022925 -0.00861216 0.99996 43.3583
0.999983 -0.00132738 0.00562975 -0.672503 0.00128708 0.999974 0.00715548 -0.623753 -0.0056391 -0.00714812 0.999959 44.588
0.999957 -0.00115008 0.00924184 -0.671207 0.00107887 0.99997 0.00770711 -0.642154 -0.00925042 -0.00769681 0.999928 45.81
0.999877 -0.000691339 0.0156435 -0.671279 0.000574546 0.999972 0.00746918 -0.659216 -0.0156482 -0.00745928 0.99985 47.0048
0.999747 0.000915399 0.0224553 -0.667807 -0.0010651 0.999977 0.00665579 -0.675397 -0.0224487 -0.00667803 0.999726 48.1894
0.999537 0.00228092 0.0303478 -0.644048 -0.00248628 0.999974 0.00673095 -0.690637 -0.0303316 -0.00680329 0.999517 49.3803
0.999244 0.00360487 0.0387083 -0.606521 -0.00390051 0.999964 0.00756482 -0.707545 -0.0386796 -0.00771009 0.999222 50.5431
0.998795 0.00553951 0.0487598 -0.564354 -0.00595252 0.999948 0.00832913 -0.725174 -0.0487111 -0.00860934 0.998776 51.7046
0.998054 0.0078728 0.061855 -0.511026 -0.00841166 0.999929 0.00845623 -0.74119 -0.061784 -0.00896008 0.998049 52.8363
0.997003 0.00966943 0.0767543 -0.439954 -0.0103808 0.999907 0.00887487 -0.755897 -0.0766613 -0.00964504 0.997011 53.968
0.99557 0.0118386 0.0932783 -0.346281 -0.0128138 0.999869 0.00986301 -0.767258 -0.0931493 -0.0110146 0.995591 55.0851
0.993747 0.0119302 0.111015 -0.236675 -0.0132189 0.999853 0.0108794 -0.781572 -0.110869 -0.0122789 0.993759 56.1849
0.991479 0.0114292 0.129765 -0.094537 -0.0128487 0.999866 0.0101076 -0.798328 -0.129632 -0.0116888 0.991493 57.2712
0.988603 0.0105895 0.150175 0.0640738 -0.0120826 0.999886 0.00903398 -0.807769 -0.150062 -0.0107455 0.988618 58.3495
0.985172 0.0078785 0.171389 0.234188 -0.00953368 0.999916 0.00883654 -0.817159 -0.171304 -0.0103395 0.985164 59.4044
0.981279 0.00259463 0.192573 0.438717 -0.00477922 0.999929 0.0108805 -0.83227 -0.192532 -0.0115972 0.981222 60.4402
0.976323 -0.00286887 0.216297 0.661302 0.000262246 0.999927 0.0120788 -0.841975 -0.216316 -0.0117361 0.976253 61.463
0.970732 -0.00813672 0.240028 0.913826 0.00543692 0.999914 0.0119079 -0.854361 -0.240104 -0.0102544 0.970693 62.4626
0.964328 -0.013991 0.264339 1.20233 0.0116801 0.999879 0.0103119 -0.872978 -0.264451 -0.00685655 0.964375 63.4467
0.956532 -0.0177662 0.291084 1.50218 0.0152369 0.999824 0.0109538 -0.88383 -0.291228 -0.00604244 0.956635 64.4226
0.947736 -0.0206803 0.318385 1.81372 0.0173897 0.999762 0.0131745 -0.888207 -0.318582 -0.00694933 0.94787 65.3583
0.938 -0.0251451 0.345722 2.15601 0.0209102 0.999654 0.0159743 -0.892421 -0.346004 -0.0077548 0.938201 66.2776
0.927058 -0.0285367 0.37383 2.52719 0.0244529 0.999578 0.0156633 -0.904914 -0.374119 -0.00537953 0.927365 67.1832
0.914851 -0.0278816 0.402827 2.92509 0.0253563 0.999611 0.011602 -0.901554 -0.402994 -0.000399923 0.915203 68.0835
0.902018 -0.0291175 0.430715 3.34684 0.0291133 0.999554 0.00660247 -0.914925 -0.430715 0.00658396 0.902464 68.9436
0.887621 -0.0313547 0.459505 3.78548 0.03291 0.999448 0.00462629 -0.932531 -0.459397 0.0110159 0.888163 69.787
0.872202 -0.0321971 0.488085 4.2679 0.0326294 0.999438 0.00762086 -0.945307 -0.488057 0.00927898 0.872763 70.6289
0.854494 -0.0312872 0.518518 4.75557 0.0287582 0.999503 0.0129174 -0.947557 -0.518665 0.0038738 0.854969 71.4377
0.834603 -0.0315225 0.54995 5.2861 0.0272854 0.999502 0.015882 -0.946145 -0.550176 0.00175044 0.835047 72.2437
0.813843 -0.0261236 0.580497 5.82979 0.0236161 0.999651 0.0118772 -0.95785 -0.580605 0.00404287 0.814176 72.9985
0.79175 -0.0192839 0.61054 6.39063 0.020397 0.999779 0.00512717 -0.967767 -0.610504 0.00839372 0.791969 73.7286
0.768848 -0.0168283 0.639211 6.98584 0.0194418 0.999807 0.00293682 -0.972066 -0.639136 0.0101695 0.769026 74.4441
0.745841 -0.0189591 0.665854 7.59239 0.0203878 0.999776 0.00563008 -0.986001 -0.665812 0.00937615 0.746061 75.1157
0.721179 -0.019478 0.692475 8.22644 0.0209143 0.999761 0.00634004 -0.993044 -0.692433 0.00991035 0.721414 75.7654
0.695958 -0.0181295 0.717854 8.89291 0.0218626 0.999753 0.00405311 -1.0167 -0.717749 0.0128733 0.696182 76.4013
0.669446 -0.0156543 0.742696 9.56817 0.0213767 0.99977 0.00180448 -1.03215 -0.742553 0.0146684 0.669627 76.9986
0.641945 -0.0132894 0.766636 10.2604 0.0199506 0.999801 0.000625506 -1.03526 -0.766491 0.0148933 0.642082 77.5841
0.614265 -0.0118828 0.78901 10.9794 0.0202668 0.999794 -0.000720925 -1.04899 -0.788839 0.0164335 0.61438 78.1443
0.585916 -0.00593448 0.81035 11.6882 0.0192582 0.999793 -0.00660263 -1.07334 -0.810143 0.0194745 0.585909 78.6623
0.555652 0.00316026 0.831409 12.4555 0.0179967 0.999713 -0.0158276 -1.0927 -0.83122 0.0237573 0.555435 79.1783
0.524632 0.0114776 0.851252 13.224 0.0168784 0.999572 -0.0238797 -1.11938 -0.851161 0.0268959 0.524214 79.6535
0.494329 0.016382 0.869121 14.0486 0.014625 0.999524 -0.0271582 -1.14886 -0.869152 0.0261359 0.493854 80.1006
0.463064 0.0161452 0.886178 14.8616 0.0128421 0.999607 -0.0249223 -1.17947 -0.886232 0.022921 0.462674 80.5105
0.430593 0.0142922 0.902433 15.6952 0.00919209 0.999753 -0.0202194 -1.21835 -0.902499 0.0170016 0.430356 80.8981
0.395579 0.0153857 0.918303 16.5476 0.00492241 0.99981 -0.0188717 -1.25137 -0.918419 0.0119855 0.395428 81.27
0.360186 0.0182932 0.932701 17.4126 -0.00213824 0.999821 -0.0187839 -1.28729 -0.932878 0.00477137 0.360161 81.6204
0.323983 0.0204557 0.945842 18.3014 -0.00770905 0.99979 -0.0189818 -1.31255 -0.946032 -0.00114177 0.324072 81.9317
0.288036 0.0197997 0.957415 19.2164 -0.00982467 0.999795 -0.0177204 -1.34055 -0.957569 -0.00430218 0.288172 82.2084
0.251764 0.0195139 0.967592 20.1315 -0.010657 0.999792 -0.0173904 -1.3688 -0.96773 -0.00593332 0.25192 82.4487
0.215982 0.0189597 0.976213 21.0702 -0.0102003 0.999801 -0.017161 -1.40464 -0.976344 -0.00625118 0.216132 82.6526
0.178799 0.017923 0.983722 22.0349 -0.00746097 0.99983 -0.0168604 -1.42265 -0.983857 -0.0043249 0.178903 82.8389
0.145732 0.0167984 0.989182 22.9581 -9.8907e-05 0.999856 -0.0169651 -1.45927 -0.989324 0.00237452 0.145713 82.9486
0.112109 0.0198043 0.993499 23.9257 0.00268426 0.999792 -0.0202326 -1.50076 -0.993692 0.00493505 0.112032 83.0478
0.0798628 0.0253387 0.996484 24.8851 0.00290163 0.999667 -0.0256522 -1.52306 -0.996802 0.00494009 0.0797626 83.1194
0.050088 0.0284007 0.998341 25.8315 0.00921589 0.99954 -0.0288972 -1.56982 -0.998702 0.010648 0.0498032 83.1635
0.0249369 0.0269398 0.999326 26.8129 0.0119708 0.999557 -0.0272447 -1.61134 -0.999617 0.0126421 0.0246034 83.1801
0.00263905 0.0242226 0.999703 27.7966 0.0137456 0.999611 -0.0242567 -1.64092 -0.999902 0.0138056 0.00230507 83.1766
-0.0168945 0.0221571 0.999612 28.7637 0.015031 0.999647 -0.0219038 -1.67553 -0.999744 0.0146551 -0.0172216 83.1625
-0.0334436 0.0244743 0.999141 29.748 0.0163897 0.999579 -0.0239364 -1.71883 -0.999306 0.0155751 -0.0338306 83.1302
-0.0486883 0.0295469 0.998377 30.7335 0.0190457 0.999408 -0.0286486 -1.74962 -0.998632 0.0176199 -0.0492222 83.083
-0.0615192 0.0338631 0.997531 31.6988 0.0229656 0.999208 -0.0325037 -1.79627 -0.997842 0.0209093 -0.0622481 83.0202
-0.0706217 0.0377983 0.996787 32.6811 0.0291168 0.998934 -0.0358168 -1.84299 -0.997078 0.0264938 -0.071647 82.9472
-0.0765621 0.0426297 0.996153 33.6593 0.0321002 0.998673 -0.0402703 -1.89629 -0.996548 0.0288936 -0.0778289 82.8584
-0.0797595 0.0477865 0.995668 34.6415 0.0342265 0.998393 -0.0451755 -1.94432 -0.996226 0.0304751 -0.0812668 82.7681
-0.0822275 0.0515068 0.995282 35.6329 0.0358762 0.998169 -0.0486923 -2.00585 -0.995968 0.0317031 -0.0839248 82.6754
-0.0843852 0.0545589 0.994938 36.6357 0.0368935 0.997986 -0.0515969 -2.06671 -0.99575 0.0323527 -0.0862282 82.5895
-0.0870931 0.058086 0.994505 37.6183 0.0374876 0.997783 -0.0549945 -2.12924 -0.995495 0.032492 -0.0890775 82.5071
-0.0882114 0.0617392 0.994187 38.6145 0.0388408 0.997531 -0.0585006 -2.19573 -0.995344 0.0334546 -0.0903917 82.4064
-0.0913158 0.0629416 0.993831 39.6244 0.0410818 0.997389 -0.0593922 -2.27122 -0.994974 0.0354049 -0.0936632 82.3036
-0.0921994 0.0620899 0.993803 40.6255 0.041316 0.997433 -0.0584836 -2.33894 -0.994883 0.0356678 -0.094528 82.2045
-0.0954143 0.0615456 0.993533 41.6526 0.0414265 0.997468 -0.0578109 -2.41616 -0.994575 0.0356426 -0.0977223 82.1158
-0.0961584 0.062737 0.993387 42.6699 0.0409843 0.997415 -0.0590241 -2.48897 -0.994522 0.0350376 -0.098481 82.0034
-0.0991221 0.0648663 0.992959 43.6829 0.0395689 0.997341 -0.0612026 -2.55652 -0.994288 0.0332238 -0.101425 81.9076
-0.101463 0.0671916 0.992568 44.6975 0.037422 0.997268 -0.0636844 -2.62951 -0.994135 0.0306823 -0.1037 81.8056
-0.104953 0.0707893 0.991955 45.7075 0.0354674 0.997095 -0.0674035 -2.70886 -0.993844 0.0281079 -0.107159 81.7091
-0.107269 0.0746264 0.991425 46.7255 0.0320285 0.996921 -0.0715747 -2.79367 -0.993714 0.0240761 -0.109329 81.6044
-0.110383 0.0769159 0.990909 47.7541 0.0297393 0.99681 -0.0740612 -2.87858 -0.993444 0.0212938 -0.112318 81.4901
-0.113792 0.075353 0.990643 48.7896 0.0273725 0.996979 -0.0726907 -2.96971 -0.993127 0.0188448 -0.11551 81.3823
-0.11701 0.0716023 0.990546 49.8384 0.0255827 0.997284 -0.0690673 -3.05004 -0.992801 0.0172593 -0.118524 81.2705
-0.119054 0.0694868 0.990453 50.8745 0.0251948 0.997438 -0.0669483 -3.13592 -0.992568 0.0169838 -0.1205 81.1445
-0.120646 0.0698034 0.990238 51.9347 0.0249832 0.997422 -0.0672659 -3.21923 -0.992381 0.016624 -0.122079 81.023
-0.122662 0.0724149 0.989803 52.9858 0.0261518 0.997224 -0.0697169 -3.30597 -0.992104 0.0173334 -0.124216 80.8968
-0.123751 0.0746684 0.9895 54.0262 0.0265446 0.997057 -0.0719189 -3.39564 -0.991958 0.0173658 -0.125369 80.7649
-0.124566 0.0755088 0.989334 55.0889 0.0249348 0.997023 -0.0729561 -3.48361 -0.991898 0.015581 -0.126078 80.6381
-0.124818 0.0744079 0.989386 56.1494 0.0220874 0.997145 -0.072205 -3.56917 -0.991934 0.0128404 -0.126106 80.5137
-0.124845 0.0741814 0.989399 57.2114 0.0187021 0.9972 -0.0724064 -3.6519 -0.992 0.00946424 -0.125883 80.3909
-0.125238 0.0748191 0.989302 58.2874 0.0145205 0.997184 -0.073577 -3.7458 -0.99202 0.00515051 -0.125972 80.2756
-0.124612 0.0748246 0.98938 59.371 0.01041 0.997196 -0.0741046 -3.83736 -0.992151 0.00106508 -0.125042 80.1345
-0.12555 0.0740793 0.989318 60.4398 0.00689091 0.997249 -0.0737987 -3.9306 -0.992063 -0.00244814 -0.125715 80.0186
-0.125506 0.0691788 0.989678 61.5176 0.006583 0.997602 -0.0688978 -4.01933 -0.992071 -0.00213207 -0.125661 79.8759
-0.126204 0.0612207 0.990114 62.6036 0.00976751 0.998122 -0.0604709 -4.09547 -0.991956 0.00203929 -0.126565 79.7402
-0.126894 0.056131 0.990327 63.7109 0.015715 0.998386 -0.0545742 -4.16596 -0.991792 0.00863779 -0.127572 79.6034
-0.125919 0.0576802 0.990362 64.8014 0.0235322 0.998201 -0.0551447 -4.24559 -0.991761 0.0163617 -0.12705 79.4471
-0.12454 0.0630966 0.990206 65.8997 0.0286325 0.997789 -0.0599786 -4.3266 -0.991801 0.0208823 -0.126072 79.3007
-0.124046 0.068728 0.989893 66.9971 0.031921 0.997359 -0.0652462 -4.40004 -0.991763 0.0235048 -0.125913 79.1595
-0.123156 0.0721141 0.989764 68.091 0.0327983 0.997107 -0.0685681 -4.5023 -0.991845 0.024018 -0.125165 79.0174
-0.121828 0.0707294 0.990028 69.2214 0.0304622 0.997254 -0.0674972 -4.57943 -0.992084 0.0219354 -0.123648 78.8691
-0.12181 0.0658198 0.990369 70.3489 0.0302197 0.997582 -0.0625824 -4.66377 -0.992093 0.0223055 -0.123504 78.7438
-0.122635 0.0636403 0.990409 71.4732 0.0283928 0.997758 -0.0605968 -4.74364 -0.992045 0.0206892 -0.124167 78.6235
-0.123208 0.0642795 0.990297 72.6055 0.0266323 0.997755 -0.0614501 -4.82106 -0.992023 0.0188028 -0.124643 78.4954
-0.122476 0.06865 0.990094 73.7162 0.0270496 0.997465 -0.065815 -4.91055 -0.992103 0.018721 -0.124022 78.3607
-0.121008 0.0717092 0.990058 74.8548 0.0265762 0.997264 -0.0689828 -5.00139 -0.992296 0.0179645 -0.122583 78.2146
-0.121621 0.0701946 0.990091 75.9799 0.0260236 0.997379 -0.0675146 -5.09261 -0.992235 0.0175546 -0.123129 78.0817
-0.121164 0.0639833 0.990568 77.1243 0.0281139 0.997741 -0.0610078 -5.17671 -0.992234 0.0204568 -0.122689 77.9327
-0.120947 0.0621697 0.99071 78.2842 0.02805 0.997852 -0.0591935 -5.25697 -0.992263 0.0206302 -0.122431 77.7916
-0.120453 0.0647467 0.990605 79.4406 0.025569 0.997742 -0.0621041 -5.34267 -0.99239 0.0178481 -0.121836 77.6548
-0.120128 0.0680123 0.990426 80.6004 0.0244018 0.997551 -0.0655419 -5.42428 -0.992458 0.0162947 -0.121494 77.5234
-0.120268 0.0672538 0.990461 81.7777 0.0234341 0.997617 -0.0648942 -5.51826 -0.992465 0.0154059 -0.121558 77.3845
-0.120193 0.0640957 0.990679 82.9636 0.0232573 0.997822 -0.0617361 -5.60244 -0.992478 0.0156203 -0.121422 77.2457
-0.11897 0.0629924 0.990898 84.1482 0.0240312 0.997876 -0.0605508 -5.68562 -0.992607 0.0166088 -0.120231 77.1117
-0.118162 0.0635082 0.990961 85.3122 0.0253823 0.99782 -0.0609212 -5.77026 -0.99267 0.0179543 -0.119517 76.9758
-0.117325 0.0634205 0.991066 86.4881 0.0275043 0.997783 -0.0605943 -5.85842 -0.992713 0.0201494 -0.118809 76.8288
-0.115117 0.0632455 0.991337 87.6868 0.0278055 0.997785 -0.0604281 -5.9395 -0.992963 0.0206083 -0.116621 76.6728
-0.114013 0.0635196 0.991447 88.8738 0.0280015 0.997763 -0.0607042 -6.0215 -0.993085 0.020841 -0.115536 76.5507
-0.113076 0.0616044 0.991675 90.0768 0.0290961 0.997853 -0.0586705 -6.11313 -0.99316 0.0222197 -0.114626 76.4085
-0.110932 0.060986 0.991955 91.3029 0.0279027 0.997913 -0.0582319 -6.19514 -0.993436 0.0212184 -0.112402 76.2668
-0.110287 0.0604386 0.992061 92.4902 0.0287669 0.997925 -0.0575979 -6.2756 -0.993483 0.0221862 -0.111797 76.1436
-0.109201 0.0610235 0.992145 93.6921 0.0273634 0.99792 -0.0583669 -6.35846 -0.993643 0.0207747 -0.110644 76.0259
-0.106909 0.062982 0.992272 94.9207 0.0268513 0.997811 -0.0604406 -6.45093 -0.993906 0.0201821 -0.108366 75.8848
-0.104116 0.0622926 0.992612 96.1409 0.0241267 0.997901 -0.0600938 -6.53207 -0.994272 0.0176917 -0.105401 75.7442
-0.102907 0.0609529 0.992822 97.3736 0.0218443 0.998018 -0.0590077 -6.62211 -0.994451 0.0156152 -0.104034 75.6103
-0.10574 0.0614487 0.992493 98.586 0.0187863 0.998034 -0.0597903 -6.7113 -0.994216 0.012323 -0.106687 75.5112
-0.104748 0.0607435 0.992642 99.8411 0.0154979 0.998111 -0.0594428 -6.80078 -0.994378 0.00915733 -0.105492 75.3755
-0.106531 0.0586163 0.99258 101.065 0.0134726 0.998254 -0.0575054 -6.88114 -0.994218 0.00724647 -0.107135 75.2558
-0.10847 0.0570382 0.992462 102.305 0.011354 0.998359 -0.0561361 -6.96763 -0.994035 0.00517934 -0.10894 75.1268
-0.108602 0.0562744 0.992491 103.544 0.00968242 0.998409 -0.0555504 -7.05046 -0.994038 0.00357681 -0.108974 74.9899
-0.110584 0.0564301 0.992264 104.774 0.0101556 0.998399 -0.0556472 -7.1353 -0.993815 0.00392334 -0.11098 74.8684
-0.112468 0.054473 0.992161 106.026 0.00913576 0.998511 -0.053786 -7.2267 -0.993613 0.00301492 -0.112799 74.7298
-0.115033 0.0506726 0.992068 107.266 0.00832612 0.998712 -0.0500466 -7.29961 -0.993327 0.00250307 -0.115307 74.6002
-0.119761 0.0504841 0.991518 108.515 0.00747138 0.998724 -0.0499485 -7.37502 -0.992775 0.00142614 -0.119985 74.4586
-0.125766 0.0552624 0.99052 109.723 0.00261362 0.998462 -0.0553737 -7.46401 -0.992056 -0.00437527 -0.125717 74.3249
-0.132165 0.057909 0.989535 110.958 0.000688408 0.998297 -0.0583299 -7.5512 -0.991227 -0.00702796 -0.13198 74.158
-0.14094 0.0542602 0.98853 112.17 0.00271374 0.998514 -0.0544214 -7.63764 -0.990014 -0.00498753 -0.140878 73.9948
-0.153046 0.0520302 0.986848 113.394 0.00593201 0.998643 -0.0517321 -7.71982 -0.988201 -0.00206342 -0.153147 73.8273
-0.165875 0.052868 0.984729 114.602 0.00680796 0.9986 -0.0524659 -7.81349 -0.986123 -0.00199879 -0.166003 73.6284
-0.179461 0.053129 0.982329 115.816 0.0072092 0.998585 -0.0526911 -7.88928 -0.983739 -0.00237421 -0.17959 73.4062
-0.193644 0.0517327 0.979707 117.001 0.00883196 0.99866 -0.0509878 -7.96372 -0.981032 -0.00122074 -0.193841 73.1838
-0.208819 0.0535598 0.976487 118.177 0.012891 0.998563 -0.0520139 -8.05082 -0.977869 0.00172642 -0.20921 72.9356
-0.224439 0.0570107 0.972819 119.352 0.013222 0.998373 -0.0554578 -8.1336 -0.974398 0.000415733 -0.224828 72.6683
-0.238766 0.0600982 0.969216 120.527 0.01219 0.99819 -0.0588918 -8.22542 -0.971 -0.00224664 -0.239067 72.3745
-0.255099 0.0583254 0.965154 121.676 0.00835411 0.998275 -0.0581189 -8.31151 -0.966879 -0.00676304 -0.255146 72.0918
-0.270728 0.0530601 0.961193 122.852 0.00328069 0.998525 -0.0541969 -8.39079 -0.96265 -0.0115192 -0.270502 71.7766
-0.285894 0.0498936 0.956961 124.018 0.000755099 0.998655 -0.0518419 -8.46544 -0.958261 -0.0140987 -0.285548 71.459
-0.301195 0.0504801 0.952226 125.159 -0.00175946 0.998567 -0.0534933 -8.55013 -0.953561 -0.0177873 -0.300674 71.1208
-0.315084 0.052451 0.947613 126.299 -0.00221182 0.998428 -0.0559991 -8.62909 -0.949061 -0.0197404 -0.314473 70.7495
-0.329541 0.0543908 0.942574 127.417 -0.000934338 0.99832 -0.0579343 -8.71765 -0.944141 -0.0199724 -0.328936 70.3661
-0.343334 0.0544564 0.937633 128.537 0.000977464 0.998338 -0.0576241 -8.80309 -0.939213 -0.0188678 -0.342817 69.9609
-0.357306 0.0526753 0.932501 129.65 0.000783719 0.998425 -0.056099 -8.88648 -0.933987 -0.0193136 -0.356784 69.5448
-0.369888 0.0513418 0.927657 130.764 0.000752816 0.998488 -0.0549618 -8.97402 -0.929076 -0.0196314 -0.369368 69.1026
-0.386102 0.0530186 0.920931 131.866 -5.118e-05 0.998346 -0.0574969 -9.05364 -0.922456 -0.0222468 -0.38546 68.6669
-0.401356 0.0547314 0.914285 132.957 0.000387128 0.998223 -0.0595862 -9.14252 -0.915922 -0.0235614 -0.400664 68.2027
-0.415868 0.0563018 0.90768 134.02 0.00138888 0.99812 -0.0612753 -9.22755 -0.909424 -0.0242218 -0.415165 67.714
-0.430688 0.0588955 0.900577 135.095 0.00410201 0.997986 -0.0633041 -9.31656 -0.902492 -0.0235701 -0.430062 67.2042
-0.444276 0.0626579 0.893696 136.154 0.00414739 0.997684 -0.0678869 -9.40948 -0.895881 -0.026454 -0.443507 66.6832
-0.459503 0.0643702 0.885841 137.227 0.00394237 0.997508 -0.0704396 -9.50345 -0.888167 -0.0288749 -0.458612 66.1423
-0.474853 0.0620012 0.877878 138.286 0.00319031 0.99763 -0.0687332 -9.60264 -0.880059 -0.0298375 -0.473926 65.571
-0.490406 0.0581769 0.86955 139.349 0.000583731 0.997791 -0.0664276 -9.69064 -0.871494 -0.0320689 -0.489356 64.9873
-0.506009 0.0581293 0.860567 140.406 0.000284347 0.997738 -0.0672277 -9.78792 -0.862528 -0.0337731 -0.50488 64.3774
-0.522167 0.0571045 0.850929 141.454 -0.00135053 0.997699 -0.0677827 -9.88205 -0.852842 -0.0365431 -0.520889 63.7539
-0.538246 0.0562748 0.840907 142.491 -0.00182931 0.997688 -0.0679377 -9.9779 -0.842786 -0.0381055 -0.536898 63.1081
-0.554336 0.0558101 0.83042 143.518 -0.00331306 0.997593 -0.0692569 -10.07 -0.832286 -0.0411428 -0.552817 62.4528
-0.569634 0.0554173 0.820028 144.542 -0.00355691 0.997549 -0.0698849 -10.1708 -0.821891 -0.0427256 -0.568041 61.747
-0.584936 0.0525415 0.809376 145.539 -0.00452319 0.997673 -0.0680339 -10.2675 -0.811066 -0.0434565 -0.583338 61.042
-0.599506 0.049408 0.798844 146.522 -0.00444132 0.997872 -0.0650508 -10.3596 -0.800358 -0.0425463 -0.598011 60.3131
-0.61507 0.0474998 0.78704 147.514 -0.00380798 0.997993 -0.0632072 -10.4571 -0.788463 -0.0418739 -0.613655 59.5622
-0.629475 0.0461482 0.775649 148.492 -0.00439789 0.998007 -0.0629468 -10.5523 -0.777009 -0.0430346 -0.628017 58.7784
-0.64415 0.0463452 0.763494 149.431 -0.00654279 0.997792 -0.0660876 -10.6477 -0.764871 -0.0475657 -0.642425 58.0043
-0.659772 0.0462289 0.750042 150.377 -0.00845011 0.997586 -0.0689195 -10.7453 -0.751418 -0.0518091 -0.657789 57.1892
-0.675526 0.0427112 0.736098 151.318 -0.0105828 0.997656 -0.0675999 -10.8458 -0.73726 -0.0534555 -0.673491 56.3528
-0.691157 0.0366058 0.721777 152.247 -0.0132082 0.99791 -0.0632581 -10.9375 -0.722584 -0.0532547 -0.689229 55.4709
-0.708131 0.0338368 0.70527 153.158 -0.0147473 0.997924 -0.0626847 -11.0268 -0.705927 -0.0547898 -0.706162 54.5905
-0.725431 0.0317949 0.68756 154.043 -0.0162502 0.997863 -0.0632896 -11.1207 -0.688103 -0.0570852 -0.723364 53.6874
-0.743085 0.0273084 0.66864 154.899 -0.0201038 0.997805 -0.0630942 -11.2137 -0.668895 -0.0603265 -0.740905 52.7736
-0.759418 0.0267034 0.650055 155.727 -0.0189806 0.997823 -0.0631631 -11.2995 -0.650327 -0.0603056 -0.757257 51.8065
-0.776107 0.0267206 0.630035 156.542 -0.0189194 0.997665 -0.065618 -11.4098 -0.630318 -0.0628465 -0.773789 50.834
-0.790083 0.0272088 0.612396 157.332 -0.0155625 0.997802 -0.0644104 -11.4995 -0.612803 -0.0604199 -0.787923 49.8271
-0.805114 0.0284016 0.59244 158.102 -0.011522 0.997915 -0.0634983 -11.6002 -0.593008 -0.0579495 -0.803108 48.81
-0.819294 0.0301674 0.57258 158.832 -0.00957352 0.997756 -0.0662671 -11.6975 -0.573294 -0.0597738 -0.817166 47.7807
-0.833575 0.0307778 0.551549 159.536 -0.00957982 0.997491 -0.0701408 -11.8033 -0.552324 -0.0637513 -0.831188 46.7362
-0.846245 0.0314686 0.531864 160.222 -0.00712467 0.997497 -0.0703545 -11.9051 -0.532746 -0.0633265 -0.843902 45.655
-0.858144 0.0302331 0.512518 160.883 -0.00563625 0.99765 -0.0682878 -12.0101 -0.513378 -0.0614894 -0.855957 44.5655
-0.868497 0.0318545 0.494669 161.515 -0.00326865 0.997543 -0.0699761 -12.1095 -0.495683 -0.062391 -0.86626 43.472
-0.87891 0.0344036 0.475745 162.133 -0.000787879 0.997289 -0.0735748 -12.2151 -0.476987 -0.0650404 -0.876501 42.37
-0.887994 0.0321284 0.458732 162.726 -0.00263185 0.997185 -0.0749349 -12.3261 -0.459848 -0.0677491 -0.885409 41.2661
-0.89547 0.0298056 0.444123 163.303 -0.00385745 0.997199 -0.0747008 -12.4313 -0.445105 -0.0686055 -0.892846 40.1271
-0.902796 0.0280493 0.429153 163.871 -0.00459277 0.997185 -0.0748373 -12.5445 -0.430044 -0.0695338 -0.900126 38.9781
-0.909071 0.0267914 0.415778 164.404 -0.00466461 0.997213 -0.0744559 -12.6599 -0.416614 -0.0696252 -0.906413 37.8251
-0.915729 0.0236167 0.401101 164.934 -0.00653475 0.997264 -0.0736377 -12.7669 -0.401742 -0.0700533 -0.913069 36.6747
-0.921587 0.0191549 0.387699 165.45 -0.00881583 0.997491 -0.0702385 -12.8737 -0.388071 -0.0681488 -0.919106 35.49
-0.926843 0.0155882 0.375126 165.952 -0.0102294 0.997718 -0.0667343 -12.977 -0.37531 -0.0656896 -0.924569 34.3126
-0.931226 0.0162603 0.364078 166.419 -0.0076324 0.997915 -0.0640904 -13.0721 -0.364361 -0.0624615 -0.929161 33.1228
-0.934068 0.0199542 0.356536 166.87 -0.00348657 0.99788 -0.0649825 -13.1758 -0.357077 -0.0619412 -0.932019 31.9234
-0.936447 0.0256276 0.349873 167.312 0.00218528 0.997735 -0.0672335 -13.2746 -0.350803 -0.062196 -0.934381 30.7224
-0.937748 0.0282422 0.346167 167.743 0.00467855 0.997625 -0.0687177 -13.3837 -0.347285 -0.0628203 -0.935653 29.5299
-0.939434 0.0255379 0.341778 168.184 0.00252696 0.997709 -0.0676037 -13.4959 -0.342721 -0.0626456 -0.937346 28.3246
-0.941255 0.0183535 0.337198 168.636 -0.00351184 0.997936 -0.0641202 -13.5951 -0.337679 -0.0615376 -0.939248 27.1186
-0.943502 0.0130198 0.331112 169.083 -0.00811168 0.998021 -0.0623577 -13.6868 -0.331269 -0.0615205 -0.941529 25.9407
-0.944758 0.00685676 0.327696 169.513 -0.014906 0.997848 -0.0638536 -13.7777 -0.327428 -0.0652108 -0.942623 24.7343
-0.946011 0.0045239 0.324103 169.937 -0.0179894 0.997629 -0.0664338 -13.875 -0.323634 -0.0686775 -0.943686 23.5261
-0.947414 0.00406142 0.319985 170.359 -0.0188424 0.997477 -0.0684492 -13.9786 -0.319455 -0.070879 -0.944947 22.3525
-0.947531 0.00488231 0.319627 170.771 -0.0185912 0.997349 -0.070348 -14.0816 -0.319123 -0.0725992 -0.944929 21.1416
-0.947507 0.00749111 0.319647 171.185 -0.0163924 0.997273 -0.0719626 -14.1916 -0.319314 -0.0734248 -0.9448 19.9439
-0.947191 0.00833129 0.320563 171.599 -0.0160772 0.997171 -0.0734206 -14.2975 -0.320267 -0.074697 -0.944378 18.7465
-0.94648 0.0091175 0.322634 172.011 -0.0158783 0.997075 -0.0747577 -14.412 -0.322372 -0.0758795 -0.943567 17.541
-0.94535 0.0106281 0.325885 172.425 -0.0144068 0.997131 -0.0743117 -14.5279 -0.32574 -0.0749455 -0.942484 16.3292
-0.944872 0.0104916 0.327273 172.858 -0.0147219 0.997115 -0.0744688 -14.6392 -0.32711 -0.0751815 -0.941991 15.138
-0.943935 0.00873714 0.330016 173.286 -0.016774 0.997089 -0.0743762 -14.7485 -0.329705 -0.075742 -0.941041 13.956
-0.942421 0.00724536 0.334351 173.716 -0.0178859 0.997242 -0.0720244 -14.8571 -0.333951 -0.0738575 -0.939693 12.7765
-0.940056 0.00547421 0.340977 174.141 -0.0190916 0.997458 -0.0686483 -14.9642 -0.340486 -0.071043 -0.937562 11.6014
-0.937495 0.0034351 0.347981 174.588 -0.0208578 0.997599 -0.0660408 -15.0629 -0.347373 -0.069171 -0.935173 10.4178
-0.93515 0.00564554 0.354206 175.03 -0.0185172 0.997727 -0.0647902 -15.1723 -0.353767 -0.0671475 -0.93292 9.25999
-0.931916 0.00579193 0.362627 175.484 -0.0192211 0.997678 -0.0653313 -15.2656 -0.362164 -0.0678534 -0.929641 8.09974
-0.928337 0.00781561 0.371658 175.942 -0.0182651 0.997612 -0.066602 -15.3702 -0.371291 -0.0686175 -0.925978 6.96088
-0.924704 0.0092067 0.380576 176.422 -0.0174712 0.997628 -0.0665847 -15.4667 -0.380287 -0.0682202 -0.922349 5.81669
-0.918933 0.0111925 0.394255 176.898 -0.0165289 0.997626 -0.0668476 -15.5668 -0.394067 -0.067945 -0.916567 4.66561
-0.913237 0.0131321 0.407217 177.408 -0.016032 0.997548 -0.068123 -15.6653 -0.407113 -0.068741 -0.910787 3.53179
-0.907466 0.0145508 0.419874 177.934 -0.0151813 0.997612 -0.0673834 -15.7755 -0.419852 -0.0675223 -0.905078 2.40253
-0.900946 0.0142568 0.433696 178.468 -0.0154858 0.997767 -0.0649691 -15.8674 -0.433654 -0.0652498 -0.898714 1.28802
-0.895115 0.0168876 0.445516 179.024 -0.0132502 0.997833 -0.0644454 -15.9683 -0.445639 -0.0635892 -0.892952 0.182788
-0.88804 0.0189819 0.459374 179.602 -0.0116551 0.997897 -0.0637654 -16.0679 -0.459619 -0.0619803 -0.885951 -0.933331
-0.881201 0.020482 0.472297 180.186 -0.00976009 0.99806 -0.0614927 -16.1604 -0.47264 -0.0587972 -0.879292 -2.00716
-0.872336 0.023184 0.488357 180.782 -0.00602779 0.998289 -0.0581594 -16.255 -0.48887 -0.0536783 -0.870703 -3.10237
-0.864476 0.0261237 0.501995 181.391 -0.00239443 0.998423 -0.0560811 -16.3493 -0.502668 -0.0496828 -0.863051 -4.16371
-0.855637 0.0290222 0.516761 182.025 0.000798314 0.998499 -0.0547556 -16.4387 -0.517575 -0.0464384 -0.854377 -5.2059
-0.845576 0.0322703 0.532879 182.678 0.00440468 0.998559 -0.0534818 -16.5208 -0.533837 -0.0428758 -0.8445 -6.23667
-0.834707 0.0354147 0.549555 183.342 0.00791809 0.998599 -0.0523256 -16.605 -0.550638 -0.0393251 -0.833817 -7.23633
-0.822889 0.0364653 0.567032 184.021 0.00886685 0.998641 -0.051354 -16.6888 -0.568134 -0.0372309 -0.822094 -8.24556
-0.810575 0.0381246 0.584393 184.702 0.0100478 0.998637 -0.0512124 -16.7697 -0.585549 -0.0356395 -0.809853 -9.21987
-0.79802 0.0396726 0.601324 185.421 0.0115617 0.998655 -0.0505431 -16.8523 -0.602521 -0.033382 -0.797405 -10.1665
-0.785061 0.0408784 0.618068 186.156 0.0136701 0.99872 -0.0486908 -16.9279 -0.619268 -0.0297762 -0.784615 -11.1074
-0.769022 0.0423172 0.637821 186.888 0.0162858 0.998779 -0.0466298 -17.004 -0.639015 -0.0254719 -0.768772 -12.014
-0.751998 0.045059 0.657623 187.664 0.0186462 0.998716 -0.0471079 -17.0839 -0.658901 -0.0231629 -0.751873 -12.92
-0.734463 0.0474715 0.676987 188.449 0.0194262 0.998612 -0.048949 -17.1672 -0.678371 -0.0227999 -0.734366 -13.7847
-0.716713 0.0474504 0.695752 189.262 0.018473 0.998624 -0.0490768 -17.2479 -0.697124 -0.0223213 -0.716603 -14.6285
-0.696575 0.0476431 0.715901 190.111 0.0185308 0.998655 -0.0484298 -17.3295 -0.717245 -0.0204687 -0.69652 -15.4778
-0.676958 0.0472115 0.734506 190.958 0.0171784 0.998682 -0.0483594 -17.3949 -0.735821 -0.0201197 -0.676877 -16.2564
-0.656708 0.0467968 0.752692 191.84 0.0146631 0.998677 -0.049297 -17.4737 -0.754003 -0.0213369 -0.656525 -17.0087
-0.636478 0.046327 0.769902 192.73 0.0125781 0.998685 -0.0496952 -17.5479 -0.771192 -0.021946 -0.636224 -17.7439
-0.615443 0.0457574 0.786852 193.628 0.0105927 0.998703 -0.0497919 -17.6176 -0.78811 -0.0223091 -0.61513 -18.454
-0.593995 0.0448518 0.803218 194.557 0.0100803 0.998781 -0.0483175 -17.6926 -0.804406 -0.0206037 -0.593723 -19.139
-0.5699 0.0450494 0.820478 195.511 0.0101714 0.998806 -0.0477757 -17.7717 -0.821651 -0.0188819 -0.569678 -19.8148
-0.544705 0.0478231 0.837263 196.488 0.0124565 0.998724 -0.0489415 -17.8553 -0.838535 -0.0162293 -0.544606 -20.4514
-0.517705 0.048661 0.854175 197.453 0.0123194 0.998702 -0.0494278 -17.9245 -0.855471 -0.0150661 -0.517632 -21.041
-0.490903 0.0471766 0.869936 198.452 0.0107068 0.998784 -0.0481222 -17.9966 -0.871148 -0.0143091 -0.490811 -21.6067
-0.462944 0.0444527 0.885272 199.462 0.00965795 0.998935 -0.0451096 -18.0728 -0.886335 -0.0123333 -0.46288 -22.1439
-0.434313 0.0451186 0.899631 200.477 0.0104419 0.99893 -0.0450577 -18.1434 -0.900701 -0.0101752 -0.434319 -22.6381
-0.404598 0.0471692 0.913277 201.523 0.0106444 0.998844 -0.0468729 -18.2165 -0.914433 -0.00924342 -0.404632 -23.0992
-0.372098 0.048641 0.926918 202.58 0.0125346 0.998798 -0.0473811 -18.288 -0.928109 -0.00601191 -0.372261 -23.5385
-0.340517 0.0494692 0.938936 203.662 0.0146808 0.998773 -0.0472976 -18.3579 -0.940124 -0.00232136 -0.340826 -23.9311
-0.307695 0.049052 0.95022 204.758 0.0147803 0.998796 -0.0467735 -18.4274 -0.95137 -0.000347425 -0.30805 -24.2775
-0.274332 0.0480623 0.960433 205.867 0.0164213 0.998839 -0.0452937 -18.4948 -0.961495 0.00334606 -0.274803 -24.6026
-0.240083 0.0455682 0.969682 206.991 0.0169477 0.998942 -0.0427472 -18.5669 -0.970604 0.00617104 -0.240601 -24.8852
-0.204048 0.044108 0.977967 208.105 0.0185159 0.99898 -0.0411925 -18.6364 -0.978786 0.00970267 -0.204657 -25.1234
-0.169653 0.0433686 0.984549 209.228 0.0201287 0.998975 -0.0405356 -18.7032 -0.985298 0.0129407 -0.170352 -25.3097
-0.135677 0.0428206 0.989827 210.359 0.0199204 0.998982 -0.0404861 -18.768 -0.990553 0.0142247 -0.136392 -25.4663
-0.0995144 0.0423674 0.994134 211.495 0.0207363 0.998964 -0.0404975 -18.8369 -0.99482 0.0165845 -0.10029 -25.5887
-0.0646947 0.042425 0.997003 212.632 0.0199184 0.998952 -0.0412155 -18.9045 -0.997706 0.0171923 -0.0654719 -25.6602
-0.0299866 0.0418351 0.998675 213.776 0.0198161 0.998952 -0.0412517 -18.9713 -0.999354 0.0185528 -0.0307842 -25.6999
0.00326026 0.0404815 0.999175 214.926 0.01877 0.999002 -0.0405358 -19.0349 -0.999818 0.0188866 0.00249717 -25.6928
0.036244 0.0408561 0.998508 216.074 0.0180908 0.998973 -0.0415318 -19.0993 -0.999179 0.0195691 0.0354677 -25.6479
0.0692991 0.0405444 0.996772 217.219 0.0187639 0.998944 -0.0419373 -19.1663 -0.997419 0.0216095 0.0684651 -25.5693
0.100743 0.0384237 0.99417 218.367 0.0197203 0.998981 -0.040608 -19.2327 -0.994717 0.0236963 0.099883 -25.4558
0.130686 0.0369275 0.990736 219.498 0.0207732 0.998985 -0.0399752 -19.2971 -0.991206 0.0258049 0.129787 -25.3022
0.162446 0.0363172 0.986049 220.641 0.0226951 0.998921 -0.0405302 -19.3624 -0.986456 0.0289625 0.161446 -25.1227
0.191145 0.0360459 0.9809 221.76 0.0244599 0.99884 -0.0414716 -19.4271 -0.981257 0.0319198 0.190041 -24.9056
0.222416 0.0353481 0.974311 222.901 0.026344 0.99876 -0.042249 -19.4896 -0.974596 0.0350641 0.221209 -24.65
0.252363 0.0337319 0.967045 224.027 0.0292038 0.998671 -0.0424562 -19.5523 -0.967192 0.0389557 0.251042 -24.3593
0.283611 0.0319053 0.958408 225.167 0.0313626 0.998603 -0.0425242 -19.6229 -0.958426 0.0421185 0.282214 -24.0376
0.31197 0.030708 0.949596 226.266 0.0345843 0.998448 -0.0436498 -19.695 -0.949462 0.0464586 0.310424 -23.6787
0.340874 0.0303572 0.939619 227.359 0.0349051 0.998381 -0.0449185 -19.7583 -0.939461 0.048109 0.339262 -23.2893
0.369574 0.0280346 0.928778 228.461 0.0367585 0.998321 -0.0447605 -19.8266 -0.928474 0.0506828 0.367923 -22.863
0.397905 0.0263923 0.917047 229.544 0.0377323 0.99827 -0.0451018 -19.8955 -0.91665 0.0525486 0.39622 -22.399
0.425383 0.027589 0.904593 230.596 0.038286 0.998092 -0.0484445 -19.967 -0.904203 0.0552407 0.423515 -21.9001
0.453414 0.0288634 0.890833 231.651 0.0395778 0.997838 -0.0524746 -20.0404 -0.890421 0.0590499 0.451291 -21.3656
0.480326 0.0271414 0.87667 232.701 0.0411961 0.99772 -0.0534603 -20.1177 -0.876122 0.0617937 0.478112 -20.7993
0.50722 0.0243108 0.861473 233.727 0.0421862 0.997703 -0.0529937 -20.2002 -0.860783 0.0632217 0.50503 -20.1991
0.532105 0.021848 0.846396 234.735 0.0419423 0.99776 -0.052123 -20.2809 -0.845639 0.0632348 0.529997 -19.5714
0.555673 0.0217336 0.831117 235.717 0.0409459 0.99773 -0.0534663 -20.3588 -0.830392 0.0637407 0.553521 -18.917
0.577025 0.0216191 0.81644 236.689 0.0397071 0.997725 -0.0544827 -20.4382 -0.815761 0.0638563 0.574854 -18.2283
0.5969 0.0203592 0.802057 237.658 0.03908 0.997754 -0.0544105 -20.5186 -0.801363 0.063822 0.594764 -17.5078
0.614992 0.0177258 0.788334 238.603 0.0386909 0.997865 -0.0526204 -20.5998 -0.787584 0.0628624 0.612993 -16.7701
0.633068 0.0143143 0.773964 239.562 0.0398423 0.997901 -0.0510451 -20.682 -0.773071 0.0631515 0.631169 -16.0027
0.650119 0.0118201 0.75974 240.49 0.0407483 0.997898 -0.0503942 -20.7587 -0.758739 0.0637204 0.648271 -15.2264
0.665791 0.00986689 0.746073 241.393 0.0420646 0.997826 -0.0507345 -20.836 -0.744952 0.0651618 0.663928 -14.4313
0.680198 0.00928827 0.73297 242.272 0.0421232 0.997772 -0.0517342 -20.9118 -0.731817 0.0660645 0.678291 -13.604
0.695041 0.00781782 0.718927 243.147 0.0427539 0.997722 -0.0521829 -20.9909 -0.717697 0.0670062 0.693124 -12.7479
0.710041 0.00547901 0.704139 243.999 0.0425383 0.99781 -0.050659 -21.0685 -0.702874 0.0659228 0.708253 -11.882
0.723793 0.00245735 0.690013 244.85 0.0428114 0.997907 -0.0484611 -21.1466 -0.688688 0.0646162 0.722173 -10.9892
0.738531 0.000211913 0.67422 245.689 0.0435124 0.9979 -0.0479765 -21.2248 -0.672814 0.064769 0.736971 -10.0861
0.752461 -5.06242e-05 0.658637 246.503 0.0440188 0.997768 -0.0502128 -21.3008 -0.657164 0.0667756 0.750784 -9.15906
0.765137 -0.000948757 0.643867 247.298 0.0444714 0.997689 -0.0513773 -21.3779 -0.64233 0.0679443 0.763411 -8.21872
0.775706 -0.0011497 0.631093 248.068 0.0436529 0.997701 -0.0518383 -21.4504 -0.629582 0.0677604 0.773973 -7.25847
0.787049 -0.00394828 0.616878 248.837 0.0442514 0.997765 -0.0500724 -21.5299 -0.615302 0.0667071 0.785464 -6.27403
0.797534 -0.00700107 0.603234 249.599 0.04589 0.99774 -0.0490913 -21.6153 -0.601526 0.0668344 0.796052 -5.28267
0.807128 -0.00797273 0.590323 250.329 0.0463031 0.997684 -0.0498342 -21.6952 -0.588558 0.0675563 0.805627 -4.27334
0.816748 -0.009879 0.57691 251.059 0.049285 0.997394 -0.0526948 -21.7707 -0.574886 0.0714714 0.815106 -3.24551
0.826144 -0.0127833 0.563315 251.783 0.0507887 0.997362 -0.0518524 -21.8567 -0.561166 0.0714476 0.824614 -2.20685
0.833361 -0.0157463 0.552505 252.484 0.0528992 0.997278 -0.0513673 -21.9344 -0.550192 0.0720346 0.831926 -1.15121
0.840343 -0.0177458 0.541765 253.178 0.0547693 0.997129 -0.0522924 -22.0095 -0.539281 0.0736156 0.838902 -0.0812719
0.846103 -0.0188715 0.532685 253.869 0.0550008 0.997129 -0.0520365 -22.0924 -0.530174 0.0733263 0.844712 1.012
0.850796 -0.0205829 0.525093 254.548 0.055218 0.997203 -0.0503796 -22.1714 -0.522587 0.0718573 0.849552 2.10379
0.853736 -0.0226152 0.520214 255.213 0.0561658 0.997227 -0.0488228 -22.2525 -0.517668 0.0709001 0.852639 3.2041
0.856911 -0.023664 0.514921 255.886 0.0566907 0.997212 -0.048514 -22.332 -0.512337 0.0707634 0.855864 4.3208
0.859929 -0.0242573 0.509837 256.557 0.0566919 0.997229 -0.0481741 -22.4097 -0.507256 0.0703299 0.858921 5.44033
0.8612 -0.0264435 0.507577 257.198 0.0578827 0.997251 -0.0462546 -22.4831 -0.504959 0.0692144 0.860364 6.55943
0.863514 -0.0288467 0.5035 257.877 0.0597911 0.997177 -0.0454124 -22.5627 -0.500769 0.069319 0.862801 7.70559
0.865748 -0.0299034 0.499587 258.527 0.0608074 0.997103 -0.045692 -22.6382 -0.496773 0.0699363 0.865058 8.82659
0.86882 -0.0308419 0.494167 259.21 0.0613266 0.997076 -0.0455918 -22.7142 -0.491316 0.0699166 0.868171 9.99257
0.870971 -0.0310724 0.490351 259.837 0.0609941 0.997116 -0.0451539 -22.7919 -0.487534 0.0692363 0.870355 11.1133
0.873403 -0.0317941 0.485959 260.486 0.0612706 0.997112 -0.0448839 -22.8708 -0.483128 0.0689768 0.872828 12.2686
0.875351 -0.0312688 0.482476 261.129 0.0603921 0.997162 -0.0449436 -22.9485 -0.479701 0.0684792 0.874756 13.44
0.877375 -0.0315225 0.478769 261.78 0.0601328 0.997196 -0.0445411 -23.0294 -0.476022 0.067869 0.876811 14.6088
0.877897 -0.0298588 0.477918 262.404 0.0580008 0.997336 -0.0442326 -23.1074 -0.475324 0.0665512 0.87729 15.7764
0.877912 -0.028537 0.477971 263.007 0.056553 0.997415 -0.0443234 -23.1808 -0.47547 0.0659427 0.877257 16.9124
0.878343 -0.0265752 0.477292 263.626 0.0547494 0.997476 -0.0452148 -23.2554 -0.474886 0.0658455 0.877581 18.0663
