1.000000e+00 -1.734723e-18 0.000000e+00 0.000000e+00 -1.734723e-18 1.000000e+00 0.000000e+00 1.387779e-17 1.084202e-19 -8.673617e-19 1.000000e+00 0.000000e+00
9.999963e-01 -2.503753e-03 -1.061632e-03 7.002595e-02 2.506724e-03 9.999929e-01 2.806242e-03 3.448657e-04 1.054598e-03 -2.808892e-03 9.999955e-01 2.152949e-01
9.999938e-01 -3.476422e-03 -5.723041e-04 1.112365e-01 3.478770e-03 9.999853e-01 4.156303e-03 -1.878361e-02 5.578466e-04 -4.158268e-03 9.999912e-01 8.308332e-01
9.999974e-01 -2.243404e-03 -3.646050e-04 1.064025e-01 2.244727e-03 9.999907e-01 3.670761e-03 -2.848464e-02 3.563665e-04 -3.671570e-03 9.999932e-01 1.534835e+00
9.999986e-01 -1.589878e-03 5.112313e-04 8.484671e-02 1.587823e-03 9.999908e-01 3.994974e-03 -4.249462e-02 -5.175780e-04 -3.994156e-03 9.999919e-01 2.637006e+00
9.999986e-01 -1.679276e-03 -2.269384e-04 4.260162e-02 1.680312e-03 9.999878e-01 4.644599e-03 -6.062132e-02 2.191360e-04 -4.644973e-03 9.999892e-01 4.039524e+00
9.999962e-01 -2.114138e-03 -1.782735e-03 3.767439e-02 2.122781e-03 9.999859e-01 4.860269e-03 -8.361988e-02 1.772434e-03 -4.864034e-03 9.999866e-01 5.644681e+00
9.999869e-01 -3.399472e-03 -3.814491e-03 2.576836e-02 3.417143e-03 9.999834e-01 4.635882e-03 -1.111671e-01 3.798667e-03 -4.648856e-03 9.999820e-01 7.335971e+00
9.999719e-01 -4.344252e-03 -6.116223e-03 -5.853872e-03 4.372953e-03 9.999795e-01 4.687173e-03 -1.384368e-01 6.095735e-03 -4.713786e-03 9.999703e-01 8.974876e+00
9.999649e-01 -4.778388e-03 -6.878297e-03 -3.270126e-02 4.813272e-03 9.999756e-01 5.064164e-03 -1.614361e-01 6.853929e-03 -5.097094e-03 9.999635e-01 1.048702e+01
9.999660e-01 -4.058679e-03 -7.171544e-03 -4.692666e-02 4.094134e-03 9.999794e-01 4.936088e-03 -1.806316e-01 7.151361e-03 -4.965281e-03 9.999621e-01 1.199932e+01
9.999567e-01 -2.477517e-03 -8.974205e-03 -7.379969e-02 2.530314e-03 9.999795e-01 5.876637e-03 -2.009088e-01 8.959461e-03 -5.899090e-03 9.999425e-01 1.350137e+01
9.999556e-01 -1.737029e-03 -9.262438e-03 -1.100976e-01 1.796850e-03 9.999776e-01 6.454047e-03 -2.164225e-01 9.251018e-03 -6.470404e-03 9.999363e-01 1.499613e+01
9.999560e-01 -3.144612e-04 -9.379977e-03 -1.412299e-01 3.854777e-04 9.999713e-01 7.570233e-03 -2.351581e-01 9.377326e-03 -7.573515e-03 9.999274e-01 1.648634e+01
9.999424e-01 -4.298634e-04 -1.072087e-02 -1.685255e-01 5.137170e-04 9.999693e-01 7.820012e-03 -2.538785e-01 1.071718e-02 -7.825069e-03 9.999120e-01 1.796411e+01
9.999449e-01 7.276275e-05 -1.049544e-02 -1.788355e-01 1.150904e-05 9.999678e-01 8.029091e-03 -2.730350e-01 1.049568e-02 -8.028770e-03 9.999127e-01 1.941888e+01
9.999441e-01 9.022672e-04 -1.053677e-02 -2.064754e-01 -8.107287e-04 9.999619e-01 8.688574e-03 -2.912002e-01 1.054420e-02 -8.679545e-03 9.999067e-01 2.086650e+01
9.999444e-01 1.574777e-03 -1.042352e-02 -2.325040e-01 -1.473198e-03 9.999514e-01 9.745610e-03 -3.035310e-01 1.043836e-02 -9.729712e-03 9.998982e-01 2.232717e+01
9.999485e-01 1.917535e-03 -9.968330e-03 -2.560989e-01 -1.828866e-03 9.999588e-01 8.896587e-03 -3.178262e-01 9.984977e-03 -8.877897e-03 9.999107e-01 2.377521e+01
9.999444e-01 1.781255e-03 -1.039557e-02 -2.788627e-01 -1.704526e-03 9.999713e-01 7.385150e-03 -3.343342e-01 1.040842e-02 -7.367020e-03 9.999187e-01 2.518874e+01
9.999523e-01 4.612588e-04 -9.757138e-03 -3.029633e-01 -3.895804e-04 9.999729e-01 7.346875e-03 -3.524002e-01 9.760261e-03 -7.342723e-03 9.999254e-01 2.661316e+01
9.999595e-01 -4.131549e-04 -8.991595e-03 -3.081478e-01 4.991584e-04 9.999541e-01 9.564741e-03 -3.673420e-01 8.987230e-03 -9.568842e-03 9.999138e-01 2.803978e+01
9.999538e-01 -2.293583e-03 -9.329872e-03 -3.403754e-01 2.396205e-03 9.999366e-01 1.100307e-02 -3.796141e-01 9.304043e-03 -1.102492e-02 9.998959e-01 2.944525e+01
9.999559e-01 -3.186012e-03 -8.830263e-03 -3.613269e-01 3.277487e-03 9.999409e-01 1.036423e-02 -3.962773e-01 8.796720e-03 -1.039271e-02 9.999073e-01 3.087693e+01
9.999629e-01 -3.045023e-03 -8.054972e-03 -3.842943e-01 3.120124e-03 9.999516e-01 9.327543e-03 -4.115178e-01 8.026178e-03 -9.352330e-03 9.999241e-01 3.224602e+01
9.999655e-01 -2.006029e-03 -8.065198e-03 -4.050396e-01 2.071913e-03 9.999645e-01 8.168895e-03 -4.260347e-01 8.048523e-03 -8.185323e-03 9.999341e-01 3.362080e+01
9.999756e-01 -1.638664e-03 -6.789646e-03 -4.290162e-01 1.690777e-03 9.999691e-01 7.676752e-03 -4.453526e-01 6.776856e-03 -7.688044e-03 9.999475e-01 3.498600e+01
9.999821e-01 -9.141214e-04 -5.921310e-03 -4.416493e-01 9.657609e-04 9.999615e-01 8.723995e-03 -4.611413e-01 5.913106e-03 -8.729557e-03 9.999444e-01 3.632375e+01
9.999900e-01 -5.703465e-04 -4.427657e-03 -4.551683e-01 6.177185e-04 9.999425e-01 1.070516e-02 -4.775993e-01 4.421296e-03 -1.070778e-02 9.999329e-01 3.764684e+01
9.999969e-01 -9.570912e-04 -2.317553e-03 -4.696700e-01 9.836088e-04 9.999338e-01 1.146816e-02 -4.978821e-01 2.306423e-03 -1.147040e-02 9.999316e-01 3.897029e+01
9.999994e-01 -9.815761e-04 -4.450912e-04 -4.828380e-01 9.870188e-04 9.999227e-01 1.239777e-02 -5.109737e-01 4.328874e-04 -1.239820e-02 9.999230e-01 4.025119e+01
9.999933e-01 -1.628223e-03 3.291036e-03 -4.994877e-01 1.587687e-03 9.999233e-01 1.228245e-02 -5.261473e-01 -3.310781e-03 -1.227714e-02 9.999192e-01 4.151311e+01
9.999799e-01 -1.670753e-03 6.118238e-03 -4.918934e-01 1.605480e-03 9.999419e-01 1.065806e-02 -5.419109e-01 -6.135689e-03 -1.064803e-02 9.999245e-01 4.277151e+01
9.999385e-01 -1.718687e-03 1.095187e-02 -4.749571e-01 1.617446e-03 9.999559e-01 9.246329e-03 -5.559306e-01 -1.096728e-02 -9.228047e-03 9.998973e-01 4.401542e+01
9.999007e-01 -1.702394e-03 1.398737e-02 -4.714767e-01 1.566905e-03 9.999518e-01 9.691776e-03 -5.722086e-01 -1.400319e-02 -9.668896e-03 9.998552e-01 4.526718e+01
9.997975e-01 -1.834952e-03 2.003974e-02 -4.687377e-01 1.645707e-03 9.999539e-01 9.455916e-03 -5.839397e-01 -2.005617e-02 -9.421022e-03 9.997545e-01 4.645411e+01
9.996635e-01 -3.158298e-04 2.593676e-02 -4.550929e-01 9.057316e-05 9.999623e-01 8.685557e-03 -5.984913e-01 -2.593852e-02 -8.680285e-03 9.996259e-01 4.764242e+01
9.994414e-01 1.458482e-03 3.338868e-02 -4.474951e-01 -1.761509e-03 9.999575e-01 9.048118e-03 -6.098211e-01 -3.337406e-02 -9.101878e-03 9.994015e-01 4.883237e+01
9.991514e-01 2.439689e-03 4.111708e-02 -3.951697e-01 -2.851730e-03 9.999463e-01 9.965503e-03 -6.276130e-01 -4.109055e-02 -1.007430e-02 9.991046e-01 4.999916e+01
9.986339e-01 4.245413e-03 5.207928e-02 -3.599015e-01 -4.813374e-03 9.999303e-01 1.078514e-02 -6.406153e-01 -5.202985e-02 -1.102108e-02 9.985847e-01 5.118482e+01
9.979313e-01 6.325168e-03 6.397711e-02 -3.033633e-01 -7.026709e-03 9.999176e-01 1.074645e-02 -6.523553e-01 -6.390385e-02 -1.117377e-02 9.978935e-01 5.233296e+01
9.968378e-01 8.258195e-03 7.903267e-02 -2.396431e-01 -9.200527e-03 9.998908e-01 1.156663e-02 -6.646366e-01 -7.892851e-02 -1.225719e-02 9.968049e-01 5.346482e+01
9.953689e-01 1.049890e-02 9.555427e-02 -1.366445e-01 -1.174019e-02 9.998537e-01 1.243753e-02 -6.748181e-01 -9.540970e-02 -1.350175e-02 9.953465e-01 5.459717e+01
9.934678e-01 1.046355e-02 1.136317e-01 -1.759063e-02 -1.208438e-02 9.998347e-01 1.358446e-02 -6.842173e-01 -1.134708e-01 -1.486889e-02 9.934301e-01 5.571539e+01
9.911674e-01 1.012747e-02 1.322294e-01 1.234728e-01 -1.195321e-02 9.998438e-01 1.302096e-02 -6.996678e-01 -1.320768e-01 -1.448651e-02 9.911336e-01 5.679506e+01
9.882025e-01 8.981169e-03 1.528892e-01 2.896857e-01 -1.095537e-02 9.998671e-01 1.207507e-02 -7.068178e-01 -1.527604e-01 -1.360758e-02 9.881696e-01 5.788560e+01
9.848717e-01 6.610967e-03 1.731591e-01 4.669989e-01 -8.832960e-03 9.998882e-01 1.206466e-02 -7.160749e-01 -1.730599e-01 -1.341164e-02 9.848200e-01 5.896343e+01
9.807487e-01 1.065324e-03 1.952712e-01 6.693606e-01 -3.988826e-03 9.998858e-01 1.457887e-02 -7.264181e-01 -1.952333e-01 -1.507711e-02 9.806409e-01 6.000339e+01
9.760113e-01 -4.216131e-03 2.176790e-01 8.980973e-01 9.091718e-04 9.998827e-01 1.528983e-02 -7.327983e-01 -2.177179e-01 -1.472514e-02 9.759007e-01 6.103607e+01
9.703791e-01 -9.562229e-03 2.413979e-01 1.134436e+00 6.033154e-03 9.998639e-01 1.535424e-02 -7.378420e-01 -2.415119e-01 -1.344304e-02 9.703047e-01 6.205454e+01
9.633088e-01 -1.517595e-02 2.679661e-01 1.448092e+00 1.191686e-02 9.998340e-01 1.378461e-02 -7.494119e-01 -2.681308e-01 -1.008552e-02 9.633297e-01 6.306100e+01
9.559905e-01 -1.858325e-02 2.928087e-01 1.761319e+00 1.497621e-02 9.997819e-01 1.455585e-02 -7.633984e-01 -2.930153e-01 -9.530085e-03 9.560603e-01 6.403734e+01
9.472211e-01 -2.218523e-02 3.198126e-01 2.069446e+00 1.774094e-02 9.997014e-01 1.680363e-02 -7.641243e-01 -3.200898e-01 -1.024298e-02 9.473318e-01 6.497408e+01
9.375540e-01 -2.701096e-02 3.467895e-01 2.409569e+00 2.136980e-02 9.995699e-01 2.008134e-02 -7.607738e-01 -3.471827e-01 -1.141652e-02 9.377280e-01 6.590862e+01
9.259629e-01 -2.975845e-02 3.764400e-01 2.784166e+00 2.410178e-02 9.995148e-01 1.972865e-02 -7.695368e-01 -3.768444e-01 -9.195125e-03 9.262309e-01 6.682195e+01
9.139385e-01 -2.959429e-02 4.047723e-01 3.177838e+00 2.543938e-02 9.995540e-01 1.564104e-02 -7.612119e-01 -4.050546e-01 -3.997795e-03 9.142837e-01 6.774010e+01
9.007148e-01 -3.053116e-02 4.333368e-01 3.611490e+00 2.871201e-02 9.995300e-01 1.074332e-02 -7.686480e-01 -4.334610e-01 2.765307e-03 9.011681e-01 6.860366e+01
8.860715e-01 -3.253703e-02 4.624053e-01 4.047278e+00 3.191947e-02 9.994485e-01 9.161116e-03 -7.821636e-01 -4.624482e-01 6.642326e-03 8.866214e-01 6.945564e+01
8.698976e-01 -3.345282e-02 4.920967e-01 4.522270e+00 3.152182e-02 9.994284e-01 1.221902e-02 -7.939910e-01 -4.922241e-01 4.882489e-03 8.704548e-01 7.031295e+01
8.527453e-01 -3.310408e-02 5.212769e-01 5.033574e+00 2.789981e-02 9.994517e-01 1.783025e-02 -8.017518e-01 -5.215813e-01 -6.611368e-04 8.532013e-01 7.113620e+01
8.326109e-01 -3.340485e-02 5.528501e-01 5.562775e+00 2.643728e-02 9.994387e-01 2.057363e-02 -7.926710e-01 -5.532270e-01 -2.513980e-03 8.330267e-01 7.193160e+01
8.119218e-01 -2.807054e-02 5.830910e-01 6.118726e+00 2.258497e-02 9.996059e-01 1.667362e-02 -7.915442e-01 -5.833291e-01 -3.685835e-04 8.122358e-01 7.269964e+01
7.893206e-01 -2.159615e-02 6.136014e-01 6.674300e+00 1.946942e-02 9.997590e-01 1.014231e-02 -7.971303e-01 -6.136725e-01 3.940927e-03 7.895508e-01 7.342017e+01
7.653504e-01 -1.881401e-02 6.433389e-01 7.275100e+00 1.778646e-02 9.998092e-01 8.079014e-03 -7.994213e-01 -6.433680e-01 5.259445e-03 7.655389e-01 7.413425e+01
7.424137e-01 -2.110956e-02 6.696091e-01 7.907407e+00 1.873748e-02 9.997667e-01 1.074308e-02 -8.103079e-01 -6.696795e-01 4.570974e-03 7.426361e-01 7.483706e+01
7.178368e-01 -2.168702e-02 6.958736e-01 8.536533e+00 1.915009e-02 9.997516e-01 1.140292e-02 -8.144331e-01 -6.959479e-01 5.140609e-03 7.180738e-01 7.547171e+01
6.910322e-01 -2.076858e-02 7.225256e-01 9.200078e+00 2.018709e-02 9.997517e-01 9.430103e-03 -8.223770e-01 -7.225420e-01 8.069184e-03 6.912799e-01 7.611688e+01
6.658440e-01 -1.818571e-02 7.458694e-01 9.894333e+00 1.927187e-02 9.997886e-01 7.172580e-03 -8.395916e-01 -7.458420e-01 9.598479e-03 6.660537e-01 7.669999e+01
6.381210e-01 -1.601372e-02 7.697696e-01 1.057938e+01 1.753357e-02 9.998266e-01 6.264738e-03 -8.410695e-01 -7.697364e-01 9.499146e-03 6.382912e-01 7.726772e+01
6.101100e-01 -1.477381e-02 7.921790e-01 1.129395e+01 1.787073e-02 9.998284e-01 4.882932e-03 -8.446325e-01 -7.921151e-01 1.117769e-02 6.102693e-01 7.783165e+01
5.821247e-01 -8.620539e-03 8.130539e-01 1.200680e+01 1.676319e-02 9.998585e-01 -1.400827e-03 -8.584657e-01 -8.129266e-01 1.444483e-02 5.821868e-01 7.837455e+01
5.516888e-01 2.454749e-05 8.340501e-01 1.276930e+01 1.533990e-02 9.998306e-01 -1.017612e-02 -8.765875e-01 -8.339089e-01 1.840830e-02 5.515950e-01 7.888917e+01
5.209466e-01 8.012384e-03 8.535517e-01 1.355486e+01 1.419621e-02 9.997363e-01 -1.804898e-02 -8.975954e-01 -8.534712e-01 2.151975e-02 5.206955e-01 7.937133e+01
4.888904e-01 1.271160e-02 8.722526e-01 1.436234e+01 1.169962e-02 9.997084e-01 -2.112660e-02 -9.273890e-01 -8.722667e-01 2.053362e-02 4.885991e-01 7.980064e+01
4.553280e-01 1.275151e-02 8.902325e-01 1.519896e+01 9.553737e-03 9.997699e-01 -1.920696e-02 -9.544405e-01 -8.902725e-01 1.725051e-02 4.551014e-01 8.023931e+01
4.228400e-01 1.110422e-02 9.061364e-01 1.605235e+01 5.535165e-03 9.998746e-01 -1.483587e-02 -9.855040e-01 -9.061874e-01 1.128881e-02 4.227255e-01 8.063773e+01
3.875913e-01 1.201557e-02 9.217531e-01 1.689984e+01 1.133115e-03 9.999081e-01 -1.351083e-02 -1.009567e+00 -9.218306e-01 6.281130e-03 3.875421e-01 8.098614e+01
3.528996e-01 1.482971e-02 9.355437e-01 1.777198e+01 -5.832272e-03 9.998898e-01 -1.364968e-02 -1.039773e+00 -9.356429e-01 -6.393787e-04 3.529473e-01 8.132658e+01
3.163246e-01 1.675443e-02 9.485031e-01 1.866273e+01 -1.168243e-02 9.998370e-01 -1.376512e-02 -1.056518e+00 -9.485790e-01 -6.726572e-03 3.164688e-01 8.165509e+01
2.795654e-01 1.603158e-02 9.599929e-01 1.958664e+01 -1.317774e-02 9.998305e-01 -1.285928e-02 -1.071649e+00 -9.600362e-01 -9.055529e-03 2.797293e-01 8.193016e+01
2.441569e-01 1.547848e-02 9.696123e-01 2.049957e+01 -1.463382e-02 9.998176e-01 -1.227574e-02 -1.099250e+00 -9.696253e-01 -1.119193e-02 2.443389e-01 8.216873e+01
2.070885e-01 1.494295e-02 9.782081e-01 2.144832e+01 -1.381462e-02 9.998283e-01 -1.234863e-02 -1.127367e+00 -9.782246e-01 -1.095631e-02 2.072594e-01 8.236675e+01
1.714754e-01 1.359241e-02 9.850947e-01 2.241436e+01 -1.228768e-02 9.998566e-01 -1.165718e-02 -1.149824e+00 -9.851117e-01 -1.010561e-02 1.716178e-01 8.254155e+01
1.371482e-01 1.251994e-02 9.904715e-01 2.335263e+01 -5.112807e-03 9.999157e-01 -1.193137e-02 -1.177393e+00 -9.905373e-01 -3.427724e-03 1.372007e-01 8.264852e+01
1.030294e-01 1.535923e-02 9.945598e-01 2.432700e+01 -1.833906e-03 9.998820e-01 -1.525144e-02 -1.215912e+00 -9.946766e-01 -2.525836e-04 1.030454e-01 8.274620e+01
7.226046e-02 2.085289e-02 9.971678e-01 2.530165e+01 -2.848680e-03 9.997817e-01 -2.070112e-02 -1.236296e+00 -9.973817e-01 -1.344740e-03 7.230409e-02 8.280782e+01
4.178145e-02 2.351972e-02 9.988500e-01 2.625907e+01 3.331874e-03 9.997141e-01 -2.367943e-02 -1.273257e+00 -9.991212e-01 4.317402e-03 4.169113e-02 8.285307e+01
1.574424e-02 2.236090e-02 9.996261e-01 2.725111e+01 6.463325e-03 9.997267e-01 -2.246495e-02 -1.311770e+00 -9.998551e-01 6.814601e-03 1.559542e-02 8.286134e+01
-5.523298e-03 1.951518e-02 9.997944e-01 2.825601e+01 7.538040e-03 9.997820e-01 -1.947329e-02 -1.340041e+00 -9.999563e-01 7.428932e-03 -5.669198e-03 8.285956e+01
-2.532606e-02 1.750213e-02 9.995261e-01 2.921714e+01 1.018535e-02 9.997993e-01 -1.724884e-02 -1.365684e+00 -9.996273e-01 9.743677e-03 -2.549924e-02 8.284108e+01
-4.255601e-02 1.948628e-02 9.989041e-01 3.021564e+01 1.070994e-02 9.997612e-01 -1.904673e-02 -1.406059e+00 -9.990366e-01 9.887649e-03 -4.275455e-02 8.280258e+01
-5.658346e-02 2.455146e-02 9.980960e-01 3.120068e+01 1.372317e-02 9.996223e-01 -2.381102e-02 -1.432293e+00 -9.983035e-01 1.234973e-02 -5.689901e-02 8.274572e+01
-6.863181e-02 2.851415e-02 9.972346e-01 3.218302e+01 1.675787e-02 9.994834e-01 -2.742514e-02 -1.469423e+00 -9.975012e-01 1.482929e-02 -6.907419e-02 8.267461e+01
-7.852463e-02 3.281819e-02 9.963719e-01 3.317345e+01 2.351687e-02 9.992408e-01 -3.105931e-02 -1.509249e+00 -9.966347e-01 2.099263e-02 -7.923680e-02 8.259879e+01
-8.378814e-02 3.729975e-02 9.957853e-01 3.416337e+01 2.569573e-02 9.990478e-01 -3.525985e-02 -1.560161e+00 -9.961522e-01 2.263307e-02 -8.466680e-02 8.248644e+01
-8.754847e-02 4.233979e-02 9.952601e-01 3.514242e+01 2.839925e-02 9.987963e-01 -3.999208e-02 -1.603689e+00 -9.957553e-01 2.476339e-02 -8.864551e-02 8.238261e+01
-9.098861e-02 4.615143e-02 9.947820e-01 3.613674e+01 2.968685e-02 9.986073e-01 -4.361357e-02 -1.659406e+00 -9.954093e-01 2.556360e-02 -9.223198e-02 8.228274e+01
-9.365324e-02 4.907553e-02 9.943947e-01 3.712567e+01 3.120356e-02 9.984384e-01 -4.633631e-02 -1.715945e+00 -9.951157e-01 2.668911e-02 -9.503832e-02 8.219058e+01
-9.640861e-02 5.239233e-02 9.939620e-01 3.812362e+01 3.174368e-02 9.982675e-01 -4.954032e-02 -1.774361e+00 -9.948355e-01 2.677590e-02 -9.790472e-02 8.210482e+01
-9.811216e-02 5.569131e-02 9.936159e-01 3.911253e+01 3.291062e-02 9.980684e-01 -5.269119e-02 -1.838509e+00 -9.946310e-01 2.753087e-02 -9.975548e-02 8.199743e+01
-9.991049e-02 5.716716e-02 9.933529e-01 4.014774e+01 3.489366e-02 9.979353e-01 -5.392131e-02 -1.905480e+00 -9.943843e-01 2.927441e-02 -1.016990e-01 8.188222e+01
-1.031378e-01 5.665083e-02 9.930526e-01 4.116123e+01 3.530001e-02 9.979563e-01 -5.326434e-02 -1.967053e+00 -9.940404e-01 2.956119e-02 -1.049268e-01 8.177669e+01
-1.049835e-01 5.615317e-02 9.928874e-01 4.219894e+01 3.586946e-02 9.979687e-01 -5.264787e-02 -2.037901e+00 -9.938268e-01 3.008717e-02 -1.067844e-01 8.166928e+01
-1.077395e-01 5.707563e-02 9.925395e-01 4.322673e+01 3.537871e-02 9.979385e-01 -5.354576e-02 -2.111348e+00 -9.935494e-01 2.934577e-02 -1.095366e-01 8.156034e+01
-1.103087e-01 5.883536e-02 9.921545e-01 4.424929e+01 3.380381e-02 9.978909e-01 -5.541719e-02 -2.170753e+00 -9.933223e-01 2.742560e-02 -1.120649e-01 8.144457e+01
-1.120822e-01 6.107799e-02 9.918201e-01 4.529251e+01 3.211526e-02 9.978105e-01 -5.781765e-02 -2.244891e+00 -9.931798e-01 2.537223e-02 -1.137984e-01 8.133183e+01
-1.155545e-01 6.465097e-02 9.911950e-01 4.631207e+01 3.041730e-02 9.976419e-01 -6.152540e-02 -2.320060e+00 -9.928352e-01 2.303993e-02 -1.172486e-01 8.121206e+01
-1.168288e-01 6.841289e-02 9.907930e-01 4.733714e+01 2.700828e-02 9.974745e-01 -6.568957e-02 -2.396254e+00 -9.927847e-01 1.908518e-02 -1.183815e-01 8.109465e+01
-1.194441e-01 7.063471e-02 9.903252e-01 4.837703e+01 2.418838e-02 9.973770e-01 -6.822029e-02 -2.476143e+00 -9.925462e-01 1.580585e-02 -1.208394e-01 8.096827e+01
-1.229984e-01 6.923056e-02 9.899892e-01 4.942559e+01 2.157582e-02 9.975145e-01 -6.707619e-02 -2.561884e+00 -9.921722e-01 1.310957e-02 -1.241864e-01 8.085598e+01
-1.259354e-01 6.574948e-02 9.898573e-01 5.048452e+01 1.948294e-02 9.977727e-01 -6.379652e-02 -2.637040e+00 -9.918470e-01 1.125109e-02 -1.269359e-01 8.073735e+01
-1.283722e-01 6.350839e-02 9.896906e-01 5.153517e+01 1.908817e-02 9.979208e-01 -6.156061e-02 -2.710040e+00 -9.915423e-01 1.098871e-02 -1.293175e-01 8.060379e+01
-1.305213e-01 6.370454e-02 9.893968e-01 5.259450e+01 1.905968e-02 9.979104e-01 -6.173835e-02 -2.788690e+00 -9.912622e-01 1.079941e-02 -1.314628e-01 8.048110e+01
-1.312084e-01 6.636592e-02 9.891310e-01 5.365233e+01 2.047541e-02 9.977253e-01 -6.422650e-02 -2.871615e+00 -9.911433e-01 1.182581e-02 -1.322688e-01 8.034005e+01
-1.323991e-01 6.857551e-02 9.888215e-01 5.470120e+01 2.023017e-02 9.975830e-01 -6.647439e-02 -2.951185e+00 -9.909899e-01 1.120287e-02 -1.334664e-01 8.019542e+01
-1.334566e-01 6.937716e-02 9.886234e-01 5.577977e+01 1.898294e-02 9.975427e-01 -6.744052e-02 -3.038692e+00 -9.908728e-01 9.766589e-03 -1.344457e-01 8.006027e+01
-1.314643e-01 6.835178e-02 9.889617e-01 5.685620e+01 1.606612e-02 9.976360e-01 -6.681561e-02 -3.119616e+00 -9.911906e-01 7.104912e-03 -1.322517e-01 7.992555e+01
-1.335112e-01 6.785614e-02 9.887216e-01 5.793576e+01 1.303091e-02 9.976872e-01 -6.671183e-02 -3.203673e+00 -9.909616e-01 3.977167e-03 -1.340866e-01 7.979324e+01
-1.327555e-01 6.830024e-02 9.887928e-01 5.901934e+01 9.220207e-03 9.976648e-01 -6.767516e-02 -3.286276e+00 -9.911059e-01 1.326243e-04 -1.330752e-01 7.966847e+01
-1.329634e-01 6.836026e-02 9.887607e-01 6.008552e+01 5.047689e-03 9.976523e-01 -6.829622e-02 -3.370626e+00 -9.911080e-01 -4.089942e-03 -1.329963e-01 7.952211e+01
-1.334199e-01 6.738220e-02 9.887663e-01 6.117365e+01 1.853892e-03 9.977012e-01 -6.774094e-02 -3.456393e+00 -9.910578e-01 -7.204926e-03 -1.332381e-01 7.939757e+01
-1.327980e-01 6.260306e-02 9.891641e-01 6.227168e+01 1.053279e-03 9.980116e-01 -6.302161e-02 -3.544206e+00 -9.911425e-01 -7.327278e-03 -1.325999e-01 7.923923e+01
-1.332795e-01 5.460363e-02 9.895732e-01 6.338061e+01 3.762408e-03 9.985018e-01 -5.458956e-02 -3.617024e+00 -9.910713e-01 -3.552492e-03 -1.332853e-01 7.908941e+01
-1.341677e-01 4.953871e-02 9.897197e-01 6.448085e+01 1.011371e-02 9.987661e-01 -4.862049e-02 -3.681659e+00 -9.909070e-01 3.486442e-03 -1.345031e-01 7.894374e+01
-1.323808e-01 5.087574e-02 9.898925e-01 6.557359e+01 1.773095e-02 9.986436e-01 -4.895431e-02 -3.744868e+00 -9.910403e-01 1.107112e-02 -1.331033e-01 7.877583e+01
-1.324621e-01 5.596568e-02 9.896069e-01 6.667830e+01 2.325955e-02 9.983053e-01 -5.334424e-02 -3.824729e+00 -9.909151e-01 1.595172e-02 -1.335394e-01 7.861657e+01
-1.316025e-01 6.193581e-02 9.893659e-01 6.778127e+01 2.611408e-02 9.979165e-01 -5.899747e-02 -3.890363e+00 -9.909585e-01 1.807216e-02 -1.329457e-01 7.846854e+01
-1.305169e-01 6.462897e-02 9.893374e-01 6.889445e+01 2.702851e-02 9.977342e-01 -6.161180e-02 -3.986960e+00 -9.910775e-01 1.869893e-02 -1.319680e-01 7.832832e+01
-1.305546e-01 6.381958e-02 9.893850e-01 7.003747e+01 2.440626e-02 9.978305e-01 -6.114382e-02 -4.069588e+00 -9.911406e-01 1.616458e-02 -1.318289e-01 7.816531e+01
-1.296502e-01 5.890083e-02 9.898089e-01 7.116811e+01 2.418183e-02 9.981251e-01 -5.622825e-02 -4.136228e+00 -9.912648e-01 1.664539e-02 -1.308314e-01 7.803728e+01
-1.289599e-01 5.686140e-02 9.900183e-01 7.230186e+01 2.243360e-02 9.982665e-01 -5.441293e-02 -4.203101e+00 -9.913960e-01 1.519259e-02 -1.300120e-01 7.791382e+01
-1.292588e-01 5.741523e-02 9.899474e-01 7.345583e+01 2.103771e-02 9.982564e-01 -5.515022e-02 -4.275611e+00 -9.913876e-01 1.369757e-02 -1.302413e-01 7.777213e+01
-1.284103e-01 6.115928e-02 9.898336e-01 7.459693e+01 2.053520e-02 9.980466e-01 -5.900273e-02 -4.352233e+00 -9.915084e-01 1.274987e-02 -1.294154e-01 7.763522e+01
-1.291048e-01 6.464773e-02 9.895215e-01 7.573108e+01 2.118617e-02 9.978247e-01 -6.242600e-02 -4.442428e+00 -9.914045e-01 1.290467e-02 -1.301936e-01 7.747102e+01
-1.273834e-01 6.318190e-02 9.898392e-01 7.686380e+01 2.034500e-02 9.979255e-01 -6.107984e-02 -4.522243e+00 -9.916448e-01 1.235772e-02 -1.284046e-01 7.733543e+01
-1.282669e-01 5.709149e-02 9.900951e-01 7.801677e+01 2.221743e-02 9.982565e-01 -5.468383e-02 -4.615070e+00 -9.914907e-01 1.498324e-02 -1.293117e-01 7.716005e+01
-1.277814e-01 5.512333e-02 9.902694e-01 7.917680e+01 2.288641e-02 9.983523e-01 -5.262007e-02 -4.678116e+00 -9.915382e-01 1.593984e-02 -1.288324e-01 7.702259e+01
-1.275724e-01 5.775306e-02 9.901465e-01 8.033349e+01 2.038254e-02 9.982451e-01 -5.559931e-02 -4.748375e+00 -9.916197e-01 1.308877e-02 -1.285256e-01 7.688469e+01
-1.274697e-01 6.099443e-02 9.899653e-01 8.150238e+01 1.923188e-02 9.980717e-01 -5.901756e-02 -4.827893e+00 -9.916559e-01 1.151594e-02 -1.283969e-01 7.674348e+01
-1.268563e-01 5.998317e-02 9.901059e-01 8.268434e+01 1.806323e-02 9.981441e-01 -5.815582e-02 -4.914130e+00 -9.917566e-01 1.050708e-02 -1.277044e-01 7.659714e+01
-1.270557e-01 5.708488e-02 9.902516e-01 8.387550e+01 1.780847e-02 9.983129e-01 -5.526464e-02 -4.989696e+00 -9.917356e-01 1.061318e-02 -1.278579e-01 7.645566e+01
-1.263803e-01 5.576510e-02 9.904133e-01 8.506168e+01 1.924959e-02 9.983685e-01 -5.375671e-02 -5.064547e+00 -9.917950e-01 1.227126e-02 -1.272476e-01 7.632098e+01
-1.262482e-01 5.649022e-02 9.903890e-01 8.625312e+01 2.100624e-02 9.983056e-01 -5.426404e-02 -5.143167e+00 -9.917762e-01 1.395361e-02 -1.272209e-01 7.617764e+01
-1.242646e-01 5.607650e-02 9.906634e-01 8.744187e+01 2.259245e-02 9.983028e-01 -5.367503e-02 -5.225220e+00 -9.919918e-01 1.571161e-02 -1.253206e-01 7.601050e+01
-1.231461e-01 5.609325e-02 9.908021e-01 8.864612e+01 2.274345e-02 9.982986e-01 -5.369090e-02 -5.301031e+00 -9.921278e-01 1.592243e-02 -1.242123e-01 7.585610e+01
-1.224519e-01 5.617391e-02 9.908835e-01 8.983435e+01 2.325955e-02 9.982852e-01 -5.371914e-02 -5.374063e+00 -9.922018e-01 1.646949e-02 -1.235484e-01 7.572534e+01
-1.211608e-01 5.393925e-02 9.911664e-01 9.104821e+01 2.376854e-02 9.983939e-01 -5.142709e-02 -5.462818e+00 -9.923482e-01 1.732763e-02 -1.222483e-01 7.555856e+01
-1.214569e-01 5.393750e-02 9.911302e-01 9.227465e+01 2.359549e-02 9.983972e-01 -5.144150e-02 -5.528541e+00 -9.923162e-01 1.713827e-02 -1.225349e-01 7.542105e+01
-1.191437e-01 5.301161e-02 9.914609e-01 9.348186e+01 2.426176e-02 9.984309e-01 -5.046875e-02 -5.605423e+00 -9.925805e-01 1.804155e-02 -1.202429e-01 7.528517e+01
-1.178892e-01 5.381457e-02 9.915676e-01 9.469946e+01 2.347380e-02 9.984025e-01 -5.139468e-02 -5.676687e+00 -9.927492e-01 1.721698e-02 -1.189641e-01 7.515660e+01
-1.185281e-01 5.560537e-02 9.913926e-01 9.592319e+01 2.261558e-02 9.983229e-01 -5.329023e-02 -5.758292e+00 -9.926930e-01 1.610453e-02 -1.195869e-01 7.500864e+01
-1.145859e-01 5.446141e-02 9.919194e-01 9.717017e+01 1.965649e-02 9.984249e-01 -5.254789e-02 -5.841495e+00 -9.932188e-01 1.347641e-02 -1.154759e-01 7.486187e+01
-1.139893e-01 5.350665e-02 9.920401e-01 9.840136e+01 1.712313e-02 9.985061e-01 -5.188788e-02 -5.915859e+00 -9.933343e-01 1.107217e-02 -1.147352e-01 7.472541e+01
-1.137922e-01 5.376173e-02 9.920490e-01 9.964946e+01 1.485194e-02 9.985153e-01 -5.240858e-02 -5.994248e+00 -9.933935e-01 8.770163e-03 -1.144217e-01 7.458225e+01
-1.149986e-01 5.300189e-02 9.919507e-01 1.008920e+02 1.129492e-02 9.985808e-01 -5.204671e-02 -6.078010e+00 -9.933014e-01 5.218707e-03 -1.154341e-01 7.445565e+01
-1.161403e-01 5.071418e-02 9.919373e-01 1.021418e+02 8.485049e-03 9.987098e-01 -5.006697e-02 -6.154499e+00 -9.931965e-01 2.601844e-03 -1.164208e-01 7.431405e+01
-1.163038e-01 4.919074e-02 9.919949e-01 1.033956e+02 6.929478e-03 9.987887e-01 -4.871521e-02 -6.227317e+00 -9.931894e-01 1.208241e-03 -1.165038e-01 7.416341e+01
-1.189060e-01 4.843428e-02 9.917236e-01 1.046372e+02 5.085460e-03 9.988261e-01 -4.817142e-02 -6.301026e+00 -9.928924e-01 -6.845029e-04 -1.190128e-01 7.402854e+01
-1.207227e-01 4.852543e-02 9.914996e-01 1.058822e+02 5.252278e-03 9.988218e-01 -4.824428e-02 -6.377074e+00 -9.926723e-01 -6.165488e-04 -1.208353e-01 7.388692e+01
-1.233487e-01 4.639679e-02 9.912782e-01 1.071334e+02 4.365024e-03 9.989221e-01 -4.621141e-02 -6.462019e+00 -9.923537e-01 -1.373167e-03 -1.234183e-01 7.375456e+01
-1.261360e-01 4.289265e-02 9.910853e-01 1.084011e+02 3.191527e-03 9.990772e-01 -4.283235e-02 -6.533362e+00 -9.920078e-01 -2.239624e-03 -1.261565e-01 7.361247e+01
-1.289254e-01 4.238884e-02 9.907480e-01 1.096581e+02 2.910295e-03 9.990979e-01 -4.236737e-02 -6.594426e+00 -9.916500e-01 -2.578863e-03 -1.289325e-01 7.346051e+01
-1.335812e-01 4.700741e-02 9.899225e-01 1.108940e+02 -1.551610e-03 9.988633e-01 -4.764135e-02 -6.671000e+00 -9.910366e-01 -7.899962e-03 -1.333564e-01 7.330396e+01
-1.423263e-01 5.011620e-02 9.885503e-01 1.121264e+02 -3.454030e-03 9.986862e-01 -5.112735e-02 -6.749889e+00 -9.898137e-01 -1.069125e-02 -1.419662e-01 7.313044e+01
-1.512890e-01 4.544348e-02 9.874445e-01 1.133456e+02 -4.849667e-03 9.988966e-01 -4.671355e-02 -6.835515e+00 -9.884776e-01 -1.185602e-02 -1.509017e-01 7.295471e+01
-1.609113e-01 4.353962e-02 9.860081e-01 1.145746e+02 -2.207250e-04 9.990249e-01 -4.415043e-02 -6.894947e+00 -9.869688e-01 -7.321942e-03 -1.607448e-01 7.277944e+01
-1.743819e-01 4.495849e-02 9.836513e-01 1.158202e+02 2.506170e-03 9.989742e-01 -4.521454e-02 -6.982401e+00 -9.846748e-01 -5.419399e-03 -1.743157e-01 7.257073e+01
-1.884253e-01 4.448402e-02 9.810796e-01 1.170404e+02 1.880412e-03 9.989881e-01 -4.493488e-02 -7.058539e+00 -9.820857e-01 -6.622035e-03 -1.883183e-01 7.234928e+01
-2.032832e-01 4.323925e-02 9.781648e-01 1.182592e+02 2.340785e-03 9.990430e-01 -4.367569e-02 -7.121921e+00 -9.791171e-01 -6.588861e-03 -2.031899e-01 7.209459e+01
-2.183377e-01 4.503662e-02 9.748336e-01 1.194539e+02 7.699041e-03 9.989829e-01 -4.442791e-02 -7.199022e+00 -9.758428e-01 -2.195008e-03 -2.184624e-01 7.184624e+01
-2.334280e-01 4.838789e-02 9.711694e-01 1.206208e+02 7.369076e-03 9.988204e-01 -4.799436e-02 -7.272101e+00 -9.723461e-01 -4.046609e-03 -2.335093e-01 7.156040e+01
-2.486223e-01 5.093671e-02 9.672603e-01 1.218200e+02 7.153552e-03 9.986856e-01 -5.075286e-02 -7.354895e+00 -9.685740e-01 -5.698949e-03 -2.486599e-01 7.125594e+01
-2.649130e-01 4.925739e-02 9.630135e-01 1.229877e+02 1.950325e-03 9.987198e-01 -5.054723e-02 -7.435790e+00 -9.642703e-01 -1.151243e-02 -2.646699e-01 7.095634e+01
-2.809244e-01 4.392536e-02 9.587242e-01 1.241568e+02 -2.933094e-03 9.989081e-01 -4.662589e-02 -7.502943e+00 -9.597254e-01 -1.591038e-02 -2.804888e-01 7.063648e+01
-2.963374e-01 4.077940e-02 9.542124e-01 1.253383e+02 -4.890220e-03 9.990102e-01 -4.421257e-02 -7.571264e+00 -9.550707e-01 -1.776815e-02 -2.958446e-01 7.030634e+01
-3.105000e-01 4.151640e-02 9.496664e-01 1.264746e+02 -6.713783e-03 9.989251e-01 -4.586495e-02 -7.643950e+00 -9.505496e-01 -2.061692e-02 -3.098875e-01 6.996973e+01
-3.262494e-01 4.283428e-02 9.443128e-01 1.276186e+02 -7.883855e-03 9.988148e-01 -4.803029e-02 -7.719272e+00 -9.452508e-01 -2.311468e-02 -3.255250e-01 6.957933e+01
-3.395775e-01 4.503635e-02 9.394993e-01 1.287392e+02 -6.703375e-03 9.987118e-01 -5.029769e-02 -7.796112e+00 -9.405541e-01 -2.337778e-02 -3.388381e-01 6.917929e+01
-3.532094e-01 4.484902e-02 9.344687e-01 1.298815e+02 -4.908987e-03 9.987477e-01 -4.978952e-02 -7.878565e+00 -9.355313e-01 -2.217342e-02 -3.525469e-01 6.875838e+01
-3.673971e-01 4.292213e-02 9.290733e-01 1.309993e+02 -5.429366e-03 9.988185e-01 -4.829130e-02 -7.952692e+00 -9.300483e-01 -2.278636e-02 -3.667300e-01 6.833614e+01
-3.807408e-01 4.188958e-02 9.237325e-01 1.321010e+02 -5.417535e-03 9.988552e-01 -4.752924e-02 -8.026620e+00 -9.246659e-01 -2.310068e-02 -3.800780e-01 6.790081e+01
-3.953080e-01 4.328059e-02 9.175285e-01 1.332121e+02 -6.496373e-03 9.987326e-01 -4.990995e-02 -8.095473e+00 -9.185256e-01 -2.569041e-02 -3.945258e-01 6.745320e+01
-4.123455e-01 4.466217e-02 9.099322e-01 1.343143e+02 -6.429782e-03 9.986301e-01 -5.192946e-02 -8.178132e+00 -9.110048e-01 -2.726355e-02 -4.114935e-01 6.697004e+01
-4.246597e-01 4.611872e-02 9.041777e-01 1.353872e+02 -5.714137e-03 9.985453e-01 -5.361578e-02 -8.251940e+00 -9.053349e-01 -2.793506e-02 -4.237784e-01 6.646902e+01
-4.403441e-01 4.845231e-02 8.965208e-01 1.364569e+02 -3.040921e-03 9.984566e-01 -5.545502e-02 -8.333519e+00 -8.978239e-01 -2.714554e-02 -4.395171e-01 6.592791e+01
-4.563846e-01 5.259729e-02 8.882267e-01 1.375432e+02 -2.446668e-03 9.981734e-01 -6.036503e-02 -8.418952e+00 -8.897792e-01 -2.972287e-02 -4.554223e-01 6.539399e+01
-4.705946e-01 5.401854e-02 8.806945e-01 1.385972e+02 -3.020762e-03 9.980197e-01 -6.282897e-02 -8.502828e+00 -8.823443e-01 -3.222734e-02 -4.694995e-01 6.485689e+01
-4.865213e-01 5.097490e-02 8.721804e-01 1.396684e+02 -4.347244e-03 9.981428e-01 -6.076182e-02 -8.599112e+00 -8.736578e-01 -3.335350e-02 -4.853962e-01 6.425866e+01
-5.005548e-01 4.757120e-02 8.643969e-01 1.407240e+02 -6.633471e-03 9.982490e-01 -5.877893e-02 -8.674406e+00 -8.656794e-01 -3.515603e-02 -4.993628e-01 6.366906e+01
-5.173322e-01 4.767884e-02 8.544555e-01 1.417835e+02 -7.004007e-03 9.981775e-01 -5.993916e-02 -8.757203e+00 -8.557560e-01 -3.699307e-02 -5.160554e-01 6.305244e+01
-5.335675e-01 4.670160e-02 8.444671e-01 1.428519e+02 -8.566528e-03 9.981246e-01 -6.061200e-02 -8.844479e+00 -8.457140e-01 -3.957474e-02 -5.321668e-01 6.240288e+01
-5.491269e-01 4.532680e-02 8.345090e-01 1.438594e+02 -9.878724e-03 9.981064e-01 -6.071312e-02 -8.933364e+00 -8.356805e-01 -4.158309e-02 -5.476393e-01 6.175543e+01
-5.649248e-01 4.481462e-02 8.239246e-01 1.448963e+02 -1.108731e-02 9.980216e-01 -6.188608e-02 -9.020324e+00 -8.250679e-01 -4.409609e-02 -5.633103e-01 6.107317e+01
-5.804380e-01 4.406222e-02 8.131115e-01 1.459181e+02 -1.195255e-02 9.979664e-01 -6.261175e-02 -9.112919e+00 -8.142167e-01 -4.606099e-02 -5.787309e-01 6.035849e+01
-5.944927e-01 4.089145e-02 8.030606e-01 1.469229e+02 -1.335444e-02 9.980663e-01 -6.070712e-02 -9.204628e+00 -8.039900e-01 -4.681437e-02 -5.927971e-01 5.962419e+01
-6.102467e-01 3.797318e-02 7.913009e-01 1.479120e+02 -1.317061e-02 9.982262e-01 -5.806027e-02 -9.285958e+00 -7.921019e-01 -4.585300e-02 -6.086641e-01 5.887724e+01
-6.237572e-01 3.631892e-02 7.807740e-01 1.488951e+02 -1.241952e-02 9.983332e-01 -5.636093e-02 -9.370468e+00 -7.815194e-01 -4.485237e-02 -6.222664e-01 5.811119e+01
-6.391212e-01 3.489933e-02 7.683139e-01 1.498784e+02 -1.293864e-02 9.983407e-01 -5.611090e-02 -9.458155e+00 -7.689972e-01 -4.580260e-02 -6.376091e-01 5.731605e+01
-6.552495e-01 3.484166e-02 7.546087e-01 1.508254e+02 -1.521966e-02 9.981241e-01 -5.930090e-02 -9.544281e+00 -7.552591e-01 -5.034177e-02 -6.534901e-01 5.650958e+01
-6.679836e-01 3.473605e-02 7.433649e-01 1.517584e+02 -1.750476e-02 9.979002e-01 -6.235969e-02 -9.634328e+00 -7.439700e-01 -5.466767e-02 -6.659730e-01 5.568449e+01
-6.834859e-01 3.083981e-02 7.293120e-01 1.527051e+02 -2.010308e-02 9.979329e-01 -6.103868e-02 -9.727459e+00 -7.296868e-01 -5.638050e-02 -6.814531e-01 5.484268e+01
-6.997876e-01 2.415391e-02 7.139426e-01 1.536427e+02 -2.344862e-02 9.981129e-01 -5.675160e-02 -9.820356e+00 -7.139660e-01 -5.645503e-02 -6.979006e-01 5.394054e+01
-7.159461e-01 2.182871e-02 6.978143e-01 1.545559e+02 -2.444525e-02 9.981144e-01 -5.630300e-02 -9.899007e+00 -6.977274e-01 -5.736815e-02 -7.140625e-01 5.303123e+01
-7.338135e-01 1.997231e-02 6.790574e-01 1.554516e+02 -2.567485e-02 9.980383e-01 -5.709928e-02 -9.985610e+00 -6.788656e-01 -5.933492e-02 -7.318612e-01 5.211901e+01
-7.510892e-01 1.505788e-02 6.600291e-01 1.563210e+02 -2.991269e-02 9.979370e-01 -5.680648e-02 -1.007064e+01 -6.595227e-01 -6.240997e-02 -7.490893e-01 5.118030e+01
-7.675218e-01 1.395457e-02 6.408710e-01 1.571263e+02 -2.941439e-02 9.979432e-01 -5.695695e-02 -1.015119e+01 -6.403476e-01 -6.256653e-02 -7.655327e-01 5.020394e+01
-7.837095e-01 1.473531e-02 6.209528e-01 1.579427e+02 -2.855068e-02 9.978073e-01 -5.971218e-02 -1.024584e+01 -6.204710e-01 -6.452562e-02 -7.815703e-01 4.918933e+01
-7.984181e-01 1.441150e-02 6.019310e-01 1.587253e+02 -2.619028e-02 9.979360e-01 -5.863221e-02 -1.034184e+01 -6.015335e-01 -6.257775e-02 -7.963927e-01 4.818088e+01
-8.130042e-01 1.609821e-02 5.820352e-01 1.595063e+02 -2.153569e-02 9.981024e-01 -5.768769e-02 -1.042951e+01 -5.818593e-01 -5.943486e-02 -8.111148e-01 4.714161e+01
-8.269445e-01 1.789555e-02 5.619987e-01 1.602515e+02 -1.968935e-02 9.979588e-01 -6.074930e-02 -1.051733e+01 -5.619386e-01 -6.130169e-02 -8.249043e-01 4.609442e+01
-8.395920e-01 1.889332e-02 5.428888e-01 1.609312e+02 -1.949511e-02 9.977032e-01 -6.487124e-02 -1.061757e+01 -5.428675e-01 -6.504906e-02 -8.372953e-01 4.501950e+01
-8.533403e-01 1.880729e-02 5.210151e-01 1.616141e+02 -1.753330e-02 9.977486e-01 -6.473292e-02 -1.071511e+01 -5.210594e-01 -6.437432e-02 -8.510893e-01 4.393177e+01
-8.648764e-01 1.786880e-02 5.016667e-01 1.622774e+02 -1.563462e-02 9.979226e-01 -6.249906e-02 -1.082377e+01 -5.017412e-01 -6.189733e-02 -8.628003e-01 4.281709e+01
-8.750728e-01 1.979274e-02 4.835864e-01 1.628969e+02 -1.341880e-02 9.977872e-01 -6.512047e-02 -1.090349e+01 -4.838052e-01 -6.347430e-02 -8.728709e-01 4.170241e+01
-8.852179e-01 2.244577e-02 4.646348e-01 1.634828e+02 -1.040620e-02 9.976297e-01 -6.801971e-02 -1.101371e+01 -4.650602e-01 -6.504734e-02 -8.828861e-01 4.057332e+01
-8.937043e-01 1.949287e-02 4.482328e-01 1.640637e+02 -1.301342e-02 9.975091e-01 -6.932662e-02 -1.112244e+01 -4.484677e-01 -6.779054e-02 -8.912245e-01 3.946231e+01
-9.015485e-01 1.738755e-02 4.323286e-01 1.646475e+02 -1.405768e-02 9.974876e-01 -6.943225e-02 -1.121653e+01 -4.324496e-01 -6.867407e-02 -8.990390e-01 3.832605e+01
-9.085798e-01 1.551826e-02 4.174231e-01 1.652188e+02 -1.479612e-02 9.974869e-01 -6.928874e-02 -1.132189e+01 -4.174492e-01 -6.913059e-02 -9.060668e-01 3.714817e+01
-9.148576e-01 1.453825e-02 4.035147e-01 1.657373e+02 -1.477455e-02 9.974770e-01 -6.943535e-02 -1.142968e+01 -4.035061e-01 -6.948521e-02 -9.123347e-01 3.600102e+01
-9.210043e-01 1.152896e-02 3.893818e-01 1.662593e+02 -1.651939e-02 9.975069e-01 -6.860787e-02 -1.153317e+01 -3.892020e-01 -6.962049e-02 -9.185177e-01 3.482703e+01
-9.265930e-01 6.820317e-03 3.760038e-01 1.667493e+02 -1.914320e-02 9.976839e-01 -6.527189e-02 -1.163899e+01 -3.755780e-01 -6.767839e-02 -9.243164e-01 3.361509e+01
-9.311988e-01 2.996039e-03 3.644994e-01 1.672454e+02 -2.102284e-02 9.978603e-01 -6.190977e-02 -1.172877e+01 -3.639050e-01 -6.531311e-02 -9.291433e-01 3.244004e+01
-9.354475e-01 3.772334e-03 3.534455e-01 1.676954e+02 -1.851150e-02 9.980480e-01 -5.964572e-02 -1.182161e+01 -3.529805e-01 -6.233825e-02 -9.335516e-01 3.121755e+01
-9.388523e-01 7.333917e-03 3.442419e-01 1.681317e+02 -1.423012e-02 9.980925e-01 -6.007377e-02 -1.191861e+01 -3.440258e-01 -6.129900e-02 -9.369571e-01 3.000499e+01
-9.408831e-01 1.225412e-02 3.385098e-01 1.685499e+02 -9.266082e-03 9.980403e-01 -6.188419e-02 -1.201644e+01 -3.386047e-01 -6.136245e-02 -9.389257e-01 2.880080e+01
-9.427661e-01 1.529900e-02 3.331035e-01 1.689726e+02 -6.300927e-03 9.979513e-01 -6.366777e-02 -1.211790e+01 -3.333951e-01 -6.212268e-02 -9.407383e-01 2.759271e+01
-9.447608e-01 1.258851e-02 3.275187e-01 1.693947e+02 -8.344830e-03 9.980144e-01 -6.243120e-02 -1.222292e+01 -3.276543e-01 -6.171564e-02 -9.427799e-01 2.639740e+01
-9.462786e-01 5.510384e-03 3.233056e-01 1.698355e+02 -1.448652e-02 9.981284e-01 -5.941239e-02 -1.231638e+01 -3.230278e-01 -6.090424e-02 -9.444277e-01 2.516605e+01
-9.481070e-01 2.287549e-04 3.179514e-01 1.702820e+02 -1.897162e-02 9.981773e-01 -5.729008e-02 -1.240722e+01 -3.173849e-01 -6.034918e-02 -9.463745e-01 2.394130e+01
-9.493025e-01 -5.972408e-03 3.143072e-01 1.707053e+02 -2.593566e-02 9.978990e-01 -5.937163e-02 -1.248847e+01 -3.132922e-01 -6.451341e-02 -9.474629e-01 2.272177e+01
-9.506738e-01 -8.984385e-03 3.100622e-01 1.711228e+02 -2.939533e-02 9.976914e-01 -6.121909e-02 -1.257847e+01 -3.087964e-01 -6.731376e-02 -9.487432e-01 2.151826e+01
-9.515587e-01 -9.487934e-03 3.073206e-01 1.715140e+02 -3.042817e-02 9.975231e-01 -6.341835e-02 -1.267766e+01 -3.059576e-01 -6.969749e-02 -9.494905e-01 2.030633e+01
-9.513180e-01 -8.558468e-03 3.080921e-01 1.719089e+02 -3.003204e-02 9.974316e-01 -6.502450e-02 -1.277446e+01 -3.067443e-01 -7.111161e-02 -9.491318e-01 1.908928e+01
-9.516800e-01 -6.003630e-03 3.070327e-01 1.723248e+02 -2.782036e-02 9.973832e-01 -6.672960e-02 -1.288355e+01 -3.058286e-01 -7.204699e-02 -9.493567e-01 1.785040e+01
-9.515968e-01 -4.889121e-03 3.073104e-01 1.727333e+02 -2.719182e-02 9.972919e-01 -6.833409e-02 -1.298137e+01 -3.061440e-01 -7.338283e-02 -9.491527e-01 1.662597e+01
-9.508101e-01 -4.116761e-03 3.097471e-01 1.731274e+02 -2.701127e-02 9.972050e-01 -6.966114e-02 -1.308803e+01 -3.085945e-01 -7.460117e-02 -9.482637e-01 1.540366e+01
-9.505596e-01 -2.700093e-03 3.105303e-01 1.735366e+02 -2.549228e-02 9.972657e-01 -6.936273e-02 -1.319848e+01 -3.094939e-01 -7.384954e-02 -9.480294e-01 1.418906e+01
-9.494373e-01 -2.368542e-03 3.139477e-01 1.739406e+02 -2.534716e-02 9.972855e-01 -6.913071e-02 -1.330297e+01 -3.129318e-01 -7.359296e-02 -9.469201e-01 1.298366e+01
-9.483128e-01 -3.831683e-03 3.173139e-01 1.743604e+02 -2.720431e-02 9.972276e-01 -6.925996e-02 -1.340845e+01 -3.161687e-01 -7.431241e-02 -9.457880e-01 1.176422e+01
-9.470577e-01 -5.713222e-03 3.210125e-01 1.747675e+02 -2.847348e-02 9.973966e-01 -6.625189e-02 -1.351423e+01 -3.197983e-01 -7.188471e-02 -9.447548e-01 1.057937e+01
-9.449328e-01 -7.350482e-03 3.271820e-01 1.751827e+02 -2.961015e-02 9.975675e-01 -6.310556e-02 -1.361325e+01 -3.259222e-01 -6.931841e-02 -9.428519e-01 9.386590e+00
-9.427708e-01 -8.706185e-03 3.333280e-01 1.756116e+02 -3.066740e-02 9.976861e-01 -6.067985e-02 -1.370031e+01 -3.320283e-01 -6.742949e-02 -9.408562e-01 8.196863e+00
-9.401957e-01 -6.386046e-03 3.405749e-01 1.760414e+02 -2.831625e-02 9.978290e-01 -5.946015e-02 -1.380059e+01 -3.394557e-01 -6.554798e-02 -9.383354e-01 6.995260e+00
-9.368348e-01 -6.460149e-03 3.497125e-01 1.764731e+02 -2.917681e-02 9.977881e-01 -5.972906e-02 -1.389630e+01 -3.485531e-01 -6.615975e-02 -9.349511e-01 5.835628e+00
-9.331698e-01 -4.791785e-03 3.594040e-01 1.769117e+02 -2.844900e-02 9.977589e-01 -6.056333e-02 -1.398618e+01 -3.583082e-01 -6.674055e-02 -9.312147e-01 4.676962e+00
-9.291024e-01 -2.745076e-03 3.698124e-01 1.773726e+02 -2.700662e-02 9.978062e-01 -6.044380e-02 -1.408068e+01 -3.688352e-01 -6.614586e-02 -9.271382e-01 3.523542e+00
-9.247874e-01 -1.586769e-03 3.804810e-01 1.778322e+02 -2.672230e-02 9.977929e-01 -6.078932e-02 -1.417297e+01 -3.795447e-01 -6.638452e-02 -9.227886e-01 2.350180e+00
