1.000000000 0.000000000 0.000000000 0.000000000 0.000000000 1.000000000 0.000000000 0.000000000 0.000000000 0.000000000 1.000000000 0.000000000
0.999996245 -0.002266013 -0.001529501 0.003691800 0.002270374 0.999993324 0.002856300 -0.013616271 0.001523018 -0.002859762 0.999994755 1.505456805
0.999993443 -0.002539717 -0.002581188 -0.013723385 0.002548098 0.999991477 0.003248686 -0.022873331 0.002572915 -0.003255242 0.999991357 2.996009588
0.999990463 -0.001293887 -0.004180114 -0.018985935 0.001307130 0.999994159 0.003166805 -0.038847990 0.004175993 -0.003172238 0.999986231 4.484127522
0.999982715 -0.000340764 -0.005865078 -0.033630304 0.000358826 0.999995172 0.003078864 -0.058361053 0.005864000 -0.003080916 0.999978065 5.959075928
0.999983788 -0.000008349 -0.005689230 -0.079271443 0.000025706 0.999995291 0.003050942 -0.065198183 0.005689178 -0.003051038 0.999979198 7.428933620
0.999971628 -0.000072788 -0.007537317 -0.105137944 0.000094976 0.999995649 0.002943504 -0.073135816 0.007537069 -0.002944136 0.999967277 8.934395790
0.999945641 -0.002676946 -0.010068431 -0.105554536 0.002705347 0.999992311 0.002808228 -0.099486180 0.010060838 -0.002835314 0.999945343 10.372397423
0.999916792 -0.004581698 -0.012054115 -0.107279122 0.004620876 0.999984086 0.003224320 -0.113322489 0.012039149 -0.003279752 0.999922156 11.838992119
0.999911964 -0.003952527 -0.012668049 -0.141841173 0.003993584 0.999986827 0.003217364 -0.130946040 0.012655164 -0.003267671 0.999914587 13.262790680
0.999918222 -0.003252429 -0.012368642 -0.190626547 0.003289691 0.999990106 0.002993503 -0.140229583 0.012358785 -0.003033948 0.999919057 14.690990448
0.999894559 -0.001947943 -0.014384526 -0.193173617 0.002001098 0.999991238 0.003681876 -0.158863813 0.014377226 -0.003710274 0.999889731 16.111810684
0.999891996 -0.000378437 -0.014697034 -0.232684374 0.000450077 0.999988079 0.004871505 -0.175705045 0.014695015 -0.004877593 0.999880135 17.528244019
0.999874413 -0.000221600 -0.015847277 -0.243378550 0.000305215 0.999986172 0.005274092 -0.185203925 0.015845887 -0.005278267 0.999860525 18.980518341
0.999865830 -0.000391513 -0.016372172 -0.260889798 0.000472232 0.999987721 0.004926689 -0.188826472 0.016370045 -0.004933760 0.999853849 20.455497742
0.999860644 0.000685666 -0.016676581 -0.299455196 -0.000603246 0.999987721 0.004946838 -0.198563367 0.016679764 -0.004936089 0.999848723 21.877763748
0.999868393 0.001273553 -0.016171569 -0.338916242 -0.001189161 0.999985635 0.005227105 -0.211552650 0.016177995 -0.005207187 0.999855518 23.273111343
0.999860704 0.002233070 -0.016540138 -0.361609787 -0.002122088 0.999975085 0.006724383 -0.227032527 0.016554743 -0.006688347 0.999840617 24.661878586
0.999867558 0.002596027 -0.016064733 -0.402099669 -0.002511248 0.999982774 0.005295303 -0.237360120 0.016078206 -0.005254260 0.999856949 26.051876068
0.999863923 0.003192839 -0.016184650 -0.426654369 -0.003135509 0.999988735 0.003566327 -0.251721710 0.016195856 -0.003515095 0.999862611 27.465513229
0.999880433 0.001359441 -0.015399802 -0.465203375 -0.001308885 0.999993742 0.003292505 -0.262340844 0.015404181 -0.003271956 0.999876022 28.830276489
0.999874473 0.001013070 -0.015813425 -0.477691680 -0.000925297 0.999984145 0.005556869 -0.269886434 0.015818805 -0.005541539 0.999859512 30.249603271
0.999883711 -0.000985958 -0.015215651 -0.504217088 0.001091626 0.999975324 0.006937984 -0.280840129 0.015208436 -0.006953787 0.999860108 31.649126053
0.999882758 -0.001410270 -0.015244000 -0.526214182 0.001508722 0.999978006 0.006448830 -0.295729756 0.015234569 -0.006471072 0.999863029 32.977024078
0.999897361 -0.001225844 -0.014276827 -0.559978843 0.001289487 0.999989212 0.004449437 -0.306523383 0.014271219 -0.004467390 0.999888182 34.323619843
0.999900937 0.000227781 -0.014075970 -0.579936445 -0.000177931 0.999993682 0.003542647 -0.318164229 0.014076688 -0.003539791 0.999894619 35.685924530
0.999919653 0.000541834 -0.012666449 -0.612856388 -0.000507205 0.999996126 0.002736931 -0.339698434 0.012667881 -0.002730286 0.999916017 36.976650238
0.999939919 0.001032877 -0.010914040 -0.643849790 -0.000993934 0.999993145 0.003572970 -0.352813214 0.010917657 -0.003561907 0.999934018 38.256134033
0.999947309 0.001437006 -0.010168103 -0.648237765 -0.001378382 0.999982417 0.005770197 -0.370264351 0.010176216 -0.005755877 0.999931693 39.592258453
0.999966860 0.000443902 -0.008128044 -0.686885953 -0.000385688 0.999974191 0.007162277 -0.388481677 0.008131015 -0.007158906 0.999941289 40.868984222
0.999988139 0.001254135 -0.004693720 -0.720404625 -0.001219169 0.999971569 0.007444900 -0.395601183 0.004702923 -0.007439091 0.999961197 42.105796814
0.999996960 0.001366266 -0.002035838 -0.712378919 -0.001352789 0.999977291 0.006606796 -0.407519728 0.002044818 -0.006604022 0.999976099 43.361946106
0.999998868 -0.000442434 0.001422597 -0.718911588 0.000435070 0.999986529 0.005173015 -0.423321098 -0.001424866 -0.005172390 0.999985635 44.577419281
0.999987483 -0.000487596 0.004989404 -0.722677946 0.000471694 0.999994814 0.003187703 -0.431737870 -0.004990933 -0.003185309 0.999982476 45.778057098
0.999962986 -0.000031311 0.008605802 -0.712985456 -0.000004843 0.999991119 0.004201037 -0.452821434 -0.008605857 -0.004200923 0.999954224 46.968070984
0.999886394 0.000930890 0.015044523 -0.724654555 -0.000988581 0.999992192 0.003827644 -0.466069937 -0.015040843 -0.003842082 0.999879479 48.157341003
0.999762297 0.002897317 0.021610482 -0.711662650 -0.002961291 0.999991298 0.002928922 -0.477925241 -0.021601807 -0.002992221 0.999762177 49.310409546
0.999557376 0.003889954 0.029494142 -0.679845572 -0.003973461 0.999988258 0.002773207 -0.487971961 -0.029483007 -0.002889173 0.999561131 50.510417938
0.999287248 0.005689675 0.037317883 -0.649750233 -0.005829780 0.999976456 0.003646595 -0.502992690 -0.037296265 -0.003861552 0.999296725 51.661144257
0.998832285 0.008056496 0.047636732 -0.607276917 -0.008265837 0.999956965 0.004199159 -0.516034245 -0.047600862 -0.004588014 0.998855889 52.790161133
0.998113155 0.010143366 0.060558062 -0.546962976 -0.010428701 0.999935925 0.004397552 -0.533099651 -0.060509585 -0.005020798 0.998154998 53.910896301
0.997055113 0.011973392 0.075749248 -0.478553772 -0.012355215 0.999913216 0.004573991 -0.540838897 -0.075687908 -0.005496418 0.997116387 55.013389587
0.995637357 0.014537108 0.092168100 -0.398905277 -0.015157116 0.999866962 0.006030443 -0.557248950 -0.092068188 -0.007401137 0.995725214 56.108993530
0.993807614 0.014643588 0.110145606 -0.297694206 -0.015479093 0.999857545 0.006734154 -0.566425204 -0.110031314 -0.008397408 0.993892670 57.173194885
0.991556048 0.014217769 0.128896952 -0.154221535 -0.015065457 0.999870837 0.005603802 -0.574965537 -0.128800616 -0.007498375 0.991642237 58.257694244
0.988700628 0.013485750 0.149295792 -0.010785103 -0.014306839 0.999887824 0.004427075 -0.580886185 -0.149219334 -0.006513002 0.988782644 59.296180725
0.985268414 0.011163621 0.170650601 0.148122787 -0.012063311 0.999918222 0.004236083 -0.588564277 -0.170589343 -0.006232290 0.985322475 60.328811646
0.981408179 0.005852955 0.191843152 0.356522560 -0.007155800 0.999955773 0.006099069 -0.595324993 -0.191798925 -0.007358468 0.981406629 61.341045380
0.976502419 0.000310887 0.215506256 0.572366714 -0.002047073 0.999967217 0.007833160 -0.615266025 -0.215496764 -0.008090256 0.976471186 62.356575012
0.970918179 -0.004415517 0.239370823 0.813230515 0.002748876 0.999969661 0.007295997 -0.623532891 -0.239395767 -0.006425816 0.970900834 63.326793671
0.964547336 -0.010246385 0.263711035 1.079920769 0.009175172 0.999943852 0.005293382 -0.633466959 -0.263750494 -0.002686124 0.964587212 64.263839722
0.956894219 -0.014308181 0.290084064 1.371925354 0.013164532 0.999895990 0.005893560 -0.640430808 -0.290138274 -0.001820692 0.956983030 65.220779419
0.948029041 -0.016132232 0.317774624 1.669698715 0.014343406 0.999865413 0.007968209 -0.644004643 -0.317860395 -0.002996123 0.948132813 66.148574829
0.938338339 -0.019985171 0.345140159 2.008943558 0.017351059 0.999792039 0.010719853 -0.650780737 -0.345282614 -0.004070303 0.938489974 67.055793762
0.927455902 -0.023557482 0.373189837 2.372047424 0.021382404 0.999721706 0.009967281 -0.648170173 -0.373320699 -0.001264521 0.927701473 67.938781738
0.915191889 -0.022305613 0.402400583 2.742977142 0.021643424 0.999746561 0.006193010 -0.653532386 -0.402436733 0.003041535 0.915442705 68.795394897
0.902355194 -0.023881327 0.430330962 3.175621033 0.026129527 0.999658346 0.000685634 -0.661463618 -0.430200279 0.010625659 0.902670920 69.650970459
0.887954772 -0.026579970 0.459162086 3.604780197 0.030656377 0.999528944 -0.001424395 -0.680417478 -0.458907962 0.015341045 0.888351321 70.482284546
0.872438908 -0.027062537 0.487973213 4.054754257 0.029879693 0.999551475 0.002012802 -0.690808713 -0.487808824 0.012824442 0.872856200 71.261154175
0.854584754 -0.025744693 0.518673539 4.534429550 0.025804447 0.999641836 0.007101554 -0.691986322 -0.518670619 0.007315204 0.854942799 72.059684753
0.834708154 -0.026039077 0.550076604 5.050157547 0.024116490 0.999651611 0.010725374 -0.699583590 -0.550164282 0.004313356 0.835045338 72.864746094
0.813926637 -0.020057816 0.580621302 5.589946747 0.020361420 0.999774694 0.005994610 -0.710588217 -0.580610752 0.006943100 0.814151645 73.600601196
0.791796923 -0.012923293 0.610647738 6.144981384 0.017086355 0.999853551 -0.000994878 -0.715547204 -0.610545456 0.011221483 0.791901767 74.340065002
0.769256413 -0.010432545 0.638854921 6.690231323 0.016463188 0.999858379 -0.003495856 -0.717266142 -0.638728082 0.013206800 0.769319296 75.002914429
0.745984912 -0.012297014 0.665849388 7.295234680 0.017252868 0.999850690 -0.000863857 -0.721077561 -0.665739298 0.012132235 0.746085703 75.664276123
0.721329272 -0.012747763 0.692474902 7.915847778 0.017544461 0.999846041 0.000130640 -0.738383830 -0.692369998 0.012054864 0.721441865 76.321006775
0.696116328 -0.010990131 0.717844963 8.572666168 0.018369524 0.999828100 -0.002506231 -0.759460568 -0.717693925 0.014931095 0.696198642 76.932601929
0.669567704 -0.008520331 0.742702186 9.240695953 0.018183945 0.999822497 -0.004923326 -0.771606863 -0.742528319 0.016801754 0.669603884 77.561767578
0.642056108 -0.005812386 0.766635597 9.927215576 0.016556293 0.999843121 -0.006285375 -0.774070144 -0.766478837 0.016728206 0.642051697 78.156967163
0.614466786 -0.004799956 0.788928092 10.581619263 0.016909188 0.999831915 -0.007086811 -0.797219753 -0.788761437 0.017694743 0.614444673 78.656845093
0.585315704 0.001329240 0.810804367 11.291713715 0.015762772 0.999791026 -0.013018139 -0.818540335 -0.810652137 0.020400248 0.585172415 79.172805786
0.554969788 0.010894888 0.831799150 12.047290802 0.014561750 0.999633789 -0.022808665 -0.834612072 -0.831743062 0.024770573 0.554607928 79.690071106
0.523860395 0.019959016 0.851570308 12.802524567 0.013125572 0.999417663 -0.031498700 -0.850266397 -0.851703048 0.027678274 0.523293376 80.167724609
0.493543029 0.024914656 0.869364440 13.663656235 0.011073723 0.999328554 -0.034925837 -0.874252796 -0.869650900 0.026864503 0.492935747 80.629753113
0.461224079 0.024022998 0.886958420 14.418777466 0.008791520 0.999460578 -0.031641737 -0.932623982 -0.887240112 0.022391642 0.460764170 81.020683289
0.428533345 0.022642305 0.903242230 15.249500275 0.004464291 0.999620736 -0.027176339 -0.963512361 -0.903514922 0.015678303 0.428269833 81.403442383
0.393479466 0.023852054 0.919023871 16.087066650 0.000277021 0.999660313 -0.026063474 -1.000869870 -0.919333279 0.010510031 0.393339217 81.789855957
0.358298987 0.027325308 0.933206916 16.980554581 -0.007105088 0.999622464 -0.026542077 -1.030910254 -0.933579862 0.002879481 0.358357936 82.157135010
0.322249591 0.029335734 0.946200132 17.852634430 -0.011685599 0.999566913 -0.027010510 -1.058790922 -0.946582556 -0.002352788 0.322452843 82.463989258
0.286288381 0.028534949 0.957718492 18.754289627 -0.014198300 0.999572992 -0.025537733 -1.090827823 -0.958038330 -0.006286818 0.286571264 82.734024048
0.250002414 0.028557414 0.967823923 19.673557281 -0.014839873 0.999560535 -0.025660517 -1.117081523 -0.968131483 -0.007947193 0.250316411 82.978118896
0.214210019 0.028111491 0.976382971 20.600778580 -0.015007807 0.999562562 -0.025486277 -1.156275630 -0.976672232 -0.009193951 0.214538217 83.176940918
0.178434148 0.026208138 0.983602762 21.500364304 -0.012281494 0.999626637 -0.024407126 -1.188646317 -0.983875215 -0.007725046 0.178689405 83.371147156
0.144175619 0.025516953 0.989223123 22.442565918 -0.004168478 0.999674320 -0.025179004 -1.216153383 -0.989543319 -0.000493357 0.144235030 83.492004395
0.110521272 0.028732087 0.993458390 23.385658264 -0.001666095 0.999585986 -0.028723955 -1.251033783 -0.993872344 0.001519412 0.110523365 83.591186523
0.077675939 0.034017187 0.996398091 24.310239792 -0.000911266 0.999419749 -0.034049310 -1.284698844 -0.996978223 0.001736828 0.077661872 83.672523499
0.048380233 0.038162041 0.998099625 25.250740051 0.006278001 0.999238551 -0.038509898 -1.315726519 -0.998809218 0.008129189 0.048103802 83.713592529
0.023229532 0.035726219 0.999091566 26.199235916 0.008181950 0.999320984 -0.035924654 -1.366011143 -0.999696553 0.009009031 0.022921462 83.725563049
0.001298850 0.033299316 0.999444604 27.185577393 0.010562243 0.999389231 -0.033311199 -1.395977378 -0.999943376 0.010599644 0.000946341 83.719947815
-0.018080477 0.030663773 0.999366224 28.149332047 0.010546497 0.999479830 -0.030476451 -1.436688423 -0.999780893 0.009988784 -0.018394468 83.707092285
-0.034598436 0.033444956 0.998841524 29.103778839 0.013068785 0.999369681 -0.033009950 -1.478604317 -0.999315858 0.011911551 -0.035013709 83.676445007
-0.049226053 0.038194172 0.998057127 30.063804626 0.014899930 0.999185443 -0.037502468 -1.518607378 -0.998676479 0.013024881 -0.049755059 83.631225586
-0.061511587 0.043204233 0.997170806 31.024139404 0.019627489 0.998921871 -0.042069353 -1.561828375 -0.997913420 0.016984208 -0.062293265 83.568984985
-0.070648320 0.046582483 0.996413052 31.984664917 0.025176557 0.998674154 -0.044903103 -1.613846660 -0.997183561 0.021913918 -0.071727425 83.498596191
-0.076119125 0.051978976 0.995742977 32.933151245 0.028030414 0.998357177 -0.049972661 -1.662309766 -0.996704638 0.024107216 -0.077451080 83.420417786
-0.079716906 0.056735475 0.995201588 33.897853851 0.029744806 0.998069763 -0.054516386 -1.715828657 -0.996373594 0.025256203 -0.081250615 83.342254639
-0.082152084 0.060692970 0.994770050 34.894691467 0.032129098 0.997786462 -0.058223657 -1.778114915 -0.996101797 0.027177872 -0.083920240 83.245651245
-0.083455563 0.064192116 0.994441807 35.890254974 0.032708425 0.997561812 -0.061648544 -1.830914855 -0.995974541 0.027381713 -0.085351720 83.140640259
-0.086514786 0.067984350 0.993928194 36.870204926 0.033615198 0.997299850 -0.065289006 -1.895053744 -0.995683193 0.027762625 -0.088566497 83.063690186
-0.087622516 0.071914449 0.993554533 37.858573914 0.035325889 0.996987641 -0.069047526 -1.959341764 -0.995527208 0.029048074 -0.089899004 82.955825806
-0.089735582 0.072584413 0.993317187 38.815299988 0.037316978 0.996885538 -0.069473974 -2.051145077 -0.995266259 0.030833306 -0.092164755 82.863609314
-0.091307797 0.071607903 0.993244767 39.804878235 0.037666921 0.996945858 -0.068412043 -2.117589712 -0.995110035 0.031165918 -0.093726195 82.755897522
-0.094602212 0.071019426 0.992978692 40.824573517 0.036943942 0.997015476 -0.067788444 -2.197910309 -0.994829416 0.030271603 -0.096943609 82.680503845
-0.095849365 0.072462715 0.992754757 41.802234650 0.037083402 0.996914268 -0.069185957 -2.271119595 -0.994704783 0.030183295 -0.098240755 82.562286377
-0.098668560 0.074803896 0.992304862 42.806850433 0.036176603 0.996781170 -0.071544163 -2.341754913 -0.994462550 0.028839057 -0.101057112 82.467765808
-0.102026910 0.077228308 0.991779387 43.779983521 0.032307621 0.996713281 -0.074288934 -2.406428814 -0.994256794 0.024462568 -0.104186647 82.380805969
-0.104961678 0.081222802 0.991153896 44.784889221 0.030402023 0.996455312 -0.078437738 -2.482589006 -0.994011402 0.021900125 -0.107058965 82.286827087
-0.107291661 0.084900536 0.990595937 45.785621643 0.027131725 0.996226192 -0.082444444 -2.574983120 -0.993857324 0.018030977 -0.109190278 82.192512512
-0.110108763 0.087374099 0.990071654 46.792137146 0.024927940 0.996057928 -0.085130095 -2.659471512 -0.993606985 0.015306878 -0.111852765 82.082252502
-0.113474362 0.085737325 0.989834666 47.805526733 0.023058785 0.996228576 -0.083647706 -2.753387690 -0.993273377 0.013332515 -0.115023397 81.977996826
-0.116679437 0.081286997 0.989837527 48.834892273 0.021244904 0.996621192 -0.079339795 -2.848164558 -0.992942333 0.011771681 -0.118012130 81.861442566
-0.118629478 0.079600289 0.989742756 49.851348877 0.019546255 0.996775568 -0.077823102 -2.933148146 -0.992746174 0.010113655 -0.119802862 81.744606018
-0.121137835 0.080147594 0.989394784 50.874168396 0.018861368 0.996740997 -0.078433365 -3.016480446 -0.992456436 0.009160092 -0.122254729 81.628082275
-0.123201512 0.082669750 0.988932312 51.904354095 0.019920517 0.996529400 -0.080823116 -3.105607986 -0.992181659 0.009742511 -0.124420740 81.513854980
-0.123093456 0.085249558 0.988726735 52.928276062 0.021267273 0.996301293 -0.083254956 -3.198867321 -0.992167175 0.010779383 -0.124451183 81.373062134
-0.124009311 0.085660383 0.988576770 53.953987122 0.020108519 0.996279180 -0.083805352 -3.293520689 -0.992077172 0.009486171 -0.125270426 81.249923706
-0.124301121 0.084578484 0.988633275 54.987903595 0.017118337 0.996394932 -0.083090216 -3.384469748 -0.992096841 0.006595551 -0.125300869 81.132026672
-0.123685628 0.084671192 0.988702536 56.039867401 0.013079742 0.996405542 -0.083694607 -3.466409683 -0.992235363 0.002580154 -0.124348544 81.006584167
-0.124813601 0.085867830 0.988457501 57.082847595 0.008858511 0.996304691 -0.085430950 -3.558443069 -0.992140651 -0.001906682 -0.125113040 80.899841309
-0.124172322 0.085646316 0.988557518 58.182708740 0.004965707 0.996309161 -0.085694157 -3.656401157 -0.992248237 -0.005731953 -0.124139324 80.751327515
-0.124466963 0.084930792 0.988582194 59.191360474 0.000997483 0.996340096 -0.085471697 -3.756913662 -0.992223382 -0.009652307 -0.124096125 80.634574890
-0.125150457 0.079777256 0.988925099 60.248001099 0.001738030 0.996778071 -0.080190800 -3.850948095 -0.992136240 -0.008317133 -0.124885887 80.509529114
-0.125775009 0.071963668 0.989445269 61.293743134 0.004953805 0.997398674 -0.071912415 -3.929345369 -0.992046475 -0.004143264 -0.125804320 80.384254456
-0.125376761 0.066270322 0.989893317 62.399520874 0.010211929 0.997799933 -0.065506227 -4.021744728 -0.992056608 0.001895765 -0.125777632 80.235397339
-0.125212699 0.068711549 0.989747643 63.466270447 0.018282769 0.997589350 -0.066942990 -4.095586300 -0.991961479 0.009713218 -0.126167074 80.094963074
-0.123815395 0.074664719 0.989492238 64.560279846 0.023558380 0.997105360 -0.072291315 -4.174296856 -0.992025554 0.014360058 -0.125215977 79.951728821
-0.122206315 0.080291748 0.989251673 65.620079041 0.027517051 0.996613324 -0.077489942 -4.257245541 -0.992123187 0.017751528 -0.124001838 79.794555664
-0.122548752 0.084830858 0.988830447 66.700813293 0.028306251 0.996233761 -0.081957914 -4.344645500 -0.992058694 0.017946241 -0.124488436 79.670539856
-0.121217921 0.082459547 0.989194989 67.817184448 0.025735697 0.996469557 -0.079912275 -4.430101871 -0.992292225 0.015770825 -0.122912131 79.516311646
-0.121106401 0.077002153 0.989648402 68.924957275 0.025287256 0.996902525 -0.074472085 -4.539984226 -0.992317379 0.016006447 -0.122678436 79.394767761
-0.121615916 0.075421505 0.989707589 70.039573669 0.023021922 0.997054994 -0.073152468 -4.622862816 -0.992310226 0.013888463 -0.122994103 79.266334534
-0.122224115 0.076143555 0.989577293 71.138275146 0.021093378 0.997026861 -0.074111462 -4.704696655 -0.992278278 0.011815323 -0.123466849 79.149772644
-0.121087492 0.080726042 0.989353895 72.220825195 0.020888254 0.996674180 -0.078766800 -4.800632477 -0.992421985 0.011128196 -0.122370996 79.011688232
-0.120556444 0.083909839 0.989153802 73.343971252 0.019771133 0.996426523 -0.082117103 -4.883756638 -0.992509604 0.009656943 -0.121784627 78.873176575
-0.120215937 0.082074024 0.989349186 74.455284119 0.020412780 0.996570349 -0.080192715 -4.988254547 -0.992537796 0.010554928 -0.121478997 78.732643127
-0.120455287 0.075400122 0.989851117 75.572364807 0.022046300 0.997068644 -0.073267072 -5.077594757 -0.992473900 0.012997146 -0.121764481 78.605186462
-0.120246783 0.073930480 0.989987314 76.728050232 0.021596624 0.997181952 -0.071844578 -5.169518471 -0.992509007 0.012741305 -0.121504590 78.450828552
-0.119498633 0.076658130 0.989870489 77.875534058 0.019376704 0.997004926 -0.074871458 -5.258970261 -0.992645264 0.010233392 -0.120626122 78.323043823
-0.119437754 0.080272876 0.989591300 79.008430481 0.018791931 0.996730387 -0.078583911 -5.339497566 -0.992663801 0.009210450 -0.120555706 78.186805725
-0.119610086 0.079298511 0.989649057 80.174697876 0.017506223 0.996818662 -0.077757165 -5.443614006 -0.992666602 0.008024477 -0.120617762 78.049087524
-0.119498730 0.075866848 0.989931405 81.354461670 0.017511226 0.997082174 -0.074301012 -5.541455269 -0.992679954 0.008456036 -0.120478570 77.905303955
-0.117901817 0.075362809 0.990161419 82.501739502 0.016250506 0.997128904 -0.073958121 -5.618885994 -0.992892265 0.007370827 -0.118787982 77.763565063
-0.117948733 0.075857483 0.990118146 83.635841370 0.017872609 0.997078598 -0.074261680 -5.709609985 -0.992858768 0.008936922 -0.118959941 77.644378662
-0.117059350 0.075911291 0.990219414 84.783157349 0.020674495 0.997044623 -0.073990464 -5.802058220 -0.992909729 0.011811009 -0.118282802 77.504486084
-0.114606790 0.076071873 0.990494013 85.992355347 0.020409157 0.997033536 -0.074212655 -5.882673740 -0.993201375 0.011709873 -0.115819365 77.344299316
-0.113606520 0.077103406 0.990529478 87.161308289 0.021594880 0.996940136 -0.075125657 -5.970181942 -0.993291080 0.012855601 -0.114923947 77.209907532
-0.112722494 0.074660733 0.990817487 88.335350037 0.021815361 0.997118652 -0.072653666 -6.074237823 -0.993386984 0.013425342 -0.114026442 77.084098816
-0.110722698 0.073617108 0.991121113 89.536407471 0.020839753 0.997205555 -0.071740933 -6.168459415 -0.993632793 0.012711369 -0.111947484 76.926986694
-0.110347964 0.073404901 0.991178632 90.712722778 0.021813352 0.997207642 -0.071422912 -6.251252174 -0.993653595 0.013739553 -0.111641027 76.808654785
-0.109312713 0.073846973 0.991260588 91.877136230 0.019970333 0.997198343 -0.072087087 -6.344884396 -0.993806660 0.011915766 -0.110481218 76.698661804
-0.105606787 0.076354533 0.991472244 93.103019714 0.020028256 0.997008801 -0.074647598 -6.446160316 -0.994206250 0.011974167 -0.106820151 76.521705627
-0.104052804 0.075701028 0.991686642 94.299255371 0.017740842 0.997081697 -0.074251406 -6.529029846 -0.994413495 0.009867292 -0.105092168 76.389678955
-0.104531512 0.073436506 0.991806567 95.479209900 0.014451351 0.997276902 -0.072318450 -6.639495373 -0.994416595 0.006773388 -0.105308130 76.282562256
-0.106342897 0.074565902 0.991529644 96.659545898 0.011222330 0.997210681 -0.073789507 -6.728575230 -0.994266212 0.003280283 -0.106883071 76.193458557
-0.104238257 0.073891036 0.991803646 97.895996094 0.009692633 0.997264326 -0.073279172 -6.822724342 -0.994505048 0.001974695 -0.104669325 76.028572083
-0.106365882 0.071417570 0.991759002 99.100776672 0.006792089 0.997446120 -0.071098663 -6.913101196 -0.994303882 -0.000826356 -0.106579319 75.925941467
-0.108329065 0.069944151 0.991651475 100.314369202 0.004672770 0.997546613 -0.069849491 -7.010601044 -0.994104087 -0.002932970 -0.108390115 75.811187744
-0.107708611 0.069887288 0.991723001 101.530906677 0.003829050 0.997547925 -0.069881901 -7.090582848 -0.994175136 -0.003729527 -0.107712097 75.649658203
-0.110596262 0.070050597 0.991393685 102.735122681 0.003521588 0.997534335 -0.070091642 -7.184012413 -0.993859112 -0.004260593 -0.110570252 75.541007996
-0.111284591 0.068238355 0.991442978 103.958663940 0.003218756 0.997659266 -0.068304919 -7.281188965 -0.993783355 -0.004410071 -0.111243755 75.382759094
-0.114812061 0.063588135 0.991349936 105.187187195 0.001169959 0.997957170 -0.063876450 -7.366568089 -0.993386567 -0.006173949 -0.114651911 75.250198364
-0.119657218 0.063675262 0.990771234 106.378242493 -0.000132959 0.997940123 -0.064152084 -7.457954884 -0.992815256 -0.007807991 -0.119402274 75.126472473
-0.125565603 0.069646604 0.989637673 107.573135376 -0.004580455 0.997481406 -0.070779793 -7.541822433 -0.992074728 -0.013420499 -0.124930337 74.992568970
-0.131862670 0.072472617 0.988615155 108.783340454 -0.004106204 0.997275293 -0.073655173 -7.644827843 -0.991259515 -0.013771821 -0.131205797 74.823883057
-0.140919209 0.068625361 0.987639725 109.970680237 -0.001929928 0.997573733 -0.069590986 -7.737604141 -0.990019262 -0.011712777 -0.140444860 74.654083252
-0.152192101 0.065664671 0.986167133 111.158012390 -0.000429101 0.997786164 -0.066504523 -7.843647480 -0.988350809 -0.010544633 -0.151826963 74.488357544
-0.165386558 0.066855237 0.983960211 112.334175110 0.000087771 0.997700632 -0.067774072 -7.931877613 -0.986228764 -0.011122557 -0.165012151 74.300506592
-0.179147974 0.067544430 0.981500864 113.504943848 0.001857584 0.997661889 -0.068317547 -8.012325287 -0.983820319 -0.010415730 -0.178854600 74.086471558
-0.193654969 0.065220058 0.978899419 114.660491943 0.002579049 0.997818172 -0.065970324 -8.105007172 -0.981066346 -0.010250853 -0.193400681 73.873146057
-0.208810195 0.067573421 0.975618839 115.815010071 0.006598905 0.997684538 -0.067689382 -8.199045181 -0.977933943 -0.007696219 -0.208772674 73.628234863
-0.224482432 0.070739575 0.971907139 116.976486206 0.007196092 0.997454822 -0.070936948 -8.290646553 -0.974451602 -0.008930165 -0.224420160 73.371520996
-0.238609642 0.074855395 0.968226254 118.104820251 0.007233235 0.997134089 -0.075307757 -8.384223938 -0.971088588 -0.010965749 -0.238467231 73.079788208
-0.255357683 0.072559074 0.964120150 119.222473145 0.003749987 0.997246802 -0.074058942 -8.478462219 -0.966839433 -0.015296081 -0.254926682 72.810928345
-0.271043986 0.067013115 0.960231423 120.391090393 -0.002082684 0.997530520 -0.070204042 -8.572833061 -0.962564766 -0.021028241 -0.270235062 72.489273071
-0.286104083 0.063496254 0.956092417 121.548858643 -0.005236109 0.997683465 -0.067825280 -8.653311729 -0.958184242 -0.024411289 -0.285108835 72.157485962
-0.301849872 0.064852126 0.951147139 122.675445557 -0.007185182 0.997500539 -0.070292890 -8.742336273 -0.953328490 -0.028052064 -0.300629497 71.828849792
-0.315706730 0.067270674 0.946469128 123.796295166 -0.007159269 0.997286439 -0.073270589 -8.824776649 -0.948829830 -0.029908046 -0.314368457 71.463867188
-0.329333574 0.069147937 0.941678286 124.917259216 -0.005586578 0.997154653 -0.075175382 -8.927167892 -0.944197118 -0.030018544 -0.328010201 71.067962646
-0.343749523 0.069173656 0.936510205 126.005279541 -0.003524078 0.997181177 -0.074948542 -9.020812988 -0.939054847 -0.029063860 -0.342536718 70.683044434
-0.357713044 0.067335986 0.931400836 127.102378845 -0.003680132 0.997287452 -0.073512688 -9.116879463 -0.933824301 -0.029724123 -0.356494933 70.266807556
-0.371274978 0.065519713 0.926208436 128.184356689 -0.003605686 0.997398019 -0.072001003 -9.225969315 -0.928515971 -0.030071786 -0.370072693 69.820579529
-0.386686474 0.066603504 0.919802964 129.243301392 -0.005005590 0.997222304 -0.074313849 -9.321455002 -0.922197640 -0.033340313 -0.385279000 69.397094727
-0.401080281 0.069145493 0.913429558 130.294387817 -0.003955668 0.997007072 -0.077209130 -9.412986755 -0.916034341 -0.034580283 -0.399606347 68.938461304
-0.416177094 0.071005948 0.906506956 131.353210449 -0.002374177 0.996858060 -0.079173081 -9.506487846 -0.909280419 -0.035102222 -0.414700985 68.463912964
-0.430400312 0.073987685 0.899600625 132.411590576 0.000390252 0.996650100 -0.081782803 -9.601737976 -0.902638018 -0.034848284 -0.428987354 67.969848633
-0.444648504 0.077435568 0.892351627 133.438919067 0.000689959 0.996285319 -0.086110823 -9.704035759 -0.895704865 -0.037673362 -0.443050176 67.445007324
-0.459745735 0.079295218 0.884503305 134.507827759 0.001479059 0.996072650 -0.088528521 -9.819136620 -0.888049304 -0.039392393 -0.458057344 66.904647827
-0.475125492 0.076771095 0.876562595 135.553192139 -0.000027000 0.996185362 -0.087262541 -9.920230865 -0.879918039 -0.041484319 -0.473310947 66.346183777
-0.490738153 0.071978174 0.868328929 136.607879639 -0.003097439 0.996431589 -0.084347472 -10.036733627 -0.871301591 -0.044082120 -0.488764048 65.759826660
-0.506599545 0.072371714 0.859138668 137.644897461 -0.002519757 0.996342242 -0.085415207 -10.143227577 -0.862177789 -0.045436129 -0.504564166 65.170066833
-0.522658467 0.071591929 0.849530995 138.665527344 -0.003684624 0.996268868 -0.086224787 -10.245220184 -0.852534235 -0.048196305 -0.520444632 64.548667908
-0.538836777 0.070528746 0.839452565 139.721710205 -0.004207446 0.996251345 -0.086403318 -10.352092743 -0.842399716 -0.050089229 -0.536520123 63.905063629
-0.554966271 0.070299618 0.828897119 140.727661133 -0.005292466 0.996104240 -0.088024072 -10.455665588 -0.831856072 -0.053237297 -0.552432299 63.263019562
-0.569605291 0.070133626 0.818920732 141.730773926 -0.004837154 0.996049523 -0.088667698 -10.568372726 -0.821904123 -0.054466840 -0.567015648 62.555698395
-0.585347593 0.067404933 0.807975709 142.709655762 -0.005270759 0.996200860 -0.086925991 -10.674385071 -0.810765266 -0.055140555 -0.582768500 61.879199982
-0.600109160 0.063160338 0.797420681 143.689712524 -0.005863662 0.996503770 -0.083341643 -10.792947769 -0.799896657 -0.054689888 -0.597640693 61.152820587
-0.615606487 0.061759196 0.785629988 144.642608643 -0.004500329 0.996632636 -0.081872731 -10.897249222 -0.788040936 -0.053936977 -0.613255560 60.434555054
-0.629856288 0.059857532 0.774401784 145.573822021 -0.005662451 0.996645689 -0.081641458 -11.002838135 -0.776690900 -0.055807408 -0.627404630 59.678260803
-0.644693732 0.060827829 0.762017071 146.492507935 -0.006613468 0.996348023 -0.085128464 -11.108557701 -0.764412344 -0.059921362 -0.641937017 58.922080994
-0.660097599 0.060641009 0.748728156 147.424041748 -0.008573690 0.996063054 -0.088231966 -11.211864471 -0.751130939 -0.064661048 -0.656978905 58.116138458
-0.676218212 0.056874491 0.734502614 148.357269287 -0.010484990 0.996171594 -0.086789191 -11.327432632 -0.736626744 -0.066389695 -0.673032999 57.293857574
-0.691876471 0.050063394 0.720278144 149.253463745 -0.013467429 0.996524811 -0.082200475 -11.436246872 -0.721890271 -0.066572867 -0.688797832 56.441291809
-0.708661079 0.047877662 0.703922808 150.146911621 -0.014261730 0.996519029 -0.082136467 -11.536586761 -0.705404937 -0.068246081 -0.705511332 55.568332672
-0.725678325 0.045202333 0.686547697 150.997985840 -0.015710091 0.996490836 -0.082214534 -11.648502350 -0.687854767 -0.070447020 -0.722421646 54.683803558
-0.743487954 0.041003346 0.667491078 151.834747314 -0.019119065 0.996407270 -0.082504220 -11.753086090 -0.668475807 -0.074102707 -0.740032911 53.810115814
-0.759978354 0.038733490 0.648793161 152.664962769 -0.019420011 0.996423721 -0.082235381 -11.855686188 -0.649658144 -0.075096682 -0.756508291 52.849845886
-0.776491761 0.040323373 0.628835917 153.460113525 -0.017279165 0.996212542 -0.085217461 -11.973798752 -0.629890323 -0.077036418 -0.772854030 51.916618347
-0.790764928 0.039769791 0.610826552 154.216369629 -0.014021814 0.996448457 -0.083029300 -12.082473755 -0.611959279 -0.074221566 -0.787398815 50.926139832
-0.805541396 0.041437816 0.591088653 154.959762573 -0.009511880 0.996518850 -0.082823060 -12.192818642 -0.592462957 -0.072339781 -0.802343130 49.925296783
-0.819579720 0.041730385 0.571443439 155.670623779 -0.008969903 0.996287346 -0.085620061 -12.301790237 -0.572894931 -0.075298257 -0.816162705 48.916797638
-0.833823740 0.042782743 0.550370395 156.374191284 -0.007699563 0.995993912 -0.089088067 -12.424031258 -0.551977038 -0.078521363 -0.830154002 47.913284302
-0.846114695 0.044194642 0.531165302 157.029327393 -0.004594277 0.995914757 -0.090181686 -12.528061867 -0.532980919 -0.078744382 -0.842455089 46.833992004
-0.857973874 0.042197749 0.511957109 157.683563232 -0.003336104 0.996141553 -0.087697260 -12.645920753 -0.513682365 -0.076949887 -0.854522765 45.773975372
-0.868284404 0.044073027 0.494105160 158.302749634 0.000008167 0.996046722 -0.088830687 -12.776144981 -0.496066898 -0.077126250 -0.864852190 44.698154449
-0.878373563 0.046790961 0.475678980 158.949249268 0.002324647 0.995603204 -0.093641564 -12.872437477 -0.477969170 -0.081146501 -0.874620259 43.623081207
-0.887815237 0.044328295 0.458060265 159.531967163 0.000651106 0.995470107 -0.095073596 -12.991938591 -0.460199714 -0.084109537 -0.883822322 42.553390503
-0.895377994 0.041653205 0.443354279 160.096099854 -0.000303864 0.995558441 -0.094146505 -13.128767014 -0.445306540 -0.084431447 -0.891388476 41.401275635
-0.902727067 0.039861921 0.428362846 160.637939453 -0.001059754 0.995489120 -0.094869986 -13.245532990 -0.430212200 -0.086095668 -0.898612857 40.289070129
-0.909241557 0.037872970 0.414542496 161.181457520 -0.001244469 0.995600760 -0.093688540 -13.380010605 -0.416267097 -0.085701399 -0.905194461 39.132976532
-0.915810227 0.034811616 0.400099754 161.696975708 -0.002859550 0.995645761 -0.093173869 -13.497912407 -0.401601136 -0.086473688 -0.911723018 38.024574280
-0.921683311 0.029851891 0.386792928 162.222930908 -0.005252727 0.995983362 -0.089384608 -13.625261307 -0.387907624 -0.084416024 -0.917824328 36.856132507
-0.926412880 0.027081208 0.375534028 162.698928833 -0.005696030 0.996287644 -0.085897803 -13.749707222 -0.376466066 -0.081715882 -0.922819495 35.695339203
-0.931355000 0.026776802 0.363126487 163.185501099 -0.003648274 0.996555984 -0.082842812 -13.858306885 -0.364094138 -0.078480840 -0.928049624 34.549285889
-0.934144258 0.031268016 0.355523229 163.630004883 0.000912192 0.996360660 -0.085232414 -13.965815544 -0.356894404 -0.079295047 -0.930773199 33.356887817
-0.935868025 0.037905470 0.350305885 164.053146362 0.008006042 0.996227503 -0.086409830 -14.088972092 -0.352259845 -0.078063607 -0.932640851 32.166969299
-0.937465549 0.041013941 0.345653564 164.479171753 0.010892156 0.996003985 -0.088640876 -14.206086159 -0.347907901 -0.079332836 -0.934166193 30.979036331
-0.939187348 0.037621722 0.341338068 164.921569824 0.008258740 0.996167719 -0.087072201 -14.340761185 -0.343305707 -0.078958087 -0.935898960 29.754972458
-0.941245914 0.030404849 0.336350888 165.356292725 0.002368292 0.996508837 -0.083453193 -14.448221207 -0.337714046 -0.077753395 -0.938031912 28.613119125
-0.943732262 0.023890834 0.329846531 165.806991577 -0.003349672 0.996645510 -0.081771009 -14.556568146 -0.330693662 -0.078274824 -0.940486491 27.466627121
-0.945029736 0.018460004 0.326462984 166.208786011 -0.009266878 0.996492147 -0.083172426 -14.668177605 -0.326853156 -0.081625700 -0.941543519 26.279245377
-0.946261823 0.015029571 0.323052198 166.627136230 -0.013507897 0.996210992 -0.085913762 -14.779783249 -0.323119402 -0.085660681 -0.942473412 25.103252411
-0.947546363 0.015133297 0.319259942 167.050903320 -0.013867714 0.995991230 -0.088369787 -14.894416809 -0.319317430 -0.088161871 -0.943537951 23.957508087
-0.947298646 0.015710380 0.319966227 167.441528320 -0.013825535 0.995861232 -0.089829072 -15.020837784 -0.320053190 -0.089518666 -0.943160832 22.750635147
-0.947587848 0.018505450 0.318959177 167.848785400 -0.011512705 0.995695055 -0.091971293 -15.135616302 -0.319288075 -0.090822950 -0.943295479 21.603694916
-0.946972609 0.018847380 0.320760936 168.247482300 -0.011755205 0.995577753 -0.093202986 -15.266811371 -0.321099162 -0.092031293 -0.942563236 20.422069550
-0.946471214 0.020394059 0.322143167 168.652008057 -0.010907623 0.995411336 -0.095064059 -15.390121460 -0.322603673 -0.093489222 -0.941905797 19.243053436
-0.945316970 0.021586336 0.325438023 169.044784546 -0.009714310 0.995501161 -0.094249360 -15.526535034 -0.326008439 -0.092256941 -0.940854430 18.026638031
-0.944818020 0.020655241 0.326943845 169.485427856 -0.011085126 0.995423138 -0.094921917 -15.646290779 -0.327408016 -0.093308143 -0.940264761 16.871185303
-0.943925560 0.019420763 0.329586625 169.913208008 -0.012713724 0.995389938 -0.095064662 -15.767514229 -0.329913408 -0.093924247 -0.939327121 15.721626282
-0.941846669 0.017976375 0.335561812 170.330688477 -0.013945091 0.995617151 -0.092476904 -15.900800705 -0.335753560 -0.091778517 -0.937467992 14.529872894
-0.940063238 0.016213441 0.340614617 170.765289307 -0.015185677 0.995887518 -0.089315742 -16.022804260 -0.340662092 -0.089134894 -0.935951054 13.381687164
-0.937520325 0.012989271 0.347688049 171.211776733 -0.018252434 0.996090710 -0.086429544 -16.146003723 -0.347451568 -0.087375589 -0.933618188 12.209033966
-0.934418976 0.014806323 0.355867594 171.631652832 -0.016853813 0.996178329 -0.085701115 -16.270658493 -0.355776578 -0.086078487 -0.930598438 11.055801392
-0.931690872 0.015899206 0.362904102 172.089004517 -0.016608240 0.996132433 -0.086280264 -16.374711990 -0.362872362 -0.086413726 -0.927823484 9.945564270
-0.928095102 0.018671220 0.371874869 172.542419434 -0.015280559 0.995990694 -0.088143021 -16.501483917 -0.372029632 -0.087487556 -0.924088717 8.828205109
-0.923070192 0.020760568 0.384070814 172.988739014 -0.013908301 0.996087611 -0.087269552 -16.611499786 -0.384379894 -0.085897677 -0.919170082 7.671134949
-0.918664098 0.022506736 0.394397944 173.482437134 -0.013635487 0.995974123 -0.088597238 -16.727552414 -0.394804180 -0.086768895 -0.914658785 6.581645966
-0.912931085 0.025152521 0.407337785 173.987075806 -0.012760840 0.995851517 -0.090092197 -16.839059830 -0.407914042 -0.087445937 -0.908823013 5.452651978
-0.906280339 0.027242702 0.421798259 174.501876831 -0.011569170 0.995948076 -0.089182980 -16.970539093 -0.422518760 -0.085704640 -0.902292967 4.312469482
-0.900536418 0.026234409 0.433988273 175.045471191 -0.012818570 0.996141970 -0.086815208 -17.084981918 -0.434591472 -0.083743364 -0.896725833 3.232765198
-0.894692123 0.028701680 0.445760190 175.598236084 -0.011226260 0.996173441 -0.086674176 -17.204580307 -0.446542174 -0.082550928 -0.890946329 2.178131104
-0.887553930 0.031286631 0.459640205 176.175643921 -0.009166315 0.996294677 -0.085515380 -17.330883026 -0.460612506 -0.080112733 -0.883978546 1.040382385
-0.879183710 0.033177547 0.475326508 176.733444214 -0.007595437 0.996470273 -0.083601937 -17.431367874 -0.476422429 -0.077111781 -0.875828445 -0.046852112
-0.871735334 0.034898870 0.488732755 177.327209473 -0.005446378 0.996708453 -0.080886342 -17.544517517 -0.489946902 -0.073173285 -0.868675888 -1.099739075
-0.863803983 0.038493600 0.502355337 177.942886353 -0.001504888 0.996875525 -0.078974493 -17.651817322 -0.503825665 -0.068974465 -0.861047208 -2.147720337
-0.854284346 0.041269589 0.518165112 178.553039551 0.000700437 0.996933699 -0.078246653 -17.750068665 -0.519805551 -0.066481940 -0.851693809 -3.176048279
-0.845339179 0.043534145 0.532453299 179.202423096 0.002441324 0.996978521 -0.077638477 -17.847318649 -0.534224570 -0.064330943 -0.842891276 -4.151840210
-0.834435582 0.046886895 0.549107313 179.855178833 0.005508889 0.997034192 -0.076762810 -17.950416565 -0.551077962 -0.061028652 -0.832219064 -5.139549255
-0.821771741 0.048572924 0.567742646 180.513153076 0.006924937 0.997137904 -0.075286195 -18.060136795 -0.569774747 -0.057936508 -0.819756210 -6.156173706
-0.810310304 0.050674755 0.583805919 181.189331055 0.008162382 0.997133315 -0.075222649 -18.156730652 -0.585944235 -0.056188438 -0.808400989 -7.093376160
-0.797727525 0.052160826 0.600757897 181.908294678 0.009089557 0.997178733 -0.074510351 -18.266645432 -0.602949560 -0.053978339 -0.795951068 -8.039787292
-0.783574700 0.052728828 0.619055927 182.643890381 0.008715732 0.997227073 -0.073907971 -18.342632294 -0.621236444 -0.052516907 -0.781861365 -8.994377136
-0.768416882 0.054951482 0.637585878 183.381866455 0.011173178 0.997306645 -0.072488777 -18.436096191 -0.639852047 -0.048577733 -0.766961336 -9.897224426
