1 2.2096e-19 3.72443e-20 0 -1.27615e-19 1 -2.34949e-19 0 4.86728e-20 1.17471e-18 1 0
0.999999 0.000371312 0.000944373 0.0042132 -0.000367656 0.999992 -0.00386922 -0.00489148 -0.000945802 0.00386887 0.999992 0.761826
0.999999 -0.000899866 0.00124605 0.00969357 0.000905817 0.999988 -0.00478304 -0.0045779 -0.00124173 0.00478417 0.999988 1.67349
0.999999 -0.00120334 0.000960122 0.00718871 0.0012046 0.999998 -0.00132084 -0.016784 -0.000958531 0.00132199 0.999999 2.80592
0.999994 -0.00352257 0.000544722 0.00726644 0.00352051 0.999987 0.00372971 -0.0141281 -0.000557853 -0.00372776 0.999993 3.75868
0.999976 -0.00680852 -0.000978058 0.013202 0.00681262 0.999968 0.00424979 -0.0147161 0.000949092 -0.00425635 0.99999 4.68872
0.999959 -0.00891108 -0.00186794 0.0116293 0.00891411 0.999959 0.00161961 -0.0209653 0.00185344 -0.0016362 0.999997 5.61423
0.999959 -0.00884313 -0.00210593 0.00523074 0.00884037 0.99996 -0.00132061 -0.0245453 0.00211752 0.00130194 0.999997 6.5294
0.999957 -0.00866803 -0.00321105 0.00283854 0.00866192 0.999961 -0.00191397 -0.0291429 0.00322751 0.00188608 0.999993 7.44045
0.999953 -0.00870601 -0.00419538 -0.00668368 0.00870467 0.999962 -0.00033927 -0.0298589 0.00419818 0.000302735 0.999991 8.36299
0.999944 -0.00925927 -0.00503116 -0.0117408 0.00926985 0.999955 0.00208404 -0.0282324 0.00501164 -0.00213056 0.999985 9.27758
0.999938 -0.00957754 -0.00563505 -0.0209605 0.00959972 0.999946 0.00392295 -0.0314972 0.00559718 -0.00397681 0.999976 10.1866
0.999923 -0.0106172 -0.00643858 -0.0211966 0.010646 0.999933 0.00445966 -0.0257205 0.0063908 -0.00452787 0.999969 11.0927
0.999919 -0.0103919 -0.00740545 -0.0270038 0.0104263 0.999935 0.00462253 -0.0251985 0.00735693 -0.00469936 0.999962 11.9838
0.999903 -0.0106659 -0.00899968 -0.0307144 0.0106938 0.999938 0.00306121 -0.0192163 0.00896647 -0.00315715 0.999955 12.8893
0.999885 -0.011338 -0.0100332 -0.0422311 0.0113511 0.999935 0.00125196 -0.0203649 0.0100184 -0.00136571 0.999949 13.7747
0.999856 -0.0114811 -0.0124868 -0.0529747 0.0114828 0.999934 7.03157e-05 -0.0227584 0.0124851 -0.000213689 0.999922 14.6705
0.999835 -0.0111712 -0.0142981 -0.0667728 0.0111619 0.999937 -0.00072496 -0.0232198 0.0143053 0.000565246 0.999898 15.5629
0.999831 -0.0100854 -0.0153669 -0.0827943 0.0100655 0.999948 -0.00137146 -0.0255922 0.01538 0.00121656 0.999881 16.4344
0.99982 -0.00865741 -0.0168989 -0.104248 0.00863651 0.999962 -0.00130902 -0.0290306 0.0169096 0.00116284 0.999856 17.3133
0.99978 -0.00920916 -0.0188382 -0.12332 0.00920355 0.999958 -0.000384548 -0.033616 0.018841 0.000211085 0.999822 18.2005
0.999766 -0.00897633 -0.01969 -0.150243 0.00899099 0.999959 0.000656503 -0.030961 0.0196833 -0.000833382 0.999806 19.0721
0.999733 -0.00856073 -0.0214659 -0.173356 0.00859442 0.999962 0.00147806 -0.0315511 0.0214524 -0.00166215 0.999768 19.953
0.999693 -0.00966179 -0.0228372 -0.195221 0.00969546 0.999952 0.00136401 -0.0345962 0.0228229 -0.001585 0.999738 20.8169
0.999637 -0.00985002 -0.0250594 -0.210023 0.00988284 0.99995 0.00118605 -0.0391589 0.0250465 -0.00143327 0.999685 21.6762
0.999613 -0.00937706 -0.026201 -0.235937 0.00941954 0.999955 0.00149829 -0.0426194 0.0261858 -0.00174451 0.999656 22.5264
0.999588 -0.00936322 -0.0271143 -0.262198 0.00945102 0.99995 0.00311166 -0.0347958 0.0270838 -0.00336664 0.999627 23.3762
0.99956 -0.0103479 -0.0278158 -0.286713 0.0105192 0.999927 0.00601893 -0.0351575 0.0277514 -0.00630888 0.999595 24.2164
0.999543 -0.0111832 -0.0280924 -0.315076 0.0113934 0.999908 0.00733217 -0.0304249 0.0280079 -0.00764889 0.999578 25.0397
0.999508 -0.0105395 -0.0295478 -0.341204 0.0107356 0.999921 0.00648572 -0.0333728 0.0294771 -0.00679974 0.999542 25.8578
0.999475 -0.00966893 -0.0309117 -0.372116 0.00980529 0.999943 0.00426244 -0.0337535 0.0308687 -0.0045633 0.999513 26.6562
0.99946 -0.00858293 -0.0317231 -0.401706 0.0086663 0.999959 0.00249144 -0.0301965 0.0317004 -0.00276502 0.999494 27.4447
0.999429 -0.00742567 -0.0329722 -0.429677 0.00748731 0.99997 0.0017463 -0.0245699 0.0329583 -0.00199217 0.999455 28.238
0.9994 -0.00777524 -0.0337575 -0.459815 0.00782818 0.999968 0.00143647 -0.0295 0.0337453 -0.00169987 0.999429 29.0143
0.999334 -0.0070003 -0.0358109 -0.48943 0.00703745 0.999975 0.00091146 -0.0346496 0.0358036 -0.00116287 0.999358 29.7704
0.999287 -0.00686227 -0.0371391 -0.529312 0.00689486 0.999976 0.000749704 -0.0373472 0.0371331 -0.00100524 0.99931 30.5273
0.999234 -0.00713746 -0.0384824 -0.565435 0.00721506 0.999972 0.00187816 -0.0331494 0.0384679 -0.00215437 0.999258 31.2677
0.999123 -0.00749733 -0.04119 -0.595231 0.00767196 0.999962 0.00408324 -0.0297129 0.0411578 -0.00439567 0.999143 32.0227
0.999044 -0.00681229 -0.0431884 -0.628854 0.00705937 0.99996 0.00557103 -0.0270115 0.0431487 -0.00587058 0.999051 32.7518
0.998995 -0.0057561 -0.044443 -0.677055 0.00601887 0.999965 0.00578084 -0.0264523 0.0444082 -0.00604253 0.998995 33.4727
0.998887 -0.00309934 -0.0470561 -0.706179 0.00334995 0.999981 0.00524781 -0.0272365 0.0470389 -0.00539961 0.998878 34.1721
0.998849 -0.00162559 -0.0479423 -0.750764 0.00183801 0.999989 0.00438698 -0.0237935 0.0479347 -0.00447005 0.99884 34.8551
0.998764 -0.000881535 -0.0496984 -0.785856 0.00116607 0.999983 0.00569644 -0.0228929 0.0496926 -0.00574735 0.998748 35.5406
0.998752 0.000593083 -0.0499321 -0.830584 -0.000226261 0.999973 0.00735174 -0.0193289 0.0499352 -0.00733127 0.998726 36.2251
0.998697 0.00297498 -0.0509428 -0.866043 -0.00257026 0.999965 0.0080083 -0.0139161 0.0509648 -0.00786694 0.998669 36.9067
0.998759 0.00628481 -0.049405 -0.910151 -0.00598783 0.999963 0.00615686 -0.0157595 0.0494418 -0.00585339 0.99876 37.5616
0.998813 0.00819997 -0.0480113 -0.945089 -0.00804672 0.999962 0.00338453 -0.0167353 0.0480373 -0.00299418 0.998841 38.2222
0.998929 0.00870267 -0.0454336 -0.982158 -0.00864693 0.999962 0.00142312 -0.0144538 0.0454442 -0.00102874 0.998966 38.8589
0.999019 0.0097842 -0.0431886 -1.00883 -0.00969381 0.99995 0.00230192 -0.0159498 0.043209 -0.001881 0.999064 39.491
0.999122 0.0143152 -0.0393691 -1.04237 -0.0141321 0.999888 0.00492605 -0.0168449 0.0394352 -0.00436536 0.999213 40.1242
0.999178 0.0185096 -0.0360745 -1.07425 -0.0182243 0.9998 0.00822366 -0.00981769 0.0362195 -0.00755947 0.999315 40.7353
0.999214 0.0233809 -0.0320124 -1.10117 -0.0230907 0.999689 0.00940609 -0.0130006 0.0322224 -0.00865951 0.999443 41.3348
0.999292 0.0272604 -0.0259314 -1.12693 -0.0270144 0.999587 0.00979338 -0.0105302 0.0261877 -0.00908593 0.999616 41.93
0.999313 0.0307495 -0.0206957 -1.1456 -0.0305141 0.999467 0.0115938 -0.00371646 0.0210411 -0.0109543 0.999719 42.4932
0.999279 0.0354425 -0.0135836 -1.16153 -0.0352733 0.9993 0.0124975 0.00207017 0.014017 -0.0120094 0.99983 43.0315
0.999222 0.0389077 -0.00639866 -1.17447 -0.0388247 0.999166 0.0126234 0.00259295 0.00688447 -0.0123652 0.9999 43.562
0.99911 0.0421554 0.00110328 -1.18024 -0.0421659 0.999033 0.0124899 0.00449687 -0.000575701 -0.0125253 0.999921 44.0692
0.998878 0.0466519 0.00819225 -1.18057 -0.0467497 0.998832 0.0121849 0.00651024 -0.00761423 -0.0125542 0.999892 44.5583
0.99856 0.0511881 0.0160479 -1.18284 -0.0513449 0.998636 0.00951227 0.0104078 -0.0155391 -0.0103226 0.999826 45.0202
0.998313 0.0528964 0.0239214 -1.17481 -0.0530654 0.99857 0.00648546 0.00927513 -0.0235442 -0.00774392 0.999693 45.4596
0.998035 0.0540252 0.0317472 -1.15439 -0.0542456 0.998509 0.00612084 0.0106591 -0.0313692 -0.00783096 0.999477 45.8742
0.997783 0.0529768 0.0402847 -1.13985 -0.0533112 0.998551 0.00726991 0.011799 -0.0398413 -0.00940141 0.999162 46.2754
0.997351 0.0544185 0.0482633 -1.11846 -0.054863 0.998462 0.00793382 0.0114506 -0.0477574 -0.0105607 0.998803 46.6458
0.996709 0.0574803 0.0571546 -1.09995 -0.0580324 0.998282 0.00804539 0.011733 -0.056594 -0.0113357 0.998333 47.0056
0.995904 0.0620962 0.0657277 -1.08445 -0.0627089 0.998005 0.00729895 0.0148577 -0.0651433 -0.0113908 0.997811 47.3125
0.995065 0.0662001 0.0739073 -1.05528 -0.0669296 0.99773 0.00743496 0.0140373 -0.0732474 -0.0123449 0.997237 47.6172
0.994387 0.0655539 0.0830503 -1.01924 -0.0664248 0.997761 0.00776476 0.014339 -0.0823553 -0.0132378 0.996515 47.8987
0.993523 0.0643472 0.0936588 -0.981567 -0.065196 0.997854 0.00602845 0.0106639 -0.0930699 -0.0120956 0.995586 48.1639
0.992363 0.063323 0.105854 -0.950901 -0.0638735 0.997956 0.00181472 0.00656735 -0.105523 -0.00856213 0.99438 48.4211
0.990856 0.0639251 0.118815 -0.911327 -0.0641092 0.99794 -0.00227613 0.00372205 -0.118716 -0.00536183 0.992914 48.6868
0.988871 0.0659343 0.133366 -0.857346 -0.0659171 0.997815 -0.00454948 0.000821095 -0.133374 -0.00429222 0.991056 48.941
0.986311 0.06771 0.150355 -0.812691 -0.067541 0.997697 -0.00623615 0.000604604 -0.150431 -0.00400433 0.988612 49.207
0.983582 0.0680832 0.167127 -0.758611 -0.0677859 0.997672 -0.00748971 -0.00323572 -0.167247 -0.00396208 0.985907 49.4476
0.980398 0.0671138 0.185243 -0.697907 -0.0666252 0.997739 -0.00886832 -0.00516099 -0.185419 -0.00364737 0.982653 49.69
0.976725 0.0659364 0.204111 -0.623323 -0.065393 0.997815 -0.00941318 -0.0107898 -0.204286 -0.00415338 0.978902 49.9488
0.972186 0.0663025 0.22463 -0.558413 -0.0655571 0.997791 -0.0107837 -0.0136964 -0.224848 -0.0042423 0.974385 50.1866
0.966917 0.0682487 0.24579 -0.483638 -0.0670861 0.997661 -0.0131103 -0.0153626 -0.24611 -0.00381253 0.969234 50.4129
0.960735 0.0698716 0.268525 -0.394328 -0.0682268 0.99755 -0.0154643 -0.0174273 -0.268947 -0.00346348 0.963149 50.6576
0.953602 0.0710263 0.292572 -0.306138 -0.0692345 0.997464 -0.0164883 -0.0276312 -0.293001 -0.00453282 0.956101 50.8881
0.945097 0.0735276 0.31841 -0.206803 -0.071545 0.997276 -0.0179337 -0.0288232 -0.318861 -0.00583158 0.947784 51.1392
0.935456 0.0757862 0.345221 -0.0988195 -0.0736956 0.997096 -0.0191967 -0.0370434 -0.345674 -0.00748358 0.938325 51.3835
0.924462 0.076658 0.373489 0.0251273 -0.0742049 0.997023 -0.020965 -0.0426341 -0.373984 -0.00833332 0.927398 51.6188
0.912014 0.0750407 0.403237 0.165001 -0.0718204 0.997149 -0.0231268 -0.0542386 -0.403823 -0.00786869 0.914803 51.8427
0.897145 0.0726138 0.435728 0.313667 -0.0680606 0.99734 -0.0260725 -0.0657967 -0.436462 -0.0062651 0.899701 52.0809
0.88023 0.071674 0.469104 0.472532 -0.0650676 0.997421 -0.0303017 -0.0774299 -0.470066 -0.00385104 0.882623 52.29
0.860816 0.0738289 0.503533 0.644987 -0.0646755 0.997269 -0.0356553 -0.0869169 -0.50479 -0.00187366 0.86324 52.5224
0.839113 0.0758412 0.538645 0.825835 -0.064032 0.99712 -0.040644 -0.0929838 -0.540176 -0.000385641 0.841552 52.745
0.814679 0.0786832 0.57455 1.02085 -0.0649053 0.996899 -0.0444908 -0.107524 -0.576269 -0.00104558 0.81726 52.9622
0.787704 0.0826532 0.610485 1.24581 -0.0674781 0.996572 -0.047859 -0.122753 -0.612348 -0.00349563 0.790581 53.1962
0.758026 0.0870798 0.646385 1.46384 -0.0708193 0.996177 -0.0511522 -0.132533 -0.648368 -0.00700185 0.761295 53.4198
0.725218 0.0887545 0.682775 1.72726 -0.0707639 0.996014 -0.05431 -0.149251 -0.684873 -0.00892926 0.728607 53.6507
0.688959 0.0867022 0.719596 2.02094 -0.06735 0.996182 -0.0555448 -0.173267 -0.721664 -0.0101967 0.692168 53.8775
0.649493 0.0854895 0.755546 2.32797 -0.0642128 0.996277 -0.0575285 -0.194895 -0.757651 -0.0111514 0.652564 54.094
0.607848 0.0853277 0.789455 2.67379 -0.0620008 0.996274 -0.0599435 -0.214801 -0.791629 -0.0125104 0.610874 54.315
0.561998 0.0854649 0.822711 3.02814 -0.0585696 0.996263 -0.0634846 -0.238971 -0.825062 -0.0125076 0.564904 54.5067
0.514077 0.084539 0.853568 3.41458 -0.0551794 0.996329 -0.0654456 -0.270654 -0.855968 -0.0134553 0.516854 54.6944
0.465739 0.0827702 0.881043 3.83296 -0.0529592 0.996439 -0.0656157 -0.298011 -0.883336 -0.0160995 0.468464 54.8672
0.415992 0.0809602 0.905757 4.23892 -0.0526456 0.996503 -0.0648925 -0.326394 -0.907843 -0.0206894 0.418799 55.0242
0.365433 0.081099 0.927298 4.69068 -0.0550224 0.996337 -0.0654536 -0.344428 -0.92921 -0.0271033 0.368557 55.1796
0.316713 0.0816428 0.945001 5.16456 -0.0531623 0.996251 -0.0682533 -0.363453 -0.94703 -0.0286218 0.319866 55.2992
0.270322 0.0783413 0.959577 5.6288 -0.0425016 0.996683 -0.0693976 -0.408498 -0.961831 -0.0220238 0.272755 55.3832
0.226343 0.0730503 0.971305 6.13413 -0.0288354 0.997249 -0.068282 -0.440078 -0.973621 -0.0125528 0.227826 55.458
0.184286 0.0714741 0.98027 6.65967 -0.0191832 0.997424 -0.0691185 -0.48182 -0.982685 -0.0060672 0.185182 55.5147
0.146403 0.07382 0.986467 7.1659 -0.015718 0.997259 -0.0722949 -0.504818 -0.9891 -0.00492108 0.147163 55.5567
0.114491 0.0741021 0.990657 7.69581 -0.00733075 0.99725 -0.073748 -0.546023 -0.993397 0.00118125 0.11472 55.5845
0.0853224 0.0728155 0.993689 8.24649 0.000639069 0.997322 -0.0731365 -0.591563 -0.996353 0.00687522 0.0850473 55.6071
0.0603568 0.0710478 0.995645 8.80511 0.00702194 0.997409 -0.0715993 -0.626777 -0.998152 0.0113129 0.0597015 55.6172
0.0405056 0.0703237 0.996701 9.38133 0.0126561 0.997404 -0.0708876 -0.657283 -0.999099 0.0154857 0.0395104 55.6217
0.0247362 0.0716226 0.997125 9.96448 0.0150964 0.99729 -0.072009 -0.695703 -0.99958 0.0168342 0.0235879 55.6228
0.0113113 0.0717539 0.997358 10.5364 0.016198 0.997278 -0.0719319 -0.733814 -0.999805 0.0169688 0.0101182 55.6215
-0.000293278 0.0727157 0.997353 11.1436 0.0169668 0.99721 -0.0727002 -0.765103 -0.999856 0.0169005 -0.00152621 55.6135
-0.0100652 0.0755102 0.997094 11.764 0.0219185 0.996922 -0.0752759 -0.808054 -0.999709 0.0210972 -0.0116893 55.6052
-0.0154568 0.0772625 0.996891 12.3839 0.0259434 0.996705 -0.0768459 -0.856292 -0.999544 0.024675 -0.0174103 55.5709
-0.0208164 0.0769047 0.996821 13.0035 0.0265732 0.996727 -0.0763426 -0.895237 -0.99943 0.0248996 -0.0227919 55.5637
-0.023421 0.0741991 0.996968 13.6632 0.0244881 0.996985 -0.073625 -0.936612 -0.999426 0.0226895 -0.0251673 55.5446
-0.0263028 0.0676886 0.99736 14.3332 0.0223924 0.997494 -0.0671072 -0.975673 -0.999403 0.0205682 -0.0277526 55.5311
-0.0283626 0.0618227 0.997684 14.9934 0.0234642 0.997852 -0.0611661 -1.0145 -0.999322 0.021675 -0.0297523 55.5182
-0.0275252 0.0591695 0.997868 15.6726 0.0260235 0.997951 -0.0584566 -1.05289 -0.999282 0.024359 -0.0290086 55.4872
-0.0283578 0.0610212 0.997734 16.3665 0.0297508 0.997744 -0.0601763 -1.09796 -0.999155 0.0279769 -0.0301093 55.4707
-0.0270087 0.0684611 0.997288 17.0606 0.0307441 0.997237 -0.067625 -1.13695 -0.999162 0.0288342 -0.0290389 55.447
-0.023497 0.0758779 0.99684 17.7662 0.030338 0.99671 -0.075153 -1.18944 -0.999264 0.0284763 -0.0257217 55.4212
-0.0214084 0.0773428 0.996775 18.4789 0.0309046 0.996578 -0.0766638 -1.22915 -0.999293 0.0291637 -0.0237254 55.4127
-0.0206429 0.0730964 0.997111 19.2075 0.0308994 0.996894 -0.0724407 -1.27623 -0.999309 0.0293147 -0.0228374 55.409
-0.0170935 0.0664995 0.99764 19.934 0.0307312 0.997349 -0.0659536 -1.32234 -0.999382 0.0295313 -0.0190918 55.3907
-0.0154243 0.064755 0.997782 20.6614 0.0289039 0.997513 -0.0642907 -1.36638 -0.999463 0.0278481 -0.0172576 55.3934
-0.0117702 0.0698059 0.997491 21.3856 0.0353756 0.996965 -0.0693516 -1.4231 -0.999305 0.0344706 -0.0142039 55.377
-0.0075869 0.0748491 0.997166 22.1129 0.0379025 0.9965 -0.0745107 -1.48053 -0.999253 0.0372298 -0.0103973 55.3659
-0.00482742 0.0759797 0.997098 22.8572 0.0322313 0.996603 -0.075786 -1.52322 -0.999469 0.0317719 -0.00725994 55.3672
-0.000974974 0.0728048 0.997346 23.5889 0.02692 0.996987 -0.0727523 -1.57124 -0.999637 0.0267776 -0.00293194 55.375
0.00295348 0.0685424 0.997644 24.3188 0.0308059 0.997168 -0.068601 -1.62983 -0.999521 0.0309359 0.000833607 55.3791
0.00689114 0.069359 0.997568 25.0547 0.0359482 0.99693 -0.0695629 -1.68185 -0.99933 0.0363401 0.00437665 55.3807
0.00895922 0.0737846 0.997234 25.779 0.035581 0.996619 -0.0740588 -1.73833 -0.999327 0.036146 0.0063036 55.3951
0.011983 0.0752311 0.997094 26.5166 0.0315036 0.996642 -0.0755756 -1.78273 -0.999432 0.0323177 0.00957275 55.4235
0.0170871 0.0743394 0.997087 27.2741 0.0302702 0.996737 -0.0748321 -1.84075 -0.999396 0.0314607 0.0147811 55.4254
0.0204868 0.0717083 0.997215 28.0003 0.0346229 0.996775 -0.0723879 -1.89179 -0.99919 0.0360095 0.017938 55.4323
0.0236623 0.0716378 0.99715 28.7229 0.0391438 0.996598 -0.072527 -1.94752 -0.998953 0.0407484 0.0207777 55.4528
0.0279007 0.0724069 0.996985 29.4593 0.0420069 0.996407 -0.0735405 -2.00397 -0.998728 0.0439321 0.0247588 55.4658
0.0295893 0.0721836 0.996952 30.2053 0.0426167 0.996391 -0.0734078 -2.05691 -0.998653 0.0446589 0.0264063 55.5024
0.0334135 0.0708006 0.996931 30.9423 0.0436411 0.996433 -0.0722279 -2.11029 -0.998488 0.0459205 0.0302045 55.5229
0.0361387 0.069744 0.99691 31.6874 0.0463655 0.99637 -0.071387 -2.1646 -0.998271 0.0488021 0.0327738 55.553
0.0395318 0.0700977 0.996756 32.4238 0.0446679 0.996415 -0.0718452 -2.21171 -0.998219 0.0473632 0.036259 55.5723
0.0432415 0.0714803 0.996504 33.1642 0.0415801 0.996444 -0.0732803 -2.26242 -0.998199 0.0446035 0.0401156 55.6095
0.0450868 0.0716869 0.996408 33.9143 0.0431306 0.996352 -0.0736345 -2.31874 -0.998052 0.0462956 0.0418304 55.6512
0.0482114 0.0713053 0.996289 34.6606 0.0412467 0.996456 -0.0733132 -2.36959 -0.997985 0.0446281 0.0450994 55.6882
0.0504413 0.071482 0.996166 35.4241 0.0393881 0.996517 -0.0735016 -2.42511 -0.99795 0.0429446 0.0474501 55.7366
0.0537186 0.0715442 0.99599 36.1696 0.0368095 0.99661 -0.0735741 -2.47803 -0.997877 0.0406142 0.050903 55.7832
0.0567315 0.0735274 0.995678 36.9178 0.0353037 0.996513 -0.0756006 -2.52527 -0.997765 0.0394401 0.0539379 55.8232
0.0601138 0.0765939 0.995249 37.6725 0.0343925 0.996301 -0.0787523 -2.58727 -0.997599 0.0389632 0.0572572 55.8714
0.0635062 0.0790083 0.994849 38.4316 0.0340966 0.996108 -0.0812848 -2.64241 -0.997399 0.039083 0.0605651 55.928
0.0655813 0.081144 0.994542 39.1951 0.0285753 0.996127 -0.0831575 -2.70272 -0.997438 0.0338729 0.0630085 55.9923
0.0691896 0.0808042 0.994326 39.9761 0.0242895 0.996282 -0.0826533 -2.75249 -0.997308 0.0298704 0.0669697 56.0516
0.0721626 0.0806562 0.994126 40.7348 0.0258659 0.996238 -0.0827052 -2.82368 -0.997057 0.0316822 0.0698049 56.1117
0.0755015 0.0817848 0.993786 41.5089 0.0258816 0.996134 -0.0839444 -2.88846 -0.99681 0.0320587 0.073093 56.1808
0.0780799 0.0828272 0.9935 42.2853 0.0214741 0.996172 -0.0847375 -2.94936 -0.996716 0.0279509 0.0760024 56.2587
0.0832735 0.0815649 0.993183 43.0761 0.0205195 0.996293 -0.0835407 -3.00313 -0.996315 0.0273363 0.0812911 56.3305
0.0881028 0.0806726 0.992839 43.8515 0.021902 0.996317 -0.0828988 -3.07197 -0.995871 0.0290488 0.0860115 56.3993
0.0929221 0.0843532 0.992094 44.6491 0.0182744 0.996092 -0.0864048 -3.13288 -0.995506 0.0261588 0.0910175 56.4823
0.0980818 0.0929466 0.990828 45.4196 0.0155261 0.995365 -0.0949091 -3.20343 -0.995057 0.0246926 0.096184 56.575
0.106315 0.0975162 0.989539 46.2164 0.0138738 0.994937 -0.0995387 -3.2764 -0.994236 0.0243112 0.104424 56.6597
0.113446 0.100493 0.988449 47.0063 0.00934899 0.99472 -0.102204 -3.34934 -0.9935 0.0208357 0.111908 56.7656
0.121686 0.0991994 0.987599 47.8143 0.00616084 0.994899 -0.100692 -3.42606 -0.99255 0.0183373 0.120454 56.8739
0.129307 0.0971723 0.986832 48.6154 0.00585047 0.995095 -0.0987526 -3.50591 -0.991587 0.0185428 0.128104 56.9837
0.135406 0.0939195 0.986329 49.4181 0.00567335 0.995407 -0.0955628 -3.58266 -0.990774 0.0185355 0.134251 57.101
0.142922 0.0881947 0.985797 50.2297 0.00385179 0.995965 -0.0896629 -3.65844 -0.989726 0.0166119 0.142006 57.2266
0.15021 0.0813356 0.985303 51.0369 0.00122292 0.996594 -0.0824541 -3.72119 -0.988653 0.0135903 0.149598 57.3595
0.157596 0.0775882 0.984451 51.826 0.000864882 0.996897 -0.0787076 -3.79649 -0.987503 0.0132555 0.15704 57.4896
0.165998 0.0794499 0.98292 52.6219 0.000770521 0.996738 -0.0806969 -3.86249 -0.986126 0.0141529 0.165395 57.622
0.170382 0.0860721 0.981612 53.3949 0.000753522 0.996166 -0.0874791 -3.92221 -0.985378 0.0156445 0.169664 57.77
0.176843 0.0897748 0.980136 54.1688 -0.000592729 0.995841 -0.0911063 -3.9934 -0.984239 0.0155305 0.17616 57.9054
0.181428 0.0927094 0.979024 54.9408 -0.00188758 0.995577 -0.093927 -4.06365 -0.983403 0.015193 0.1808 58.0568
0.187187 0.0927263 0.977938 55.6829 -0.00426349 0.995602 -0.0935851 -4.13332 -0.982315 0.0133485 0.186759 58.2048
0.192241 0.089535 0.977255 56.4327 -0.00130526 0.995852 -0.0909821 -4.20685 -0.981347 0.0162149 0.19156 58.3505
0.196035 0.0835669 0.97703 57.1761 -0.000330125 0.996368 -0.0851547 -4.26921 -0.980597 0.0163707 0.19535 58.5079
0.198558 0.0768467 0.977072 57.9146 -0.000958605 0.996936 -0.0782142 -4.33263 -0.980089 0.0145935 0.198024 58.6691
0.201774 0.073362 0.976681 58.6615 -0.00448171 0.99725 -0.0739811 -4.38903 -0.979422 0.0105503 0.201548 58.8323
0.205621 0.0732244 0.975888 59.3732 -0.0066291 0.997278 -0.0734326 -4.45269 -0.978609 0.00863004 0.205547 58.984
0.207312 0.0750385 0.975393 60.0608 -0.00835704 0.997153 -0.0749363 -4.50861 -0.978239 0.0073838 0.207349 59.1412
0.208981 0.0792703 0.974702 60.7621 -0.0118827 0.996841 -0.0785232 -4.56285 -0.977848 0.00482775 0.209263 59.2979
0.210325 0.0838681 0.974027 61.4626 -0.0135301 0.996468 -0.0828787 -4.61869 -0.977538 0.00425283 0.210717 59.4639
0.212516 0.0893623 0.973063 62.1328 -0.0151856 0.995991 -0.0881515 -4.68021 -0.97704 0.00395712 0.213022 59.6166
0.215133 0.0911816 0.972319 62.7823 -0.0146112 0.995821 -0.0901527 -4.74473 -0.976475 0.00518811 0.215566 59.7567
0.21493 0.0913247 0.97235 63.4328 -0.0164466 0.995816 -0.0898933 -4.79843 -0.976491 0.00332892 0.215532 59.9215
0.216329 0.0884171 0.972309 64.0777 -0.0161083 0.996079 -0.0869947 -4.85921 -0.976188 0.00315729 0.216905 60.0633
0.217877 0.0856808 0.972208 64.7296 -0.0157948 0.996318 -0.0842659 -4.91604 -0.975849 0.00300371 0.218428 60.2081
0.216931 0.0848075 0.972496 65.3624 -0.0153738 0.996392 -0.083462 -4.96699 -0.976066 0.00315454 0.217452 60.3546
0.214688 0.0839357 0.973069 65.9806 -0.0150357 0.996466 -0.0826366 -5.01981 -0.976567 0.00311024 0.215191 60.4978
0.213825 0.0843259 0.973226 66.5987 -0.0162398 0.996436 -0.082769 -5.07864 -0.976737 0.00189313 0.214432 60.6321
0.211485 0.0871657 0.973487 67.2128 -0.0173743 0.996193 -0.0854244 -5.13293 -0.977227 0.0011524 0.212195 60.7685
0.209011 0.0908076 0.973688 67.797 -0.0163731 0.995865 -0.0893611 -5.19184 -0.977776 0.00273514 0.209633 60.9027
0.207652 0.0916213 0.973903 68.3759 -0.0145947 0.995783 -0.0905679 -5.24565 -0.978094 0.00459279 0.208114 61.0252
0.205369 0.0905692 0.974485 68.9641 -0.0149656 0.995883 -0.089404 -5.29795 -0.97857 0.00377702 0.205879 61.153
0.202691 0.0877911 0.975299 69.5268 -0.0150319 0.996135 -0.0865426 -5.34529 -0.979127 0.00288083 0.203227 61.2785
0.201496 0.0838397 0.975895 70.102 -0.014355 0.996476 -0.0826439 -5.39828 -0.979384 0.00264346 0.201989 61.3916
0.199513 0.0825102 0.976415 70.6441 -0.0111277 0.996575 -0.08194 -5.45116 -0.979832 0.0054828 0.199747 61.5023
0.197425 0.0840452 0.976709 71.1931 -0.00795595 0.996423 -0.0841335 -5.49993 -0.980286 0.00883944 0.197388 61.6169
0.195479 0.085778 0.976949 71.7312 -0.00390183 0.996228 -0.08669 -5.55021 -0.9807 0.0131342 0.195076 61.7104
0.192618 0.0879381 0.977326 72.2694 -0.00421147 0.996041 -0.0887921 -5.5923 -0.981265 0.0129869 0.192225 61.8256
0.191249 0.0903202 0.977377 72.8075 -0.00471003 0.99583 -0.0911039 -5.64199 -0.98153 0.0128201 0.190877 61.9369
0.190155 0.0892623 0.977688 73.344 -0.00327692 0.99591 -0.0902887 -5.68625 -0.981749 0.0139651 0.18967 62.0411
0.190768 0.0869961 0.977773 73.8848 0.00290597 0.996011 -0.0891858 -5.74059 -0.981631 0.0198551 0.189754 62.1307
0.192772 0.0853977 0.97752 74.4161 0.00821369 0.99603 -0.0886345 -5.78002 -0.981209 0.0251153 0.191305 62.2277
0.195017 0.0844833 0.977154 74.9659 0.010918 0.996035 -0.0882946 -5.83099 -0.980739 0.0278875 0.193321 62.3306
0.197597 0.0843618 0.976647 75.5026 0.00901928 0.996091 -0.0878663 -5.87879 -0.980242 0.0261707 0.196064 62.4478
0.202776 0.0849269 0.975535 76.0502 0.00739001 0.996071 -0.0882507 -5.92479 -0.979197 0.0251043 0.201351 62.5682
0.208718 0.0839103 0.974369 76.6011 0.0081907 0.996127 -0.0875385 -5.97192 -0.977942 0.0262516 0.207223 62.6915
0.216045 0.0838464 0.972776 77.1516 0.00657216 0.996159 -0.0873214 -6.01798 -0.976361 0.0252586 0.214665 62.8238
0.224968 0.0821011 0.970901 77.7222 0.00633443 0.996299 -0.0857166 -6.06337 -0.974345 0.0254336 0.223616 62.9611
0.234451 0.0817236 0.968687 78.2934 0.00360174 0.99638 -0.0849317 -6.11122 -0.972121 0.0234013 0.233308 63.1043
0.243326 0.081407 0.966522 78.8548 0.00164471 0.996436 -0.0843406 -6.16051 -0.969943 0.0221119 0.242325 63.2621
0.252466 0.0849041 0.963874 79.4315 -0.00354506 0.996217 -0.0868246 -6.20656 -0.967599 0.0185032 0.251812 63.4318
0.262022 0.0872544 0.961109 80.0103 -0.00732552 0.996055 -0.0884299 -6.25472 -0.965034 0.01613 0.261628 63.5956
0.273077 0.0896655 0.957804 80.6101 -0.0111058 0.995874 -0.090063 -6.30582 -0.961928 0.013957 0.272946 63.7833
0.282874 0.0912688 0.954805 81.2158 -0.0128367 0.995734 -0.0913781 -6.36076 -0.959071 0.0135919 0.282838 63.9813
0.292987 0.0923824 0.951643 81.836 -0.016326 0.995659 -0.091629 -6.41353 -0.955977 0.0113096 0.293224 64.186
0.302644 0.0925877 0.948596 82.4419 -0.0174038 0.995641 -0.091627 -6.46818 -0.952945 0.0112212 0.302936 64.3945
0.313 0.093278 0.945161 83.0699 -0.0210241 0.995602 -0.0912936 -6.52035 -0.94952 0.00870374 0.313585 64.6192
0.323764 0.0888181 0.94196 83.7255 -0.020652 0.99601 -0.0868162 -6.5713 -0.945912 0.00865462 0.324307 64.8477
0.333071 0.0821493 0.939316 84.3571 -0.0175795 0.996565 -0.0809226 -6.62318 -0.942738 0.0104403 0.333371 65.0827
0.345032 0.0771701 0.935413 85.0218 -0.0159091 0.996952 -0.0763788 -6.68121 -0.938456 0.0114716 0.345208 65.328
0.353841 0.074364 0.932345 85.6997 -0.0163301 0.997173 -0.0733372 -6.72268 -0.935163 0.0107244 0.354055 65.6154
0.364715 0.0711191 0.928399 86.3781 -0.0106777 0.997333 -0.072205 -6.77412 -0.931058 0.0164211 0.364502 65.8761
0.372431 0.0666017 0.925667 87.06 -0.00467748 0.997544 -0.0698913 -6.81625 -0.928048 0.0216999 0.371827 66.152
0.380273 0.0571717 0.923106 87.7919 0.00463671 0.997957 -0.0637176 -6.8634 -0.924863 0.0285102 0.379231 66.4397
0.387768 0.0521458 0.920281 88.4909 0.010544 0.998082 -0.060997 -6.9127 -0.921697 0.0333561 0.386474 66.7253
0.394926 0.0515833 0.917264 89.1967 0.013227 0.998 -0.0618184 -6.95797 -0.918618 0.0365463 0.393453 67.0255
0.402388 0.0571235 0.913685 89.8992 0.0158269 0.997468 -0.0693318 -7.00356 -0.915333 0.042359 0.400465 67.3363
0.410546 0.0619339 0.909734 90.6025 0.018403 0.996925 -0.0761747 -7.05783 -0.911654 0.0480151 0.408144 67.6418
0.415034 0.0643231 0.907529 91.3044 0.0165029 0.996801 -0.0781976 -7.11602 -0.909656 0.0474315 0.412645 67.9703
0.419335 0.0657599 0.905446 91.983 0.00988309 0.996983 -0.0769851 -7.1704 -0.907778 0.0412312 0.417421 68.3012
0.424396 0.0688479 0.902855 92.6759 0.00412593 0.996948 -0.0779624 -7.22518 -0.905467 0.0368121 0.422817 68.6397
0.426745 0.0721004 0.901493 93.3406 0.00240765 0.996723 -0.0808565 -7.29071 -0.904369 0.0366756 0.425173 68.976
0.431149 0.0760567 0.89907 93.9929 -0.000574938 0.996464 -0.08402 -7.35393 -0.902281 0.0357082 0.429668 69.2938
0.435745 0.0789574 0.8966 94.6515 -0.00368971 0.996293 -0.0859435 -7.41551 -0.900062 0.0341413 0.434421 69.6191
0.43914 0.0780492 0.895022 95.3026 -0.00482756 0.99641 -0.0845219 -7.47188 -0.898406 0.0327962 0.43794 69.9433
0.442809 0.0744856 0.893517 95.9361 -0.00371763 0.996687 -0.0812438 -7.53528 -0.896608 0.0326537 0.441619 70.2587
0.447742 0.071921 0.891265 96.5742 -0.00392479 0.996908 -0.0784742 -7.58974 -0.894154 0.0316382 0.44664 70.5788
0.451078 0.0705574 0.889691 97.1868 -0.00467996 0.997043 -0.0766982 -7.64816 -0.892473 0.0304331 0.450074 70.9009
0.454605 0.0724901 0.887738 97.7959 -0.00741958 0.996956 -0.0776089 -7.70118 -0.890662 0.0286948 0.453759 71.2208
0.456956 0.0728899 0.886498 98.3861 -0.00643765 0.996882 -0.0786476 -7.75923 -0.889466 0.0302315 0.456 71.5349
0.459694 0.071063 0.88523 98.9842 -0.00429097 0.996959 -0.077804 -7.81047 -0.888067 0.0319675 0.458601 71.8353
0.461618 0.0696843 0.884338 99.5732 -0.0022113 0.996997 -0.0774073 -7.86464 -0.887076 0.0337771 0.460386 72.1431
0.463183 0.0699274 0.8835 100.144 -0.00361751 0.997023 -0.0770161 -7.91363 -0.886255 0.0324765 0.462057 72.4522
0.465357 0.0691268 0.88242 100.706 -0.00208196 0.997028 -0.0770071 -7.96377 -0.885121 0.0339986 0.464118 72.7523
0.467886 0.0707595 0.880952 101.253 -0.00273948 0.996901 -0.0786177 -8.01549 -0.883785 0.0343708 0.46663 73.046
0.471055 0.0709076 0.879249 101.805 -0.000469315 0.996784 -0.0801348 -8.06577 -0.882104 0.0373352 0.469573 73.334
0.473759 0.0698772 0.877878 102.331 0.00177626 0.996769 -0.0802993 -8.11816 -0.880653 0.0396019 0.472104 73.6285
0.477365 0.0681992 0.876054 102.861 0.00461718 0.996775 -0.0801129 -8.16428 -0.878693 0.042288 0.475511 73.9095
0.481037 0.0672111 0.87412 103.384 0.00600762 0.996781 -0.0799485 -8.21384 -0.87668 0.0437096 0.479084 74.1909
0.483838 0.066775 0.872606 103.887 0.00670392 0.996773 -0.0799939 -8.26304 -0.875132 0.0445539 0.481829 74.4819
0.487612 0.0658944 0.87057 104.392 0.00734064 0.996803 -0.0795606 -8.31154 -0.87303 0.0451852 0.485569 74.7601
0.490631 0.0651707 0.868927 104.894 0.0091177 0.996761 -0.0799067 -8.35405 -0.87132 0.0471273 0.488448 75.0449
0.495517 0.0665044 0.866049 105.396 0.0086287 0.996638 -0.0814695 -8.39935 -0.868556 0.0478423 0.493277 75.3216
0.499251 0.0666976 0.863887 105.883 0.0103816 0.996501 -0.0829359 -8.44889 -0.866395 0.0503744 0.496811 75.6057
0.504866 0.0693797 0.860405 106.368 0.00873909 0.996303 -0.0854658 -8.49794 -0.863153 0.050668 0.502393 75.8853
0.509053 0.0752096 0.857443 106.849 0.00537119 0.995878 -0.0905411 -8.54596 -0.860718 0.0506957 0.506551 76.2001
0.515079 0.0824768 0.853166 107.323 -0.000110504 0.995366 -0.0961568 -8.59245 -0.857143 0.0494341 0.512701 76.4993
0.520833 0.0887178 0.849036 107.788 -0.00529644 0.994902 -0.100711 -8.64371 -0.853642 0.0479565 0.518647 76.8067
0.527188 0.0930708 0.844636 108.261 -0.00893466 0.994536 -0.104012 -8.69577 -0.849701 0.0472872 0.525139 77.1265
0.533068 0.0935794 0.840881 108.747 -0.0125501 0.99463 -0.102734 -8.74664 -0.845979 0.0442109 0.53138 77.441
0.538229 0.0927577 0.837679 109.246 -0.0191997 0.995017 -0.0978438 -8.7976 -0.84258 0.0365792 0.537328 77.7785
0.544123 0.0906678 0.834092 109.721 -0.0253832 0.995468 -0.0916509 -8.84653 -0.838621 0.0286974 0.543958 78.1063
0.549625 0.0888148 0.830677 110.204 -0.0316283 0.995832 -0.0855458 -8.89765 -0.834813 0.0207452 0.550143 78.4468
0.556163 0.0870516 0.826502 110.708 -0.0347416 0.996065 -0.0815329 -8.94541 -0.830347 0.0166316 0.556998 78.7982
0.562881 0.0900942 0.821613 111.202 -0.039221 0.995833 -0.0823284 -8.99114 -0.825607 0.0141166 0.56407 79.1458
0.567039 0.0940907 0.818299 111.726 -0.0433239 0.995486 -0.084443 -9.03876 -0.822551 0.0124306 0.568556 79.5465
0.573726 0.0974611 0.813228 112.238 -0.0462895 0.995166 -0.0866086 -9.09017 -0.817739 0.0120456 0.575464 79.9167
0.580005 0.0996213 0.808498 112.755 -0.0485308 0.994957 -0.087781 -9.13688 -0.813166 0.0116764 0.581915 80.3044
0.58624 0.100542 0.803874 113.294 -0.0514997 0.994887 -0.0868755 -9.18855 -0.808499 0.00953056 0.58842 80.7195
0.592998 0.10236 0.798671 113.831 -0.0566951 0.994733 -0.0853924 -9.23854 -0.803206 0.00535673 0.595678 81.1395
0.599819 0.100732 0.79377 114.376 -0.057661 0.994906 -0.0826852 -9.2884 -0.798055 0.00382653 0.602572 81.5693
0.60731 0.0989194 0.788283 114.936 -0.05794 0.995091 -0.0802329 -9.33767 -0.792349 0.00305314 0.61006 82.0082
0.614141 0.0989067 0.782974 115.494 -0.0589088 0.995093 -0.0794957 -9.39435 -0.786994 0.00269758 0.616954 82.469
0.622234 0.101084 0.776278 116.062 -0.0629441 0.994878 -0.0790956 -9.4384 -0.780297 0.000353839 0.62541 82.9328
0.62901 0.102391 0.770625 116.641 -0.0645448 0.994744 -0.0794861 -9.48385 -0.774713 0.000257688 0.632313 83.4287
0.634608 0.102592 0.765994 117.204 -0.065924 0.994723 -0.0786095 -9.54016 -0.770017 -0.000611187 0.638023 83.9303
0.640273 0.10132 0.761436 117.797 -0.0657211 0.994854 -0.0771161 -9.59544 -0.765331 -0.000667053 0.643637 84.4315
0.643824 0.0999468 0.758618 118.39 -0.0645015 0.994993 -0.0763477 -9.64956 -0.76245 0.00022256 0.647047 84.9491
0.647042 0.0978032 0.756155 118.988 -0.061461 0.995202 -0.0761299 -9.69794 -0.759973 0.00278514 0.649949 85.4755
0.650423 0.0941069 0.75372 119.605 -0.0565788 0.995541 -0.0754752 -9.7565 -0.757462 0.00644629 0.652847 86.0039
0.652748 0.0878879 0.75246 120.223 -0.0487674 0.996062 -0.0740358 -9.80899 -0.756004 0.0116312 0.654464 86.5536
0.657469 0.0817439 0.749035 120.848 -0.0427618 0.996544 -0.0712207 -9.86838 -0.752268 0.0147953 0.658692 87.085
0.66074 0.076737 0.746682 121.486 -0.0379486 0.996904 -0.0688717 -9.92617 -0.749655 0.0171707 0.661606 87.6356
0.663903 0.0746713 0.744082 122.116 -0.0368084 0.997059 -0.0672164 -9.97448 -0.746913 0.0172367 0.664699 88.2008
0.667959 0.0757867 0.740329 122.735 -0.0377034 0.99697 -0.068041 -10.0341 -0.743243 0.0175357 0.668792 88.7628
0.670963 0.0800987 0.737152 123.367 -0.0427896 0.996674 -0.0693508 -10.0893 -0.740255 0.0149894 0.672159 89.3674
0.673485 0.0837094 0.734446 123.986 -0.0487151 0.996434 -0.0688982 -10.1372 -0.737594 0.0106233 0.675161 89.9623
0.677158 0.0811355 0.731351 124.621 -0.0496412 0.996675 -0.0646076 -10.1882 -0.734161 0.0074445 0.678935 90.5552
0.680388 0.0780492 0.728684 125.251 -0.0521638 0.996948 -0.0580764 -10.2313 -0.730994 0.00150355 0.682383 91.1609
0.684656 0.0723108 0.72527 125.892 -0.0513961 0.997379 -0.0509225 -10.2758 -0.727052 -0.00241162 0.686579 91.7694
0.688732 0.0673689 0.72188 126.528 -0.0479677 0.997726 -0.047347 -10.3146 -0.723428 -0.0020175 0.690397 92.3865
0.693376 0.0640756 0.717722 127.178 -0.0424476 0.997941 -0.0480848 -10.3591 -0.719325 0.00287523 0.694668 93.0147
0.697971 0.0610885 0.713515 127.815 -0.0324372 0.998029 -0.0537169 -10.4051 -0.715391 0.0143484 0.698577 93.6327
0.703729 0.0643645 0.707547 128.444 -0.0288551 0.997655 -0.0620558 -10.452 -0.709882 0.0232541 0.703936 94.2559
0.710155 0.0649233 0.701045 129.093 -0.0263116 0.997491 -0.0657235 -10.5064 -0.703553 0.0282283 0.710082 94.9015
0.715547 0.06057 0.695933 129.72 -0.0232713 0.997748 -0.062911 -10.552 -0.698177 0.0288205 0.715345 95.5554
0.721652 0.0544466 0.690111 130.35 -0.018545 0.998065 -0.0593501 -10.6125 -0.692007 0.030032 0.721266 96.2097
0.727491 0.0507789 0.684235 130.973 -0.0131854 0.998108 -0.0600532 -10.6593 -0.68599 0.0346663 0.726784 96.8598
0.731551 0.0529175 0.67973 131.593 -0.0120042 0.997829 -0.0647623 -10.7192 -0.681682 0.0392173 0.730597 97.5418
0.734934 0.0547636 0.675924 132.198 -0.0129139 0.997683 -0.0667913 -10.77 -0.678016 0.0403584 0.733938 98.2118
0.738518 0.0521574 0.672214 132.832 -0.0110358 0.997805 -0.0652959 -10.8249 -0.674144 0.0408038 0.737472 98.9029
0.74112 0.046109 0.669787 133.456 -0.00664974 0.998094 -0.0613522 -10.8825 -0.671339 0.0410154 0.740015 99.5813
0.74242 0.0414542 0.668651 134.075 -0.00326274 0.998296 -0.0582684 -10.9361 -0.669927 0.0410779 0.741289 100.269
0.742979 0.0372128 0.66828 134.696 6.66643e-05 0.998449 -0.0556722 -10.9853 -0.669315 0.0414078 0.741824 100.956
0.743214 0.0361447 0.668077 135.315 0.00016651 0.99853 -0.0542083 -11.0365 -0.669054 0.0403996 0.742115 101.65
0.743082 0.0359707 0.668233 135.922 -0.000209629 0.998567 -0.0535193 -11.083 -0.669201 0.0396291 0.742024 102.342
0.742581 0.0384191 0.668653 136.537 -0.00262017 0.998512 -0.0544622 -11.1318 -0.669751 0.0386906 0.741577 103.033
0.741096 0.0421099 0.670078 137.154 -0.00585729 0.998399 -0.0562646 -11.1771 -0.671374 0.0377726 0.740155 103.735
0.738626 0.0463732 0.672519 137.765 -0.0104955 0.998301 -0.0573103 -11.231 -0.674034 0.0352725 0.737858 104.432
0.737567 0.0487942 0.673508 138.39 -0.0136181 0.998258 -0.0574082 -11.2779 -0.675136 0.0331705 0.736947 105.108
0.735337 0.0504324 0.675822 139.013 -0.0163825 0.998259 -0.0566686 -11.3301 -0.677504 0.0305988 0.734883 105.804
0.732544 0.0496618 0.678906 139.631 -0.0169147 0.998355 -0.0547783 -11.3817 -0.68051 0.028644 0.732179 106.487
0.730227 0.0487871 0.68146 140.257 -0.0183317 0.998487 -0.0518401 -11.4256 -0.682958 0.0253627 0.730017 107.167
0.727298 0.0447061 0.684864 140.88 -0.0139614 0.998633 -0.0503617 -11.4676 -0.68618 0.0270663 0.726928 107.846
0.725024 0.0471774 0.687106 141.513 -0.0130205 0.998412 -0.054813 -11.5314 -0.688601 0.0307943 0.724487 108.516
0.721195 0.0585446 0.690254 142.118 -0.0201708 0.997775 -0.0635524 -11.577 -0.692439 0.0319107 0.720771 109.167
0.717356 0.066186 0.693555 142.749 -0.0247696 0.997271 -0.0695499 -11.6366 -0.696266 0.0327129 0.717038 109.839
0.714488 0.0642871 0.696688 143.389 -0.0242817 0.997448 -0.0671378 -11.6899 -0.699227 0.0310523 0.714225 110.498
0.710652 0.0621334 0.700794 144.005 -0.0271964 0.997774 -0.0608851 -11.7499 -0.703018 0.0242091 0.71076 111.137
0.707063 0.0597367 0.704623 144.636 -0.0277007 0.998001 -0.0568122 -11.7985 -0.706608 0.0206513 0.707304 111.781
0.704404 0.0600836 0.707251 145.277 -0.0283995 0.997999 -0.0564985 -11.8512 -0.709231 0.0197122 0.704701 112.42
0.701643 0.0588385 0.710095 145.917 -0.0264894 0.99805 -0.0565243 -11.8958 -0.712036 0.0208499 0.701833 113.05
0.698502 0.0580177 0.713252 146.536 -0.0232082 0.99802 -0.0584532 -11.946 -0.715231 0.0242764 0.698466 113.651
0.695165 0.0572534 0.716567 147.173 -0.0195133 0.997959 -0.0608061 -11.9976 -0.718586 0.0282877 0.694863 114.261
0.690905 0.0581327 0.720604 147.821 -0.0176308 0.99782 -0.0635921 -12.0549 -0.72273 0.0312312 0.690424 114.887
0.687821 0.0585582 0.723514 148.45 -0.0176466 0.997795 -0.0639813 -12.1065 -0.725666 0.0312401 0.687338 115.482
0.684262 0.0599712 0.726766 149.108 -0.0195595 0.997763 -0.0639177 -12.1604 -0.728974 0.0295212 0.683904 116.101
0.679286 0.0596301 0.731447 149.762 -0.0184863 0.997768 -0.0641735 -12.2166 -0.73364 0.0300704 0.678872 116.717
0.673432 0.0617134 0.736668 150.415 -0.0200061 0.997666 -0.0652893 -12.263 -0.738978 0.02923 0.673095 117.328
0.667772 0.0684519 0.741212 151.085 -0.0240796 0.997228 -0.0704015 -12.3271 -0.743977 0.029164 0.667569 117.939
0.661217 0.0742604 0.74651 151.742 -0.0266354 0.996785 -0.0755648 -12.3826 -0.749721 0.0300812 0.66107 118.536
0.655385 0.0771861 0.751341 152.412 -0.0285074 0.996584 -0.0775136 -12.4514 -0.754757 0.0293824 0.655346 119.127
0.649578 0.0720872 0.75687 153.105 -0.0286416 0.997108 -0.0703871 -12.5126 -0.759756 0.0240439 0.649764 119.719
0.641531 0.0680318 0.764074 153.802 -0.0335086 0.997594 -0.0606896 -12.5566 -0.766365 0.0133312 0.642267 120.327
0.634653 0.0625079 0.770265 154.513 -0.0315593 0.997988 -0.0549849 -12.6111 -0.772152 0.0105873 0.635349 120.918
0.62715 0.063399 0.776314 155.221 -0.0358474 0.997975 -0.0525418 -12.6475 -0.778073 0.0051228 0.628153 121.509
0.619359 0.0653548 0.782383 155.952 -0.0361196 0.997846 -0.0547597 -12.699 -0.784277 0.00565651 0.620385 122.096
0.613132 0.0650463 0.787298 156.679 -0.0294236 0.997793 -0.0595228 -12.7473 -0.789432 0.0133302 0.613693 122.66
0.605959 0.0735915 0.792084 157.392 -0.030031 0.997118 -0.0696666 -12.8063 -0.794929 0.018428 0.606423 123.219
0.598842 0.075721 0.797279 158.139 -0.0279015 0.996888 -0.0737218 -12.8756 -0.800381 0.0219024 0.599091 123.774
0.592307 0.0718038 0.802507 158.909 -0.0247892 0.997174 -0.0709254 -12.9345 -0.805331 0.0221161 0.592412 124.331
0.585727 0.0653965 0.807866 159.682 -0.0192624 0.997581 -0.0667881 -12.9941 -0.81028 0.0235581 0.58557 124.877
0.578865 0.0644362 0.812873 160.42 -0.0188778 0.997665 -0.0656412 -13.049 -0.815205 0.0226522 0.57873 125.409
0.571796 0.065843 0.817749 161.164 -0.0199016 0.997594 -0.0664077 -13.107 -0.820154 0.0216971 0.571731 125.936
0.565696 0.0640066 0.822126 161.905 -0.0162296 0.997654 -0.0665049 -13.1685 -0.824454 0.0242788 0.565407 126.439
0.559858 0.0582831 0.826536 162.665 -0.011198 0.997964 -0.0627864 -13.2297 -0.828513 0.0258959 0.559371 126.951
0.556637 0.0549783 0.828935 163.425 -0.00955396 0.998165 -0.0597868 -13.283 -0.830701 0.0253599 0.556141 127.448
0.552504 0.0537606 0.831774 164.146 -0.0107837 0.998295 -0.0573604 -13.3334 -0.83344 0.0227223 0.552142 127.933
0.547649 0.0557961 0.834845 164.874 -0.0118819 0.998192 -0.0589188 -13.3932 -0.836624 0.0223473 0.547322 128.411
0.544477 0.0586248 0.836725 165.595 -0.0107831 0.997961 -0.0629049 -13.448 -0.838707 0.0252278 0.543999 128.882
