1.000000e+00 0.000000e+00 4.065758e-20 0.000000e+00 0.000000e+00 1.000000e+00 0.000000e+00 0.000000e+00 2.710505e-20 1.734723e-18 1.000000e+00 0.000000e+00
9.999999e-01 -2.022539e-04 3.873585e-04 9.863174e-03 2.032584e-04 9.999966e-01 -2.594840e-03 1.225240e-03 -3.868324e-04 2.594918e-03 9.999966e-01 4.532022e-01
9.999996e-01 -9.070701e-04 4.334033e-05 9.722551e-03 9.072254e-04 9.999926e-01 -3.728873e-03 5.863470e-03 -3.995767e-05 3.728911e-03 9.999930e-01 1.300153e+00
9.999966e-01 -2.816711e-05 2.596679e-03 -3.807985e-03 3.086421e-05 9.999995e-01 -1.038640e-03 -1.944615e-02 -2.596648e-03 1.038716e-03 9.999961e-01 2.854304e+00
9.999980e-01 -1.758049e-03 9.070238e-04 -2.314612e-03 1.755119e-03 9.999933e-01 3.220735e-03 -1.649572e-02 -9.126799e-04 -3.219137e-03 9.999944e-01 3.824420e+00
9.999902e-01 -4.433106e-03 -3.282723e-05 2.486059e-03 4.433208e-03 9.999805e-01 4.400887e-03 -1.680605e-02 1.331700e-05 -4.400989e-03 9.999903e-01 4.767340e+00
9.999766e-01 -6.809703e-03 -6.153844e-04 1.279551e-03 6.810771e-03 9.999753e-01 1.750792e-03 -2.564159e-02 6.034469e-04 -1.754942e-03 9.999983e-01 5.716002e+00
9.999729e-01 -7.196676e-03 -1.560096e-03 -4.322687e-04 7.195534e-03 9.999738e-01 -7.361699e-04 -2.721825e-02 1.565353e-03 7.249243e-04 9.999985e-01 6.633584e+00
9.999744e-01 -6.836396e-03 -2.128623e-03 -8.139395e-04 6.833162e-03 9.999755e-01 -1.522964e-03 -3.551357e-02 2.138983e-03 1.508379e-03 9.999966e-01 7.561242e+00
9.999737e-01 -6.809940e-03 -2.506384e-03 -1.281837e-02 6.809365e-03 9.999768e-01 -2.381125e-04 -3.528428e-02 2.507948e-03 2.210394e-04 9.999968e-01 8.483835e+00
9.999570e-01 -8.362840e-03 -4.003709e-03 -1.283942e-02 8.370562e-03 9.999631e-01 1.915731e-03 -3.270432e-02 3.987541e-03 -1.949162e-03 9.999902e-01 9.424559e+00
9.999588e-01 -7.965295e-03 -4.351473e-03 -2.389059e-02 7.982261e-03 9.999606e-01 3.895646e-03 -3.652998e-02 4.320271e-03 -3.930220e-03 9.999829e-01 1.032927e+01
9.999489e-01 -8.868460e-03 -4.843866e-03 -2.570437e-02 8.890741e-03 9.999499e-01 4.597742e-03 -3.325353e-02 4.802849e-03 -4.640573e-03 9.999777e-01 1.126035e+01
9.999424e-01 -8.771755e-03 -6.191195e-03 -2.565865e-02 8.801637e-03 9.999497e-01 4.815853e-03 -3.070896e-02 6.148640e-03 -4.870068e-03 9.999692e-01 1.217389e+01
9.999353e-01 -9.190104e-03 -6.701791e-03 -3.155572e-02 9.211556e-03 9.999525e-01 3.177164e-03 -2.703413e-02 6.672275e-03 -3.238692e-03 9.999725e-01 1.307633e+01
9.999200e-01 -1.021631e-02 -7.459920e-03 -4.193079e-02 1.022948e-02 9.999462e-01 1.729601e-03 -2.314874e-02 7.441848e-03 -1.805774e-03 9.999707e-01 1.397964e+01
9.999201e-01 -9.021573e-03 -8.859558e-03 -5.207673e-02 9.026600e-03 9.999591e-01 5.276423e-04 -2.400376e-02 8.854436e-03 -6.075718e-04 9.999606e-01 1.486627e+01
9.999038e-01 -8.472164e-03 -1.098525e-02 -7.025720e-02 8.469539e-03 9.999641e-01 -2.855121e-04 -2.896389e-02 1.098727e-02 1.924446e-04 9.999396e-01 1.576071e+01
9.998956e-01 -7.750543e-03 -1.219868e-02 -8.061896e-02 7.740666e-03 9.999697e-01 -8.566907e-04 -3.335760e-02 1.220495e-02 7.621753e-04 9.999252e-01 1.665735e+01
9.998869e-01 -6.779109e-03 -1.342655e-02 -9.786630e-02 6.768134e-03 9.999767e-01 -8.627501e-04 -2.717414e-02 1.343208e-02 7.717799e-04 9.999095e-01 1.754672e+01
9.998679e-01 -6.674562e-03 -1.481937e-02 -1.140688e-01 6.674445e-03 9.999777e-01 -5.732276e-05 -3.586227e-02 1.481943e-02 -4.159593e-05 9.998902e-01 1.844807e+01
9.998483e-01 -6.773816e-03 -1.604739e-02 -1.345295e-01 6.788306e-03 9.999766e-01 8.486431e-04 -3.139683e-02 1.604127e-02 -9.574490e-04 9.998709e-01 1.934357e+01
9.998091e-01 -6.718393e-03 -1.834584e-02 -1.614468e-01 6.755384e-03 9.999753e-01 1.955038e-03 -2.740080e-02 1.833225e-02 -2.078598e-03 9.998298e-01 2.022676e+01
9.997703e-01 -7.689385e-03 -2.000339e-02 -1.889795e-01 7.725051e-03 9.999687e-01 1.706359e-03 -2.900662e-02 1.998965e-02 -1.860495e-03 9.997985e-01 2.109957e+01
9.997521e-01 -7.850756e-03 -2.083351e-02 -1.996295e-01 7.884128e-03 9.999678e-01 1.520138e-03 -3.486187e-02 2.082090e-02 -1.684016e-03 9.997818e-01 2.197806e+01
9.997230e-01 -6.690995e-03 -2.256448e-02 -2.196927e-01 6.733497e-03 9.999757e-01 1.808099e-03 -3.680350e-02 2.255183e-02 -1.959536e-03 9.997438e-01 2.282593e+01
9.997226e-01 -6.684115e-03 -2.258469e-02 -2.427544e-01 6.763765e-03 9.999712e-01 3.452160e-03 -3.284238e-02 2.256097e-02 -3.603960e-03 9.997390e-01 2.370260e+01
9.996541e-01 -7.564490e-03 -2.518999e-02 -2.684252e-01 7.721168e-03 9.999514e-01 6.128418e-03 -3.003799e-02 2.514241e-02 -6.320794e-03 9.996639e-01 2.456164e+01
9.996436e-01 -8.774798e-03 -2.521283e-02 -2.888121e-01 8.974788e-03 9.999291e-01 7.829892e-03 -2.696181e-02 2.514233e-02 -8.053382e-03 9.996514e-01 2.539528e+01
9.996376e-01 -9.376222e-03 -2.523517e-02 -3.174031e-01 9.547802e-03 9.999321e-01 6.687336e-03 -2.381300e-02 2.517076e-02 -6.925853e-03 9.996592e-01 2.621395e+01
9.996216e-01 -8.354830e-03 -2.620848e-02 -3.515268e-01 8.486559e-03 9.999519e-01 4.919000e-03 -2.549660e-02 2.616613e-02 -5.139559e-03 9.996444e-01 2.701042e+01
9.996295e-01 -6.382902e-03 -2.646024e-02 -3.818095e-01 6.465699e-03 9.999745e-01 3.044715e-03 -2.228933e-02 2.644013e-02 -3.214671e-03 9.996452e-01 2.781473e+01
9.996151e-01 -5.412063e-03 -2.720883e-02 -4.082607e-01 5.485174e-03 9.999815e-01 2.613109e-03 -2.149081e-02 2.719419e-02 -2.761349e-03 9.996264e-01 2.861094e+01
9.995729e-01 -6.048096e-03 -2.859175e-02 -4.359311e-01 6.108469e-03 9.999793e-01 2.024649e-03 -2.403777e-02 2.857891e-02 -2.198437e-03 9.995891e-01 2.941275e+01
9.995132e-01 -4.708470e-03 -3.084194e-02 -4.594339e-01 4.760213e-03 9.999874e-01 1.604475e-03 -3.007921e-02 3.083400e-02 -1.750508e-03 9.995230e-01 3.019220e+01
9.994603e-01 -4.428966e-03 -3.254876e-02 -4.951819e-01 4.475941e-03 9.999890e-01 1.370498e-03 -3.040472e-02 3.254234e-02 -1.515445e-03 9.994692e-01 3.096084e+01
9.993943e-01 -4.472974e-03 -3.451132e-02 -5.226108e-01 4.576430e-03 9.999853e-01 2.919335e-03 -3.076093e-02 3.449776e-02 -3.075505e-03 9.994000e-01 3.170259e+01
9.993108e-01 -5.602605e-03 -3.669652e-02 -5.523366e-01 5.790779e-03 9.999706e-01 5.023557e-03 -2.486026e-02 3.666730e-02 -5.232596e-03 9.993138e-01 3.246232e+01
9.992437e-01 -5.581649e-03 -3.848275e-02 -5.801636e-01 5.828047e-03 9.999632e-01 6.293587e-03 -1.886719e-02 3.844621e-02 -6.513106e-03 9.992394e-01 3.321230e+01
9.991668e-01 -4.397581e-03 -4.057492e-02 -6.275265e-01 4.673918e-03 9.999665e-01 6.718188e-03 -1.969941e-02 4.054402e-02 -6.902235e-03 9.991539e-01 3.393128e+01
9.991177e-01 -1.351046e-03 -4.197711e-02 -6.608161e-01 1.611668e-03 9.999796e-01 6.175427e-03 -2.029090e-02 4.196792e-02 -6.237632e-03 9.990995e-01 3.465222e+01
9.990182e-01 -1.615245e-04 -4.430130e-02 -7.021655e-01 3.929453e-04 9.999863e-01 5.215130e-03 -1.168062e-02 4.429986e-02 -5.227418e-03 9.990046e-01 3.535315e+01
9.989626e-01 6.213916e-04 -4.553414e-02 -7.322181e-01 -3.306498e-04 9.999795e-01 6.392391e-03 -9.032220e-03 4.553719e-02 -6.370704e-03 9.989423e-01 3.603844e+01
9.989355e-01 2.620491e-03 -4.605502e-02 -7.748121e-01 -2.238350e-03 9.999627e-01 8.347084e-03 -8.823071e-03 4.607518e-02 -8.235112e-03 9.989040e-01 3.673245e+01
9.988945e-01 4.329930e-03 -4.680873e-02 -8.125457e-01 -3.915657e-03 9.999524e-01 8.938414e-03 -4.569154e-04 4.684520e-02 -8.745246e-03 9.988639e-01 3.739540e+01
9.989321e-01 7.905897e-03 -4.551995e-02 -8.435287e-01 -7.574162e-03 9.999435e-01 7.455565e-03 -6.812415e-03 4.557632e-02 -7.102828e-03 9.989356e-01 3.806629e+01
9.989674e-01 1.029971e-02 -4.424918e-02 -8.824973e-01 -1.009223e-02 9.999370e-01 4.909757e-03 -7.106843e-03 4.429696e-02 -4.458115e-03 9.990085e-01 3.873043e+01
9.990662e-01 1.051542e-02 -4.190594e-02 -9.109024e-01 -1.040644e-02 9.999419e-01 2.817776e-03 -4.045008e-03 4.193314e-02 -2.379053e-03 9.991176e-01 3.936616e+01
9.991836e-01 1.138492e-02 -3.876296e-02 -9.403777e-01 -1.126388e-02 9.999310e-01 3.339666e-03 -3.665006e-04 3.879831e-02 -2.900318e-03 9.992429e-01 4.000480e+01
9.992325e-01 1.589535e-02 -3.580121e-02 -9.658031e-01 -1.568435e-02 9.998580e-01 6.166853e-03 -5.511454e-03 3.589415e-02 -5.600602e-03 9.993399e-01 4.066602e+01
9.992835e-01 2.007165e-02 -3.208817e-02 -1.003822e+00 -1.979511e-02 9.997643e-01 8.912773e-03 6.412702e-03 3.225951e-02 -8.271198e-03 9.994453e-01 4.126863e+01
9.993045e-01 2.455234e-02 -2.806600e-02 -1.040272e+00 -2.428356e-02 9.996563e-01 9.877759e-03 1.433108e-02 2.829888e-02 -9.189347e-03 9.995573e-01 4.187865e+01
9.993307e-01 2.858735e-02 -2.282498e-02 -1.060871e+00 -2.835473e-02 9.995433e-01 1.045077e-02 1.169836e-02 2.311332e-02 -9.796583e-03 9.996849e-01 4.249066e+01
9.993372e-01 3.212144e-02 -1.713101e-02 -1.084864e+00 -3.190956e-02 9.994126e-01 1.250153e-02 1.729589e-02 1.752252e-02 -1.194660e-02 9.997751e-01 4.305501e+01
9.992828e-01 3.630295e-02 -1.076884e-02 -1.094025e+00 -3.616254e-02 9.992619e-01 1.295884e-02 2.652760e-02 1.123134e-02 -1.256011e-02 9.998580e-01 4.360267e+01
9.991906e-01 4.011581e-02 -2.994082e-03 -1.109756e+00 -4.007170e-02 9.991047e-01 1.356893e-02 2.893277e-02 3.535730e-03 -1.343797e-02 9.999035e-01 4.412456e+01
9.990672e-01 4.304482e-02 3.443622e-03 -1.114108e+00 -4.308765e-02 9.989798e-01 1.351727e-02 2.988176e-02 -2.858261e-03 -1.365304e-02 9.999027e-01 4.464531e+01
9.987942e-01 4.768465e-02 1.167727e-02 -1.115933e+00 -4.783611e-02 9.987699e-01 1.305309e-02 3.304020e-02 -1.104048e-02 -1.359595e-02 9.998466e-01 4.511170e+01
9.984526e-01 5.240281e-02 1.860996e-02 -1.116595e+00 -5.260906e-02 9.985571e-01 1.077117e-02 3.752086e-02 -1.801867e-02 -1.173355e-02 9.997688e-01 4.559267e+01
9.982064e-01 5.426005e-02 2.529298e-02 -1.123541e+00 -5.447650e-02 9.984834e-01 7.948140e-03 3.950012e-02 -2.482336e-02 -9.311759e-03 9.996485e-01 4.604633e+01
9.978184e-01 5.610136e-02 3.480002e-02 -1.088884e+00 -5.639370e-02 9.983806e-01 7.475824e-03 3.501342e-02 -3.432427e-02 -9.422018e-03 9.993663e-01 4.645473e+01
9.976122e-01 5.442925e-02 4.251401e-02 -1.073535e+00 -5.483709e-02 9.984593e-01 8.485655e-03 4.002120e-02 -4.198664e-02 -1.079674e-02 9.990598e-01 4.686661e+01
9.971209e-01 5.611288e-02 5.100219e-02 -1.057041e+00 -5.664293e-02 9.983539e-01 9.006134e-03 4.070488e-02 -5.041287e-02 -1.186912e-02 9.986579e-01 4.723262e+01
9.965237e-01 5.862459e-02 5.919200e-02 -1.034160e+00 -5.926632e-02 9.982003e-01 9.143255e-03 4.323014e-02 -5.854946e-02 -1.261956e-02 9.982047e-01 4.759888e+01
9.957204e-01 6.267725e-02 6.791521e-02 -1.019279e+00 -6.339292e-02 9.979530e-01 8.432129e-03 4.612245e-02 -6.724769e-02 -1.270139e-02 9.976555e-01 4.792133e+01
9.948023e-01 6.726169e-02 7.644783e-02 -9.992227e-01 -6.810580e-02 9.976420e-01 8.485743e-03 4.439253e-02 -7.569681e-02 -1.364818e-02 9.970375e-01 4.822656e+01
9.940274e-01 6.699633e-02 8.614485e-02 -9.606138e-01 -6.800896e-02 9.976453e-01 8.871137e-03 4.394397e-02 -8.534767e-02 -1.467678e-02 9.962431e-01 4.851637e+01
9.930736e-01 6.594297e-02 9.724427e-02 -9.229141e-01 -6.694663e-02 9.977314e-01 7.091047e-03 4.047057e-02 -9.655606e-02 -1.355211e-02 9.952353e-01 4.877428e+01
9.919326e-01 6.480895e-02 1.089470e-01 -8.843301e-01 -6.552147e-02 9.978467e-01 2.969099e-03 4.131977e-02 -1.085199e-01 -1.008351e-02 9.940431e-01 4.902870e+01
9.904906e-01 6.558695e-02 1.209414e-01 -8.630900e-01 -6.596390e-02 9.978216e-01 -8.885574e-04 3.971663e-02 -1.207362e-01 -7.097657e-03 9.926593e-01 4.930748e+01
9.882299e-01 6.764545e-02 1.372069e-01 -8.104672e-01 -6.787034e-02 9.976895e-01 -3.044036e-03 3.160249e-02 -1.370958e-01 -6.304070e-03 9.905377e-01 4.956072e+01
9.856167e-01 6.954903e-02 1.540219e-01 -7.542150e-01 -6.965167e-02 9.975601e-01 -4.736302e-03 3.165501e-02 -1.539755e-01 -6.059704e-03 9.880561e-01 4.982549e+01
9.828123e-01 7.005677e-02 1.707980e-01 -7.006020e-01 -7.005015e-02 9.975250e-01 -6.072809e-03 2.929879e-02 -1.708007e-01 -5.995992e-03 9.852874e-01 5.006979e+01
9.795530e-01 6.926214e-02 1.888881e-01 -6.366900e-01 -6.913567e-02 9.975808e-01 -7.266379e-03 2.950138e-02 -1.889344e-01 -5.941100e-03 9.819717e-01 5.030183e+01
9.758994e-01 6.800122e-02 2.073551e-01 -5.701618e-01 -6.785300e-02 9.976646e-01 -7.835370e-03 2.316804e-02 -2.074036e-01 -6.423131e-03 9.782344e-01 5.057767e+01
9.715822e-01 6.828108e-02 2.266400e-01 -5.112572e-01 -6.797121e-02 9.976450e-01 -9.180457e-03 2.210352e-02 -2.267332e-01 -6.485429e-03 9.739353e-01 5.082618e+01
9.660203e-01 7.017972e-02 2.487560e-01 -4.267394e-01 -6.951809e-02 9.975149e-01 -1.145472e-02 2.172508e-02 -2.489417e-01 -6.227547e-03 9.684985e-01 5.104642e+01
9.596214e-01 7.202434e-02 2.719177e-01 -3.354021e-01 -7.098223e-02 9.973838e-01 -1.368001e-02 1.789699e-02 -2.721916e-01 -6.173694e-03 9.622233e-01 5.127317e+01
9.522828e-01 7.325480e-02 2.962958e-01 -2.510519e-01 -7.215108e-02 9.972858e-01 -1.467367e-02 1.021702e-02 -2.965665e-01 -7.404575e-03 9.549835e-01 5.151843e+01
9.438729e-01 7.564303e-02 3.215307e-01 -1.576881e-01 -7.442043e-02 9.970968e-01 -1.611041e-02 5.322074e-03 -3.218159e-01 -8.722273e-03 9.467621e-01 5.176340e+01
9.339440e-01 7.784625e-02 3.488387e-01 -4.831729e-02 -7.654688e-02 9.969119e-01 -1.753060e-02 2.829484e-03 -3.491262e-01 -1.032992e-02 9.370188e-01 5.201378e+01
9.228356e-01 7.881995e-02 3.770437e-01 6.956117e-02 -7.730496e-02 9.968231e-01 -1.917493e-02 -5.124734e-03 -3.773573e-01 -1.145204e-02 9.259970e-01 5.225424e+01
9.100692e-01 7.743422e-02 4.071585e-01 2.181313e-01 -7.528620e-02 9.969340e-01 -2.132133e-02 -1.238983e-02 -4.075612e-01 -1.124953e-02 9.131086e-01 5.247995e+01
8.952136e-01 7.519436e-02 4.392475e-01 3.641493e-01 -7.181252e-02 9.971212e-01 -2.433785e-02 -2.621081e-02 -4.398131e-01 -9.755892e-03 8.980363e-01 5.271823e+01
8.779708e-01 7.422516e-02 4.729248e-01 5.253522e-01 -6.908796e-02 9.972105e-01 -2.825164e-02 -3.849679e-02 -4.737026e-01 -7.869295e-03 8.806497e-01 5.293869e+01
8.585112e-01 7.611502e-02 5.071143e-01 7.015534e-01 -6.853408e-02 9.970817e-01 -3.363268e-02 -4.812532e-02 -5.081944e-01 -5.880585e-03 8.612223e-01 5.316351e+01
8.365556e-01 7.788583e-02 5.423177e-01 8.794646e-01 -6.784897e-02 9.969518e-01 -3.851798e-02 -5.216085e-02 -5.436646e-01 -4.573262e-03 8.392901e-01 5.339485e+01
8.121857e-01 8.081696e-02 5.777741e-01 1.076959e+00 -6.886788e-02 9.967155e-01 -4.260836e-02 -6.333474e-02 -5.793199e-01 -5.184173e-03 8.150838e-01 5.361778e+01
7.847844e-01 8.430409e-02 6.140084e-01 1.307762e+00 -7.108223e-02 9.964112e-01 -4.595593e-02 -7.909309e-02 -6.156792e-01 -7.579591e-03 7.879605e-01 5.384973e+01
7.548130e-01 8.870941e-02 6.499138e-01 1.522098e+00 -7.455986e-02 9.959945e-01 -4.935321e-02 -8.714386e-02 -6.516887e-01 -1.120504e-02 7.584038e-01 5.408970e+01
7.219903e-01 9.076836e-02 6.859235e-01 1.773268e+00 -7.525138e-02 9.957783e-01 -5.256329e-02 -9.960613e-02 -6.877989e-01 -1.366651e-02 7.257727e-01 5.431843e+01
6.855324e-01 8.875681e-02 7.226116e-01 2.086275e+00 -7.218503e-02 9.959366e-01 -5.384771e-02 -1.241542e-01 -7.244548e-01 -1.524739e-02 6.891537e-01 5.455520e+01
6.463371e-01 8.742203e-02 7.580275e-01 2.396771e+00 -6.923355e-02 9.960365e-01 -5.583877e-02 -1.477774e-01 -7.599047e-01 -1.639027e-02 6.498279e-01 5.476929e+01
6.043405e-01 8.746494e-02 7.919106e-01 2.729356e+00 -6.750441e-02 9.960030e-01 -5.849106e-02 -1.667151e-01 -7.938613e-01 -1.810894e-02 6.078292e-01 5.498494e+01
5.583581e-01 8.713999e-02 8.250108e-01 3.089375e+00 -6.400005e-02 9.960290e-01 -6.188890e-02 -1.892629e-01 -8.271277e-01 -1.824456e-02 5.617179e-01 5.518934e+01
5.106888e-01 8.639974e-02 8.554134e-01 3.483191e+00 -6.078133e-02 9.960766e-01 -6.432026e-02 -2.166010e-01 -8.576145e-01 -1.914553e-02 5.139366e-01 5.538802e+01
4.620401e-01 8.451917e-02 8.828224e-01 3.895223e+00 -5.887158e-02 9.961758e-01 -6.455989e-02 -2.501403e-01 -8.849029e-01 -2.214390e-02 4.652489e-01 5.555374e+01
4.127538e-01 8.240656e-02 9.071071e-01 4.317978e+00 -5.856816e-02 9.962391e-01 -6.385399e-02 -2.770001e-01 -9.089577e-01 -2.677161e-02 4.160279e-01 5.572366e+01
3.630333e-01 8.245602e-02 9.281206e-01 4.765081e+00 -6.114097e-02 9.960381e-01 -6.457473e-02 -2.970309e-01 -9.297681e-01 -3.330342e-02 3.666364e-01 5.588910e+01
3.119756e-01 8.239472e-02 9.465106e-01 5.235105e+00 -5.935699e-02 9.959766e-01 -6.713637e-02 -3.123297e-01 -9.482342e-01 -3.523710e-02 3.156111e-01 5.600350e+01
2.655236e-01 7.935102e-02 9.608333e-01 5.718133e+00 -4.906197e-02 9.964280e-01 -6.873250e-02 -3.495414e-01 -9.628552e-01 -2.889028e-02 2.684682e-01 5.610032e+01
2.214056e-01 7.371279e-02 9.723919e-01 6.203157e+00 -3.551001e-02 9.970872e-01 -6.749950e-02 -3.895430e-01 -9.745351e-01 -1.958488e-02 2.233782e-01 5.617403e+01
1.790360e-01 7.167983e-02 9.812278e-01 6.734800e+00 -2.556633e-02 9.973446e-01 -6.819231e-02 -4.310294e-01 -9.835103e-01 -1.287752e-02 1.803931e-01 5.622977e+01
1.408400e-01 7.434325e-02 9.872371e-01 7.248791e+00 -2.209163e-02 9.971643e-01 -7.193920e-02 -4.543227e-01 -9.897859e-01 -1.167776e-02 1.420829e-01 5.627286e+01
1.075735e-01 7.429985e-02 9.914169e-01 7.786015e+00 -1.416739e-02 9.972168e-01 -7.319729e-02 -4.908015e-01 -9.940962e-01 -6.171697e-03 1.083267e-01 5.630635e+01
7.824027e-02 7.338987e-02 9.942295e-01 8.346880e+00 -6.358075e-03 9.973031e-01 -7.311641e-02 -5.426717e-01 -9.969143e-01 -6.007356e-04 7.849588e-02 5.632135e+01
5.345660e-02 7.161310e-02 9.959989e-01 8.911758e+00 -3.706486e-04 9.974265e-01 -7.169584e-02 -5.765462e-01 -9.985701e-01 3.463453e-03 5.334557e-02 5.633593e+01
3.302493e-02 7.022771e-02 9.969841e-01 9.476618e+00 5.745819e-03 9.974985e-01 -7.045427e-02 -6.074758e-01 -9.994380e-01 8.055241e-03 3.253880e-02 5.633079e+01
1.741990e-02 7.132324e-02 9.973011e-01 1.007280e+01 8.282752e-03 9.974080e-01 -7.147555e-02 -6.452913e-01 -9.998140e-01 9.505498e-03 1.678400e-02 5.633733e+01
3.353415e-03 7.173071e-02 9.974184e-01 1.064918e+01 9.212103e-03 9.973795e-01 -7.175888e-02 -6.828902e-01 -9.999520e-01 9.428962e-03 2.683837e-03 5.632858e+01
-8.339313e-03 7.254473e-02 9.973303e-01 1.125315e+01 9.917217e-03 9.973219e-01 -7.246119e-02 -7.136637e-01 -9.999161e-01 9.286467e-03 -9.036421e-03 5.632775e+01
-1.768808e-02 7.532356e-02 9.970022e-01 1.187892e+01 1.478317e-02 9.970690e-01 -7.506633e-02 -7.517502e-01 -9.997343e-01 1.341107e-02 -1.874976e-02 5.630073e+01
-2.393728e-02 7.704107e-02 9.967405e-01 1.250768e+01 1.867409e-02 9.968867e-01 -7.660390e-02 -8.039087e-01 -9.995391e-01 1.677954e-02 -2.530143e-02 5.626780e+01
-2.876944e-02 7.658644e-02 9.966478e-01 1.313010e+01 1.969443e-02 9.969104e-01 -7.603811e-02 -8.462168e-01 -9.993921e-01 1.744084e-02 -3.018888e-02 5.624758e+01
-3.255930e-02 7.376969e-02 9.967436e-01 1.378764e+01 1.734567e-02 9.971639e-01 -7.323419e-02 -8.870455e-01 -9.993193e-01 1.490473e-02 -3.374654e-02 5.624022e+01
-3.500333e-02 6.774646e-02 9.970883e-01 1.445761e+01 1.524821e-02 9.976198e-01 -6.724728e-02 -9.252836e-01 -9.992709e-01 1.284994e-02 -3.595303e-02 5.621427e+01
-3.671503e-02 6.186689e-02 9.974089e-01 1.511778e+01 1.587714e-02 9.979920e-01 -6.131861e-02 -9.632356e-01 -9.991997e-01 1.358468e-02 -3.762357e-02 5.619521e+01
-3.728737e-02 5.947148e-02 9.975333e-01 1.579917e+01 1.891063e-02 9.980908e-01 -5.879784e-02 -9.979631e-01 -9.991257e-01 1.667157e-02 -3.834082e-02 5.616281e+01
-3.693990e-02 6.077967e-02 9.974674e-01 1.650710e+01 2.292358e-02 9.979376e-01 -5.995937e-02 -1.039988e+00 -9.990546e-01 2.065063e-02 -3.825700e-02 5.613278e+01
-3.620366e-02 6.832286e-02 9.970061e-01 1.721281e+01 2.406883e-02 9.974304e-01 -6.747793e-02 -1.081146e+00 -9.990546e-01 2.155383e-02 -3.775508e-02 5.610700e+01
-3.404254e-02 7.527373e-02 9.965816e-01 1.791069e+01 2.320720e-02 9.969503e-01 -7.450883e-02 -1.128553e+00 -9.991509e-01 2.059141e-02 -3.568561e-02 5.607985e+01
-3.229309e-02 7.711410e-02 9.964991e-01 1.863535e+01 2.354841e-02 9.968011e-01 -7.637435e-02 -1.179299e+00 -9.992010e-01 2.099961e-02 -3.400570e-02 5.607363e+01
-2.898657e-02 7.322617e-02 9.968940e-01 1.937499e+01 2.407287e-02 9.970750e-01 -7.253949e-02 -1.223722e+00 -9.992899e-01 2.189544e-02 -3.066455e-02 5.604555e+01
-2.733293e-02 6.634262e-02 9.974224e-01 2.010046e+01 2.408451e-02 9.975493e-01 -6.569105e-02 -1.270760e+00 -9.993362e-01 2.222690e-02 -2.886377e-02 5.602629e+01
-2.436889e-02 6.466928e-02 9.976091e-01 2.085012e+01 2.224773e-02 9.976934e-01 -6.413130e-02 -1.306925e+00 -9.994555e-01 2.063173e-02 -2.575142e-02 5.601158e+01
-2.127845e-02 6.947211e-02 9.973569e-01 2.156540e+01 2.809177e-02 9.972305e-01 -6.886396e-02 -1.366661e+00 -9.993789e-01 2.655221e-02 -2.317111e-02 5.599301e+01
-1.835264e-02 7.451221e-02 9.970512e-01 2.229122e+01 3.123889e-02 9.967750e-01 -7.391656e-02 -1.423145e+00 -9.993435e-01 2.979022e-02 -2.062113e-02 5.597876e+01
-1.517356e-02 7.571745e-02 9.970138e-01 2.304285e+01 2.589912e-02 9.968239e-01 -7.530886e-02 -1.465428e+00 -9.995494e-01 2.467908e-02 -1.708638e-02 5.598138e+01
-1.142444e-02 7.291166e-02 9.972729e-01 2.379473e+01 2.004558e-02 9.971543e-01 -7.267335e-02 -1.511757e+00 -9.997338e-01 1.916067e-02 -1.285349e-02 5.598764e+01
-8.155676e-03 6.873116e-02 9.976018e-01 2.453859e+01 2.330422e-02 9.973772e-01 -6.852516e-02 -1.576660e+00 -9.996952e-01 2.268946e-02 -9.736010e-03 5.597940e+01
-5.089420e-03 6.944375e-02 9.975729e-01 2.527472e+01 2.897633e-02 9.971771e-01 -6.926837e-02 -1.622556e+00 -9.995672e-01 2.855347e-02 -7.087278e-03 5.597285e+01
-1.652602e-03 7.386059e-02 9.972672e-01 2.598434e+01 2.923659e-02 9.968458e-01 -7.378093e-02 -1.673261e+00 -9.995712e-01 2.903477e-02 -3.806820e-03 5.597206e+01
1.746821e-03 7.527750e-02 9.971611e-01 2.672681e+01 2.459021e-02 9.968579e-01 -7.529769e-02 -1.725257e+00 -9.996961e-01 2.465194e-02 -1.097568e-04 5.598458e+01
5.952213e-03 7.462018e-02 9.971942e-01 2.748248e+01 2.267628e-02 9.969454e-01 -7.473691e-02 -1.782310e+00 -9.997252e-01 2.305751e-02 4.241924e-03 5.599945e+01
9.492853e-03 7.209828e-02 9.973523e-01 2.823192e+01 2.691671e-02 9.970175e-01 -7.233026e-02 -1.834784e+00 -9.995926e-01 2.753207e-02 7.523892e-03 5.599124e+01
1.207793e-02 7.222157e-02 9.973154e-01 2.895430e+01 3.174182e-02 9.968579e-01 -7.257284e-02 -1.886476e+00 -9.994232e-01 3.253314e-02 9.747537e-03 5.600621e+01
1.564735e-02 7.267939e-02 9.972326e-01 2.968815e+01 3.459782e-02 9.967181e-01 -7.318476e-02 -1.943088e+00 -9.992789e-01 3.564723e-02 1.308145e-02 5.601478e+01
1.926680e-02 7.244577e-02 9.971862e-01 3.043322e+01 3.528920e-02 9.967006e-01 -7.309232e-02 -1.995446e+00 -9.991914e-01 3.659816e-02 1.664667e-02 5.603724e+01
2.242486e-02 7.149751e-02 9.971886e-01 3.117002e+01 3.667702e-02 9.967092e-01 -7.228793e-02 -2.041318e+00 -9.990756e-01 3.819496e-02 1.972875e-02 5.605111e+01
2.563195e-02 7.042040e-02 9.971880e-01 3.191077e+01 3.962318e-02 9.966603e-01 -7.140162e-02 -2.099343e+00 -9.988859e-01 4.134192e-02 2.275607e-02 5.606409e+01
2.958532e-02 7.052763e-02 9.970710e-01 3.267242e+01 3.759940e-02 9.967232e-01 -7.161869e-02 -2.140027e+00 -9.988549e-01 3.960813e-02 2.683658e-02 5.608924e+01
3.293211e-02 7.191550e-02 9.968669e-01 3.341321e+01 3.407754e-02 9.967472e-01 -7.303263e-02 -2.190114e+00 -9.988765e-01 3.637590e-02 3.037428e-02 5.611840e+01
3.500074e-02 7.183016e-02 9.968025e-01 3.417030e+01 3.574130e-02 9.966857e-01 -7.307672e-02 -2.250638e+00 -9.987480e-01 3.818477e-02 3.231744e-02 5.615662e+01
3.786877e-02 7.163245e-02 9.967119e-01 3.491888e+01 3.388262e-02 9.967618e-01 -7.292336e-02 -2.300080e+00 -9.987082e-01 3.653274e-02 3.531905e-02 5.618040e+01
3.926407e-02 7.202143e-02 9.966299e-01 3.567601e+01 3.227372e-02 9.967873e-01 -7.330428e-02 -2.351963e+00 -9.987076e-01 3.504318e-02 3.681353e-02 5.622918e+01
4.336205e-02 7.189389e-02 9.964692e-01 3.641833e+01 3.003500e-02 9.968628e-01 -7.322928e-02 -2.402988e+00 -9.986079e-01 3.310433e-02 4.106668e-02 5.626711e+01
4.544053e-02 7.388836e-02 9.962307e-01 3.717577e+01 2.826324e-02 9.967665e-01 -7.521726e-02 -2.451209e+00 -9.985672e-01 3.157463e-02 4.320528e-02 5.630465e+01
4.847374e-02 7.681022e-02 9.958667e-01 3.793008e+01 2.717486e-02 9.965683e-01 -7.818706e-02 -2.510152e+00 -9.984548e-01 3.085256e-02 4.622008e-02 5.634612e+01
5.292456e-02 7.889953e-02 9.954767e-01 3.869344e+01 2.672105e-02 9.964050e-01 -8.039373e-02 -2.572753e+00 -9.982410e-01 3.085498e-02 5.062602e-02 5.638929e+01
5.565549e-02 8.154016e-02 9.951149e-01 3.947210e+01 2.197517e-02 9.963182e-01 -8.286780e-02 -2.627914e+00 -9.982082e-01 2.647987e-02 5.365872e-02 5.644747e+01
5.821777e-02 8.113147e-02 9.950017e-01 4.024821e+01 1.704687e-02 9.964661e-01 -8.224829e-02 -2.679248e+00 -9.981584e-01 2.174998e-02 5.662899e-02 5.650946e+01
6.224842e-02 8.105465e-02 9.947639e-01 4.104143e+01 1.846743e-02 9.964327e-01 -8.234624e-02 -2.747357e+00 -9.978899e-01 2.349666e-02 6.052949e-02 5.655367e+01
6.536707e-02 8.174960e-02 9.945070e-01 4.182080e+01 1.936112e-02 9.963470e-01 -8.317342e-02 -2.813871e+00 -9.976735e-01 2.469158e-02 6.354552e-02 5.662020e+01
6.903119e-02 8.301331e-02 9.941546e-01 4.260785e+01 1.545237e-02 9.963234e-01 -8.426736e-02 -2.872454e+00 -9.974949e-01 2.117913e-02 6.749464e-02 5.667931e+01
7.358307e-02 8.238339e-02 9.938805e-01 4.340327e+01 1.392242e-02 9.964002e-01 -8.362300e-02 -2.926468e+00 -9.971919e-01 1.999047e-02 7.217121e-02 5.674971e+01
7.812380e-02 8.086161e-02 9.936589e-01 4.417858e+01 1.515014e-02 9.964938e-01 -8.228345e-02 -2.996673e+00 -9.968286e-01 2.148237e-02 7.662482e-02 5.681528e+01
8.344558e-02 8.495355e-02 9.928845e-01 4.499506e+01 1.195370e-02 9.962025e-01 -8.624207e-02 -3.049576e+00 -9.964407e-01 1.906516e-02 8.211319e-02 5.689297e+01
8.887238e-02 9.300851e-02 9.916910e-01 4.577986e+01 8.274972e-03 9.955274e-01 -9.410990e-02 -3.127890e+00 -9.960087e-01 1.656999e-02 8.770525e-02 5.696766e+01
9.596284e-02 9.718681e-02 9.906290e-01 4.656956e+01 6.060049e-03 9.951466e-01 -9.821705e-02 -3.205597e+00 -9.953665e-01 1.542845e-02 9.490814e-02 5.705800e+01
1.033100e-01 1.003054e-01 9.895786e-01 4.738272e+01 1.939858e-03 9.948799e-01 -1.010452e-01 -3.272799e+00 -9.946474e-01 1.235863e-02 1.025864e-01 5.715339e+01
1.111363e-01 9.956455e-02 9.888051e-01 4.819776e+01 -8.267742e-04 9.949777e-01 -1.000931e-01 -3.354566e+00 -9.938049e-01 1.030646e-02 1.106604e-01 5.726471e+01
1.182400e-01 9.757032e-02 9.881798e-01 4.900456e+01 -1.185180e-03 9.951740e-01 -9.811910e-02 -3.428251e+00 -9.929844e-01 1.043044e-02 1.177850e-01 5.737330e+01
1.254643e-01 9.448251e-02 9.875888e-01 4.982160e+01 -1.460298e-03 9.954713e-01 -9.505111e-02 -3.508616e+00 -9.920971e-01 1.048335e-02 1.250341e-01 5.746791e+01
1.337857e-01 8.874202e-02 9.870290e-01 5.064011e+01 -3.354006e-03 9.960174e-01 -8.909554e-02 -3.586699e+00 -9.910046e-01 8.609209e-03 1.335505e-01 5.758440e+01
1.405355e-01 8.196507e-02 9.866770e-01 5.145777e+01 -5.314767e-03 9.966154e-01 -8.203367e-02 -3.648888e+00 -9.900614e-01 6.284686e-03 1.404954e-01 5.771806e+01
1.474331e-01 7.829288e-02 9.859684e-01 5.226104e+01 -5.443620e-03 9.969112e-01 -7.834783e-02 -3.717465e+00 -9.890571e-01 6.183832e-03 1.474039e-01 5.784158e+01
1.548071e-01 7.979706e-02 9.847168e-01 5.306529e+01 -5.211582e-03 9.967848e-01 -7.995568e-02 -3.782816e+00 -9.879310e-01 7.245780e-03 1.547253e-01 5.797177e+01
1.605951e-01 8.570408e-02 9.832924e-01 5.383778e+01 -5.672098e-03 9.962867e-01 -8.591027e-02 -3.846020e+00 -9.870041e-01 8.219442e-03 1.604849e-01 5.810502e+01
1.653777e-01 8.926452e-02 9.821823e-01 5.461548e+01 -7.099741e-03 9.959774e-01 -8.932283e-02 -3.912885e+00 -9.862048e-01 7.798763e-03 1.653462e-01 5.823175e+01
1.705261e-01 9.228800e-02 9.810218e-01 5.539479e+01 -8.474511e-03 9.957048e-01 -9.219619e-02 -3.987134e+00 -9.853168e-01 7.408180e-03 1.705757e-01 5.837835e+01
1.757110e-01 9.277173e-02 9.800607e-01 5.616103e+01 -1.045762e-02 9.956694e-01 -9.237434e-02 -4.058775e+00 -9.843863e-01 5.982091e-03 1.759203e-01 5.852443e+01
1.802733e-01 8.952408e-02 9.795340e-01 5.692713e+01 -8.177410e-03 9.959515e-01 -8.951958e-02 -4.127859e+00 -9.835826e-01 8.127943e-03 1.802756e-01 5.866477e+01
1.856836e-01 8.412137e-02 9.790021e-01 5.769818e+01 -7.700469e-03 9.964227e-01 -8.415772e-02 -4.197877e+00 -9.825794e-01 8.087936e-03 1.856671e-01 5.880887e+01
1.887106e-01 7.746136e-02 9.789729e-01 5.842932e+01 -7.683814e-03 9.969702e-01 -7.740424e-02 -4.259329e+00 -9.820027e-01 7.084758e-03 1.887341e-01 5.896365e+01
1.913822e-01 7.370794e-02 9.787441e-01 5.917686e+01 -1.003366e-02 9.972711e-01 -7.314122e-02 -4.307513e+00 -9.814643e-01 4.177548e-03 1.915995e-01 5.912014e+01
1.956653e-01 7.317481e-02 9.779368e-01 5.991347e+01 -1.291830e-02 9.973181e-01 -7.204033e-02 -4.373248e+00 -9.805857e-01 1.462509e-03 1.960858e-01 5.927484e+01
1.976218e-01 7.530061e-02 9.773819e-01 6.060380e+01 -1.471495e-02 9.971609e-01 -7.384915e-02 -4.428417e+00 -9.801679e-01 2.120751e-04 1.981687e-01 5.943113e+01
1.996522e-01 7.927699e-02 9.766545e-01 6.131555e+01 -1.772457e-02 9.968509e-01 -7.729303e-02 -4.484819e+00 -9.797065e-01 -1.879064e-03 2.004286e-01 5.957971e+01
2.013985e-01 8.347786e-02 9.759457e-01 6.199746e+01 -1.948293e-02 9.965061e-01 -8.121595e-02 -4.538821e+00 -9.793156e-01 -2.657510e-03 2.023212e-01 5.973025e+01
2.025115e-01 8.865885e-02 9.752582e-01 6.268882e+01 -2.062728e-02 9.960585e-01 -8.626652e-02 -4.593716e+00 -9.790627e-01 -2.646964e-03 2.035421e-01 5.987995e+01
2.049825e-01 9.093163e-02 9.745325e-01 6.336394e+01 -2.140663e-02 9.958534e-01 -8.841838e-02 -4.661398e+00 -9.785315e-01 -2.737231e-03 2.060791e-01 6.003672e+01
2.064650e-01 9.109837e-02 9.742039e-01 6.402722e+01 -2.231501e-02 9.958358e-01 -8.839191e-02 -4.716343e+00 -9.781995e-01 -3.489529e-03 2.076381e-01 6.019346e+01
2.063311e-01 8.853455e-02 9.744686e-01 6.468001e+01 -2.273363e-02 9.960631e-01 -8.568294e-02 -4.775893e+00 -9.782181e-01 -4.474153e-03 2.075315e-01 6.033854e+01
2.073703e-01 8.557871e-02 9.745121e-01 6.533205e+01 -2.124063e-02 9.963253e-01 -8.297440e-02 -4.831226e+00 -9.780319e-01 -3.492827e-03 2.084260e-01 6.047416e+01
2.074670e-01 8.477479e-02 9.745618e-01 6.596947e+01 -2.172412e-02 9.963915e-01 -8.204903e-02 -4.883573e+00 -9.780008e-01 -4.149030e-03 2.085600e-01 6.061983e+01
2.061254e-01 8.370609e-02 9.749387e-01 6.660524e+01 -2.203192e-02 9.964789e-01 -8.089740e-02 -4.936821e+00 -9.782776e-01 -4.804759e-03 2.072438e-01 6.075827e+01
2.052153e-01 8.380029e-02 9.751226e-01 6.722171e+01 -2.187785e-02 9.964715e-01 -8.103076e-02 -4.991389e+00 -9.784723e-01 -4.704832e-03 2.063246e-01 6.088631e+01
2.015402e-01 8.674314e-02 9.756317e-01 6.784684e+01 -2.365113e-02 9.962114e-01 -8.368717e-02 -5.044504e+00 -9.791947e-01 -6.208459e-03 2.028282e-01 6.101970e+01
1.997553e-01 9.027988e-02 9.756779e-01 6.844577e+01 -2.293408e-02 9.959043e-01 -8.745603e-02 -5.102101e+00 -9.795774e-01 -4.906472e-03 2.010076e-01 6.115496e+01
1.982201e-01 9.130229e-02 9.758958e-01 6.904184e+01 -2.192472e-02 9.958159e-01 -8.871270e-02 -5.157445e+00 -9.799123e-01 -3.811594e-03 1.993925e-01 6.127514e+01
1.959104e-01 9.067358e-02 9.764207e-01 6.964150e+01 -2.154489e-02 9.958735e-01 -8.815724e-02 -5.208907e+00 -9.803851e-01 -3.765954e-03 1.970555e-01 6.139764e+01
1.942093e-01 8.745293e-02 9.770541e-01 7.022566e+01 -2.107543e-02 9.961603e-01 -8.497389e-02 -5.259396e+00 -9.807337e-01 -4.089110e-03 1.953067e-01 6.152126e+01
1.916440e-01 8.393246e-02 9.778690e-01 7.080760e+01 -2.087959e-02 9.964598e-01 -8.143613e-02 -5.308751e+00 -9.812424e-01 -4.810762e-03 1.927180e-01 6.163537e+01
1.898028e-01 8.242555e-02 9.783562e-01 7.136090e+01 -1.760537e-02 9.965953e-01 -8.054671e-02 -5.358390e+00 -9.816644e-01 -1.936329e-03 1.906077e-01 6.174867e+01
1.879335e-01 8.350527e-02 9.786255e-01 7.190850e+01 -1.498441e-02 9.965070e-01 -8.215351e-02 -5.410948e+00 -9.820675e-01 7.752760e-04 1.885284e-01 6.185864e+01
1.855228e-01 8.519250e-02 9.789400e-01 7.245306e+01 -1.094521e-02 9.963520e-01 -8.463352e-02 -5.464053e+00 -9.825790e-01 4.986745e-03 1.857785e-01 6.194797e+01
1.838524e-01 8.750912e-02 9.790508e-01 7.300079e+01 -1.082513e-02 9.961491e-01 -8.700459e-02 -5.501854e+00 -9.828943e-01 5.397654e-03 1.840917e-01 6.204343e+01
1.828568e-01 8.962701e-02 9.790456e-01 7.354346e+01 -1.172315e-02 9.959639e-01 -8.898625e-02 -5.553283e+00 -9.830697e-01 4.794245e-03 1.831694e-01 6.215213e+01
1.812913e-01 8.895924e-02 9.793976e-01 7.408591e+01 -1.046986e-02 9.960184e-01 -8.853089e-02 -5.595256e+00 -9.833737e-01 5.795724e-03 1.815008e-01 6.225997e+01
1.812960e-01 8.680380e-02 9.795901e-01 7.461968e+01 -4.218234e-03 9.961564e-01 -8.749109e-02 -5.647522e+00 -9.834196e-01 1.172965e-02 1.809653e-01 6.234200e+01
1.839144e-01 8.527335e-02 9.792364e-01 7.516586e+01 9.672452e-04 9.962137e-01 -8.693341e-02 -5.688423e+00 -9.829418e-01 1.693547e-02 1.831355e-01 6.242804e+01
1.857930e-01 8.428978e-02 9.789669e-01 7.572113e+01 4.021209e-03 9.962402e-01 -8.654019e-02 -5.737676e+00 -9.825807e-01 2.001519e-02 1.847555e-01 6.252663e+01
1.890018e-01 8.407033e-02 9.783713e-01 7.627343e+01 2.559626e-03 9.962829e-01 -8.610391e-02 -5.786187e+00 -9.819734e-01 1.877806e-02 1.880840e-01 6.263367e+01
1.941894e-01 8.427418e-02 9.773373e-01 7.682055e+01 1.312259e-03 9.962797e-01 -8.616828e-02 -5.833547e+00 -9.809632e-01 1.801549e-02 1.933564e-01 6.274256e+01
2.006745e-01 8.377008e-02 9.760698e-01 7.737813e+01 1.105784e-03 9.963173e-01 -8.573515e-02 -5.879935e+00 -9.796574e-01 1.828418e-02 1.998428e-01 6.286475e+01
2.075085e-01 8.333692e-02 9.746769e-01 7.793288e+01 4.309112e-04 9.963567e-01 -8.528233e-02 -5.926331e+00 -9.782332e-01 1.811681e-02 2.067166e-01 6.298508e+01
2.156958e-01 8.187338e-02 9.730221e-01 7.850767e+01 -8.878238e-05 9.964803e-01 -8.382755e-02 -5.971676e+00 -9.764606e-01 1.799487e-02 2.149439e-01 6.312337e+01
2.249582e-01 8.161090e-02 9.709446e-01 7.908427e+01 -2.629453e-03 9.965334e-01 -8.315249e-02 -6.015917e+00 -9.743649e-01 1.615279e-02 2.243930e-01 6.327159e+01
2.336038e-01 8.127636e-02 9.689290e-01 7.964920e+01 -4.660753e-03 9.965825e-01 -8.247232e-02 -6.061175e+00 -9.723207e-01 1.474991e-02 2.331843e-01 6.341436e+01
2.432236e-01 8.429814e-02 9.663002e-01 8.024679e+01 -9.565920e-03 9.963764e-01 -8.451413e-02 -6.106879e+00 -9.699231e-01 1.131228e-02 2.431486e-01 6.358601e+01
2.523048e-01 8.690689e-02 9.637372e-01 8.083827e+01 -1.354630e-02 9.961783e-01 -8.628592e-02 -6.155039e+00 -9.675530e-01 8.715286e-03 2.525179e-01 6.373719e+01
2.635824e-01 8.933694e-02 9.604911e-01 8.143628e+01 -1.658092e-02 9.959748e-01 -8.808712e-02 -6.204612e+00 -9.644944e-01 7.292381e-03 2.640027e-01 6.392623e+01
2.737363e-01 9.089168e-02 9.575004e-01 8.205337e+01 -1.901428e-02 9.958416e-01 -8.909533e-02 -6.255298e+00 -9.616168e-01 6.182448e-03 2.743262e-01 6.411499e+01
2.838605e-01 9.192061e-02 9.544494e-01 8.267152e+01 -2.246038e-02 9.957587e-01 -8.921911e-02 -6.312496e+00 -9.586025e-01 3.888489e-03 2.847212e-01 6.432184e+01
2.930680e-01 9.248123e-02 9.516083e-01 8.329694e+01 -2.395704e-02 9.957086e-01 -8.938900e-02 -6.363873e+00 -9.557914e-01 3.399339e-03 2.940259e-01 6.452489e+01
3.035657e-01 9.274801e-02 9.482856e-01 8.391330e+01 -2.738772e-02 9.956892e-01 -8.861699e-02 -6.418175e+00 -9.524168e-01 9.296978e-04 3.047973e-01 6.473999e+01
3.170748e-01 8.854969e-02 9.442576e-01 8.459736e+01 -2.746399e-02 9.960715e-01 -8.418642e-02 -6.463715e+00 -9.480028e-01 7.603129e-04 3.182611e-01 6.497093e+01
3.239858e-01 8.289641e-02 9.424231e-01 8.524387e+01 -2.479010e-02 9.965556e-01 -7.913563e-02 -6.515281e+00 -9.457371e-01 2.276063e-03 3.249249e-01 6.520037e+01
3.365072e-01 7.753316e-02 9.384836e-01 8.592173e+01 -2.318996e-02 9.969848e-01 -7.405115e-02 -6.575133e+00 -9.413954e-01 3.155347e-03 3.372905e-01 6.544464e+01
3.472497e-01 7.460613e-02 9.348003e-01 8.660180e+01 -2.257438e-02 9.972065e-01 -7.120106e-02 -6.615992e+00 -9.375010e-01 3.622017e-03 3.479638e-01 6.571945e+01
3.559838e-01 7.084166e-02 9.318031e-01 8.727514e+01 -1.660218e-02 9.974445e-01 -6.948949e-02 -6.657040e+00 -9.343447e-01 9.267174e-03 3.562502e-01 6.598316e+01
3.649911e-01 6.701188e-02 9.285962e-01 8.796714e+01 -1.221001e-02 9.976650e-01 -6.719699e-02 -6.708025e+00 -9.309310e-01 1.318813e-02 3.649570e-01 6.624728e+01
3.736857e-01 5.863592e-02 9.257002e-01 8.871368e+01 -3.529680e-03 9.980826e-01 -6.179593e-02 -6.751513e+00 -9.275487e-01 1.982483e-02 3.731761e-01 6.653493e+01
3.787803e-01 5.295880e-02 9.239701e-01 8.943111e+01 3.065144e-03 9.982842e-01 -5.847478e-02 -6.799868e+00 -9.254816e-01 2.498120e-02 3.779681e-01 6.683022e+01
3.870125e-01 5.228540e-02 9.205908e-01 9.015297e+01 6.128306e-03 9.982231e-01 -5.927087e-02 -6.845797e+00 -9.220541e-01 2.858023e-02 3.860044e-01 6.712583e+01
3.945004e-01 5.632993e-02 9.171676e-01 9.085534e+01 9.649408e-03 9.978103e-01 -6.543328e-02 -6.885557e+00 -9.188451e-01 3.466358e-02 3.930930e-01 6.742637e+01
4.017701e-01 6.195909e-02 9.136420e-01 9.156599e+01 1.143967e-02 9.972910e-01 -7.266233e-02 -6.938028e+00 -9.156691e-01 3.964532e-02 3.999729e-01 6.774536e+01
4.070448e-01 6.524995e-02 9.110746e-01 9.228281e+01 9.328776e-03 9.970962e-01 -7.557855e-02 -6.994884e+00 -9.133606e-01 3.926307e-02 4.052541e-01 6.806497e+01
4.121154e-01 6.608816e-02 9.087316e-01 9.297614e+01 3.511332e-03 9.972433e-01 -7.411764e-02 -7.049268e+00 -9.111249e-01 3.373588e-02 4.107473e-01 6.838957e+01
4.163777e-01 6.931971e-02 9.065453e-01 9.367242e+01 -2.153823e-03 9.971617e-01 -7.525950e-02 -7.093432e+00 -9.091892e-01 2.938384e-02 4.153452e-01 6.872919e+01
4.204462e-01 7.215435e-02 9.044438e-01 9.436136e+01 -4.463294e-03 9.969853e-01 -7.746224e-02 -7.160387e+00 -9.073065e-01 2.853191e-02 4.195008e-01 6.906965e+01
4.237464e-01 7.650826e-02 9.025439e-01 9.502034e+01 -7.236670e-03 9.966805e-01 -8.109054e-02 -7.223445e+00 -9.057520e-01 2.783042e-02 4.228934e-01 6.937553e+01
4.274120e-01 7.916424e-02 9.005842e-01 9.568446e+01 -1.001061e-02 9.965121e-01 -8.284562e-02 -7.282154e+00 -9.040016e-01 2.639381e-02 4.267137e-01 6.971823e+01
4.316246e-01 7.882570e-02 8.986026e-01 9.635794e+01 -1.127312e-02 9.965682e-01 -8.200446e-02 -7.339545e+00 -9.019829e-01 2.526509e-02 4.310319e-01 7.004040e+01
4.351101e-01 7.534782e-02 8.972190e-01 9.700799e+01 -1.059087e-02 9.968516e-01 -7.857881e-02 -7.401432e+00 -9.003150e-01 2.468811e-02 4.345382e-01 7.035071e+01
4.386717e-01 7.245778e-02 8.957215e-01 9.763239e+01 -1.022284e-02 9.970820e-01 -7.565061e-02 -7.454233e+00 -8.985893e-01 2.402897e-02 4.381324e-01 7.066280e+01
4.421156e-01 7.089797e-02 8.941517e-01 9.825697e+01 -1.069520e-02 9.972171e-01 -7.378183e-02 -7.508228e+00 -8.968944e-01 2.305697e-02 4.416434e-01 7.098443e+01
4.457204e-01 7.309208e-02 8.921832e-01 9.887921e+01 -1.396633e-02 9.971074e-01 -7.471064e-02 -7.557803e+00 -8.950633e-01 2.083953e-02 4.454519e-01 7.130295e+01
4.483544e-01 7.365905e-02 8.908157e-01 9.947985e+01 -1.326976e-02 9.970375e-01 -7.576345e-02 -7.613191e+00 -8.937574e-01 2.214797e-02 4.480036e-01 7.161878e+01
4.504264e-01 7.218378e-02 8.898907e-01 1.000781e+02 -1.128348e-02 9.971069e-01 -7.516941e-02 -7.664510e+00 -8.927423e-01 2.381723e-02 4.499378e-01 7.190991e+01
4.522295e-01 7.003827e-02 8.891474e-01 1.006799e+02 -8.602991e-03 9.972082e-01 -7.417466e-02 -7.717281e+00 -8.918602e-01 2.589464e-02 4.515695e-01 7.221407e+01
4.547147e-01 7.030510e-02 8.878579e-01 1.012704e+02 -1.001588e-02 9.972201e-01 -7.383534e-02 -7.765201e+00 -8.905809e-01 2.468133e-02 4.541548e-01 7.252289e+01
4.559772e-01 6.972096e-02 8.872563e-01 1.018320e+02 -8.189826e-03 9.972133e-01 -7.415252e-02 -7.810204e+00 -8.899538e-01 2.654539e-02 4.552775e-01 7.281167e+01
4.584652e-01 7.124717e-02 8.858518e-01 1.023812e+02 -8.667578e-03 9.970923e-01 -7.570818e-02 -7.854801e+00 -8.886701e-01 2.703138e-02 4.577497e-01 7.310887e+01
4.613648e-01 7.161445e-02 8.843154e-01 1.029459e+02 -7.802943e-03 9.970259e-01 -7.667112e-02 -7.914080e+00 -8.871762e-01 2.847310e-02 4.605515e-01 7.339183e+01
4.646113e-01 7.051102e-02 8.827029e-01 1.034825e+02 -5.040997e-03 9.970192e-01 -7.698936e-02 -7.962199e+00 -8.855004e-01 3.132043e-02 4.635818e-01 7.368783e+01
4.673726e-01 6.898201e-02 8.813650e-01 1.040093e+02 -2.345600e-03 9.970444e-01 -7.679208e-02 -8.007510e+00 -8.840573e-01 3.382319e-02 4.661531e-01 7.396235e+01
4.709693e-01 6.784629e-02 8.795367e-01 1.045491e+02 -5.038706e-04 9.970586e-01 -7.664196e-02 -8.056564e+00 -8.821495e-01 3.565284e-02 4.696181e-01 7.424202e+01
4.742957e-01 6.728331e-02 8.777907e-01 1.050629e+02 5.541313e-04 9.970522e-01 -7.672421e-02 -8.097419e+00 -8.803655e-01 3.687637e-02 4.728602e-01 7.453710e+01
