1.000000000 0.000000000 0.000000000 0.000000000 0.000000000 1.000000000 0.000000000 0.000000000 0.000000000 0.000000000 1.000000000 0.000000000
0.999999225 0.000603579 0.001003888 0.010200107 -0.000598846 0.999988735 -0.004708151 -0.013200443 -0.001006718 0.004707546 0.999988377 0.901413739
0.999997497 -0.001942937 0.001210896 0.024136007 0.001949721 0.999982238 -0.005627276 -0.022774953 -0.001199941 0.005629622 0.999983430 1.792494297
0.999992371 -0.003777034 0.000942408 0.034783524 0.003778543 0.999991596 -0.001605032 -0.036566101 -0.000936338 0.001608582 0.999998271 2.692137003
0.999981642 -0.006018562 0.000637476 0.022679333 0.006015699 0.999972343 0.004398734 -0.048361760 -0.000663932 -0.004394819 0.999990106 3.631473541
0.999946594 -0.010244391 -0.001385439 0.040569626 0.010250150 0.999938548 0.004216169 -0.054127902 0.001342161 -0.004230146 0.999990106 4.534296989
0.999923050 -0.012194130 -0.002264460 0.037783802 0.012197390 0.999924600 0.001431711 -0.067214474 0.002246831 -0.001459222 0.999996364 5.419719696
0.999914467 -0.012811110 -0.002629987 0.026903024 0.012805912 0.999916017 -0.001984137 -0.078012221 0.002655185 0.001950288 0.999994576 6.316768169
0.999916077 -0.012492239 -0.003432258 0.020688858 0.012483975 0.999919116 -0.002419191 -0.091956988 0.003462202 0.002376140 0.999991179 7.196067333
0.999913573 -0.012391312 -0.004398034 0.010203872 0.012387600 0.999922872 -0.000870637 -0.102241449 0.004408484 0.000816081 0.999989927 8.109290123
0.999911666 -0.012200848 -0.005281639 0.006998371 0.012210883 0.999923646 0.001871927 -0.110680908 0.005258397 -0.001936255 0.999984264 9.009720802
0.999899209 -0.012907872 -0.005912205 -0.002214700 0.012930072 0.999909341 0.003732484 -0.126589745 0.005863491 -0.003808553 0.999975562 9.905598640
0.999880373 -0.013852859 -0.006871037 -0.001394235 0.013881943 0.999894798 0.004203561 -0.128454044 0.006812082 -0.004298442 0.999967575 10.747292519
0.999873936 -0.013919173 -0.007637769 -0.009822324 0.013952510 0.999893188 0.004328810 -0.138760656 0.007576701 -0.004434831 0.999961495 11.618264198
0.999861062 -0.014061619 -0.008951969 -0.005689822 0.014085082 0.999897480 0.002563581 -0.143725872 0.008915005 -0.002689314 0.999956667 12.493650436
0.999841571 -0.014721178 -0.010001125 -0.018686987 0.014725997 0.999891520 0.000408505 -0.149881482 0.009994026 -0.000555716 0.999949932 13.364556313
0.999795914 -0.015897715 -0.012461035 -0.017966464 0.015891235 0.999873579 -0.000618917 -0.163709894 0.012469297 0.000420770 0.999922216 14.266389847
0.999783278 -0.015785430 -0.013579429 -0.034184873 0.015763598 0.999874234 -0.001713569 -0.170364380 0.013604771 0.001499137 0.999906301 15.095335007
0.999779224 -0.014408838 -0.015287844 -0.046161383 0.014373261 0.999893785 -0.002434395 -0.184357673 0.015321296 0.002214121 0.999880195 15.967385292
0.999784112 -0.012212755 -0.016813247 -0.065471336 0.012179964 0.999923706 -0.002051442 -0.203524113 0.016837018 0.001846214 0.999856532 16.817054749
0.999739766 -0.013729162 -0.018215271 -0.089696541 0.013713113 0.999905467 -0.001005742 -0.217852294 0.018227354 0.000755692 0.999833584 17.669267654
0.999727070 -0.013058298 -0.019369535 -0.113258332 0.013060215 0.999914646 -0.000027564 -0.226227894 0.019368241 -0.000225414 0.999812424 18.528924942
0.999697089 -0.012909736 -0.020953674 -0.126303554 0.012928656 0.999916136 0.000767793 -0.241024613 0.020942004 -0.001038463 0.999780178 19.378030777
0.999654174 -0.013769737 -0.022402529 -0.144554883 0.013783356 0.999904990 0.000453603 -0.250060230 0.022394154 -0.000762228 0.999749005 20.228378296
0.999596715 -0.014112027 -0.024646176 -0.158920020 0.014124543 0.999900222 0.000333730 -0.264995754 0.024639009 -0.000681711 0.999696195 21.062171936
0.999569416 -0.013846171 -0.025870411 -0.179304034 0.013870291 0.999903440 0.000753148 -0.278779835 0.025857490 -0.001111654 0.999665022 21.877777100
0.999545693 -0.013921048 -0.026730252 -0.205817461 0.013983107 0.999899924 0.002136239 -0.280252427 0.026697837 -0.002509040 0.999640405 22.712894440
0.999497771 -0.015163891 -0.027822590 -0.227398664 0.015326278 0.999866664 0.005632606 -0.300561696 0.027733468 -0.006056195 0.999596953 23.523567200
0.999497771 -0.015329301 -0.027734691 -0.259758770 0.015514957 0.999858499 0.006491165 -0.301158547 0.027631266 -0.006918207 0.999594271 24.339962006
0.999481857 -0.013539909 -0.029199723 -0.274877876 0.013721687 0.999887586 0.006033863 -0.322169513 0.029114740 -0.006431406 0.999555349 25.141508102
0.999469280 -0.012382598 -0.030127302 -0.304217398 0.012488974 0.999916434 0.003345255 -0.328013539 0.030083364 -0.003719739 0.999540389 25.918504715
0.999426186 -0.012195698 -0.031597290 -0.317540407 0.012262020 0.999923050 0.001906051 -0.334252715 0.031571604 -0.002292405 0.999498785 26.707540512
0.999405503 -0.010553514 -0.032823365 -0.339203298 0.010569718 0.999944091 0.000320142 -0.328460485 0.032818150 -0.000666885 0.999461055 27.480619431
0.999400795 -0.010550207 -0.032965776 -0.384728968 0.010583509 0.999943554 0.000835908 -0.350781977 0.032955095 -0.001184300 0.999456108 28.191869736
0.999321640 -0.010297950 -0.035357978 -0.401929915 0.010307261 0.999946833 0.000081081 -0.363910854 0.035355255 -0.000445470 0.999374688 28.941726685
0.999276578 -0.010067432 -0.036675345 -0.446567416 0.010074691 0.999949157 0.000013116 -0.374685526 0.036673348 -0.000382599 0.999327302 29.679506302
0.999198139 -0.010115894 -0.038737815 -0.481174052 0.010147221 0.999948323 0.000612170 -0.372649014 0.038729619 -0.001004761 0.999249160 30.421108246
0.999098003 -0.010380082 -0.041174375 -0.501739621 0.010494633 0.999941707 0.002566893 -0.375913084 0.041145325 -0.002996687 0.999148667 31.159990311
0.999025285 -0.009102602 -0.043191746 -0.532529175 0.009291197 0.999948144 0.004167723 -0.385420829 0.043151572 -0.004564963 0.999058008 31.854986191
0.998964846 -0.008264814 -0.044731617 -0.571533799 0.008474106 0.999954104 0.004491259 -0.398652434 0.044692434 -0.004865672 0.998988867 32.530841827
0.998881400 -0.005615239 -0.046950564 -0.603451669 0.005795891 0.999976337 0.003712485 -0.404304922 0.046928607 -0.003980453 0.998890340 33.240665436
0.998847723 -0.004454590 -0.047784254 -0.651691735 0.004592028 0.999985635 0.002766812 -0.408936650 0.047771245 -0.002983051 0.998853862 33.890552521
0.998764396 -0.003658989 -0.049560491 -0.681856394 0.003880759 0.999982834 0.004379220 -0.422354758 0.049543619 -0.004566142 0.998761475 34.572708130
0.998700857 -0.001921667 -0.050920639 -0.721860409 0.002213559 0.999981463 0.005676520 -0.423038870 0.050908793 -0.005781861 0.998686552 35.271152496
0.998695791 0.000622083 -0.051054116 -0.758554816 -0.000319797 0.999982357 0.005928835 -0.425168335 0.051056910 -0.005904776 0.998678267 35.933155060
0.998768270 0.004044591 -0.049452096 -0.811392784 -0.003877955 0.999986470 0.003465126 -0.426397651 0.049465440 -0.003269084 0.998770475 36.563484192
0.998834014 0.005102292 -0.048005238 -0.837948203 -0.005067098 0.999986827 0.000854786 -0.440569192 0.048008967 -0.000610543 0.998846650 37.217365265
0.998939872 0.006057790 -0.045632284 -0.890147567 -0.006099365 0.999981105 -0.000771911 -0.451182753 0.045626745 0.001049421 0.998957932 37.858287811
0.999052227 0.007507433 -0.042874057 -0.911351025 -0.007513615 0.999971747 0.000016950 -0.456849396 0.042872965 0.000305205 0.999080479 38.480674744
0.999164343 0.012131325 -0.039031215 -0.954426050 -0.012035665 0.999923944 0.002684896 -0.464863569 0.039060809 -0.002212886 0.999234378 39.077590942
0.999234855 0.015888825 -0.035737064 -0.969897211 -0.015670309 0.999856889 0.006386334 -0.473095357 0.035833422 -0.005821437 0.999340773 39.692565918
0.999274313 0.021206791 -0.031639613 -0.985389829 -0.020969355 0.999749601 0.007817442 -0.492637277 0.031797465 -0.007148307 0.999468744 40.274780273
0.999359369 0.024618210 -0.025977023 -1.010972977 -0.024430890 0.999673307 0.007503863 -0.489397556 0.026153272 -0.006864415 0.999634326 40.860172272
0.999381661 0.028328754 -0.020821949 -1.012988210 -0.028139854 0.999560535 0.009309908 -0.488653511 0.021076538 -0.008718227 0.999739885 41.420413971
0.999360919 0.033031754 -0.013659154 -1.035941601 -0.032891471 0.999405086 0.010370453 -0.492356151 0.013993583 -0.009914556 0.999852896 41.935531616
0.999327600 0.036090914 -0.006457347 -1.043890953 -0.036023330 0.999297917 0.010293223 -0.501320481 0.006824307 -0.010053687 0.999926209 42.468887329
0.999208093 0.039774626 0.001090655 -1.055764318 -0.039783694 0.999156356 0.010198651 -0.505107403 -0.000684086 -0.010233965 0.999947429 42.964397430
0.998994231 0.044078376 0.008216625 -1.047928452 -0.044160035 0.998974085 0.010037153 -0.510750771 -0.007765776 -0.010389904 0.999915957 43.475860596
0.998709261 0.048103221 0.016306922 -1.055368662 -0.048223384 0.998811662 0.007057293 -0.516641617 -0.015948066 -0.007834559 0.999842048 43.892906189
0.998475969 0.049566109 0.024269950 -1.041037560 -0.049672630 0.998758316 0.003805678 -0.516909659 -0.024051180 -0.005005430 0.999698162 44.336830139
0.998222589 0.050215397 0.032095075 -1.025345206 -0.050357230 0.998724699 0.003625822 -0.522320271 -0.031872071 -0.005235597 0.999478221 44.743053436
0.997934282 0.049762748 0.040628850 -1.020329952 -0.050010275 0.998735726 0.005098265 -0.525654674 -0.040323779 -0.007119594 0.999161303 45.138477325
0.997524381 0.050808236 0.048614874 -0.993580341 -0.051158328 0.998672724 0.005983626 -0.535376310 -0.048246328 -0.008455870 0.998799622 45.503963470
0.996923149 0.053811930 0.056995001 -0.972286701 -0.054239329 0.998510063 0.005977613 -0.535270810 -0.056588426 -0.009050592 0.998356581 45.833972931
0.996080220 0.058585197 0.066272303 -0.969661713 -0.059057798 0.998241007 0.005192971 -0.535563707 -0.065851502 -0.009086511 0.997788072 46.140132904
0.995310962 0.062008701 0.074236140 -0.921785593 -0.062581636 0.998025179 0.005414448 -0.545158267 -0.073753789 -0.010034878 0.997225940 46.440814972
0.994598329 0.061183050 0.083850145 -0.899028301 -0.061895043 0.998065114 0.005915765 -0.550065994 -0.083325967 -0.011073718 0.996460795 46.706939697
0.993739009 0.059664421 0.094460607 -0.861186981 -0.060334865 0.998169184 0.004254988 -0.555907249 -0.094033793 -0.009927616 0.995519459 46.985054016
0.992660046 0.058109269 0.106062606 -0.823918343 -0.058404729 0.998292923 -0.000320873 -0.559192777 -0.105900191 -0.005876039 0.994359374 47.225765228
0.991106272 0.058331780 0.119607285 -0.787693024 -0.058250785 0.998293221 -0.004176102 -0.564051986 -0.119646743 -0.002828260 0.992812395 47.470481873
0.989120781 0.060313910 0.134173363 -0.725700855 -0.059998985 0.998178065 -0.006393043 -0.570604682 -0.134314507 -0.001726775 0.990937173 47.724388123
0.986550808 0.062090866 0.151202917 -0.699775219 -0.061600830 0.998069346 -0.007927396 -0.570493937 -0.151403233 -0.001493445 0.988470972 47.991191864
0.983859599 0.062556170 0.167651474 -0.640984058 -0.061966721 0.998039842 -0.008750274 -0.581914186 -0.167870253 -0.001779772 0.985807419 48.238506317
0.980603576 0.061211344 0.186198771 -0.590243340 -0.060354628 0.998124063 -0.010271676 -0.580718994 -0.186478227 -0.001165516 0.982458353 48.480442047
0.976919949 0.059791707 0.205066741 -0.510618210 -0.058920633 0.998208940 -0.010356992 -0.589861274 -0.205318704 -0.001964710 0.978693128 48.721569061
0.972366393 0.060017254 0.225613847 -0.447903633 -0.058947656 0.998195052 -0.011480737 -0.596219242 -0.225895658 -0.002135924 0.974149108 48.954048157
0.967096925 0.061777223 0.246793792 -0.385033607 -0.060253102 0.998088658 -0.013730356 -0.602912962 -0.247170299 -0.001591506 0.968970716 49.177360535
0.960924685 0.063015252 0.269541860 -0.303332329 -0.060922749 0.998012066 -0.016130384 -0.600845516 -0.270022511 -0.000921143 0.962853491 49.431816101
0.953803122 0.063689813 0.293603688 -0.211214066 -0.061489556 0.997967482 -0.016728137 -0.617981553 -0.294072330 -0.002098209 0.955780923 49.647537231
0.945526719 0.065885656 0.318808019 -0.108950615 -0.063576028 0.997820795 -0.017657224 -0.624556422 -0.319276631 -0.003573172 0.947654843 49.880699158
0.935729682 0.067499399 0.346198887 -0.011302948 -0.065152109 0.997705221 -0.018427985 -0.636539221 -0.346648306 -0.005311973 0.937980175 50.108009338
0.924752653 0.067873955 0.374467373 0.121335983 -0.065112822 0.997676730 -0.020036511 -0.643347800 -0.374957293 -0.005853813 0.927023590 50.350131989
0.912320852 0.065511003 0.404201716 0.245306015 -0.061996829 0.997838438 -0.021792091 -0.657255113 -0.404755622 -0.005177850 0.914410174 50.565032959
0.897435904 0.062440064 0.436703652 0.390302658 -0.057708144 0.998042345 -0.024108980 -0.667937934 -0.437354088 -0.003565094 0.899282336 50.797237396
0.880575478 0.061353222 0.469917655 0.540601730 -0.054382712 0.998115957 -0.028408267 -0.675179243 -0.470775247 -0.000539773 0.882252991 50.989723206
0.861018777 0.062805921 0.504680395 0.688341141 -0.053401321 0.998024523 -0.033094849 -0.688152194 -0.505761862 0.001544689 0.862671673 51.206531525
0.839306593 0.064304844 0.539841831 0.875118256 -0.052173764 0.997924030 -0.037754707 -0.694007277 -0.541149020 0.003522194 0.840919316 51.438304901
0.814859152 0.066440560 0.575838685 1.053470612 -0.052732274 0.997786939 -0.040504642 -0.713702083 -0.577255428 0.002640291 0.816559315 51.644584656
0.787881792 0.070169546 0.611815691 1.259000778 -0.055193458 0.997534990 -0.043331102 -0.726409912 -0.613348067 0.000371560 0.789812565 51.860023499
0.758568823 0.074177399 0.647357106 1.488685608 -0.058428336 0.997240305 -0.045802828 -0.743380547 -0.648968041 -0.003079404 0.760809362 52.082206726
0.725506902 0.074964359 0.684119821 1.734067917 -0.057545330 0.997176588 -0.048241794 -0.756920934 -0.685804784 -0.004368147 0.727772474 52.308944702
0.689249277 0.072187662 0.720919073 1.992267609 -0.053744256 0.997376800 -0.048486881 -0.780334949 -0.722528219 -0.005325710 0.691321015 52.511989594
0.649781287 0.070432059 0.756851077 2.293268204 -0.050104998 0.997501016 -0.049810026 -0.796604514 -0.758467972 -0.005556399 0.651686549 52.751167297
0.608167529 0.069253102 0.790782034 2.639144897 -0.047235854 0.997579098 -0.051035732 -0.819942892 -0.792402089 -0.006314987 0.609966397 52.969055176
0.562288642 0.069263101 0.824035287 2.989582062 -0.043687854 0.997582614 -0.054039545 -0.838032782 -0.825786233 -0.005614509 0.563955367 53.165016174
0.514540434 0.067408428 0.854812384 3.369703293 -0.040373378 0.997704089 -0.054374415 -0.874747634 -0.856514990 -0.006533826 0.516080678 53.354904175
0.466294259 0.064850092 0.882249475 3.784626007 -0.037749950 0.997859538 -0.053396124 -0.896526098 -0.883823872 -0.008406563 0.467744350 53.535488129
0.416573703 0.062837899 0.906927705 4.164682388 -0.037691765 0.997944295 -0.051831387 -0.920315623 -0.908320248 -0.012592114 0.418085843 53.688667297
0.366041481 0.062756710 0.928480089 4.614679337 -0.040422581 0.997854054 -0.051509671 -0.938650131 -0.929720223 -0.018676890 0.367792815 53.855697632
0.317357123 0.063007116 0.946210623 5.082359314 -0.038536098 0.997823060 -0.053518981 -0.964925289 -0.947522759 -0.019478634 0.319094360 53.969718933
0.270750731 0.059295300 0.960821569 5.513486862 -0.026875321 0.998177707 -0.054027446 -0.994251251 -0.962274253 -0.011194418 0.271850944 54.047153473
0.226488724 0.053211052 0.972559214 6.013252258 -0.013113193 0.998582721 -0.051581074 -1.022849798 -0.973925531 -0.001070827 0.226865470 54.124263763
0.184330612 0.052063629 0.981484354 6.520346642 -0.004045762 0.998627722 -0.052213192 -1.050402761 -0.982856035 0.005653642 0.184288353 54.187538147
0.146960780 0.053357791 0.987702131 7.002998829 -0.000842461 0.998550296 -0.053818490 -1.084304094 -0.989141941 0.007077108 0.146792665 54.217700958
0.114909962 0.053730041 0.991921723 7.519926071 0.008115075 0.998452008 -0.055023871 -1.116033673 -0.993342757 0.014372311 0.114296064 54.236248016
0.085662358 0.051988602 0.994966924 8.047311783 0.015653929 0.998444140 -0.053518027 -1.151412249 -0.996201217 0.020159623 0.084715262 54.268894196
0.060661100 0.050045501 0.996902943 8.603559494 0.022072382 0.998430848 -0.051465288 -1.188284636 -0.997914314 0.025125965 0.059461273 54.277671814
0.040692464 0.049952950 0.997922242 9.177782059 0.026975624 0.998330474 -0.051073380 -1.204105020 -0.998807430 0.028997879 0.039277021 54.285865784
0.024716176 0.051590703 0.998362422 9.753245354 0.029122790 0.998206496 -0.052303627 -1.234081388 -0.999270201 0.030367846 0.023169383 54.288059235
0.011288244 0.051155616 0.998626888 10.309738159 0.030125266 0.998219848 -0.051475286 -1.272060156 -0.999482334 0.030664966 0.009727076 54.292209625
-0.000313453 0.052203320 0.998636484 10.917432785 0.031065190 0.998154938 -0.052168407 -1.303102493 -0.999517262 0.031006480 -0.001934577 54.279193878
-0.009275452 0.055043574 0.998440862 11.524241447 0.036607992 0.997833133 -0.054669984 -1.336158514 -0.999286652 0.036043838 -0.011270391 54.266460419
-0.015234104 0.056862894 0.998265803 12.136215210 0.040780582 0.997586250 -0.056201849 -1.370617628 -0.999051869 0.039853677 -0.017516233 54.232883453
-0.020621248 0.056374490 0.998196721 12.739841461 0.041101433 0.997612834 -0.055492416 -1.402385235 -0.998942196 0.039882984 -0.022889089 54.239860535
-0.023131184 0.053864427 0.998280346 13.404891968 0.039390303 0.997821212 -0.052926939 -1.435914278 -0.998956084 0.038098302 -0.025202522 54.200527191
-0.025945481 0.046845254 0.998565137 14.080644608 0.036986157 0.998262405 -0.045870051 -1.477934957 -0.998978853 0.035742965 -0.027633026 54.188632965
-0.027757009 0.040996380 0.998773634 14.730985641 0.038098823 0.998476088 -0.039925344 -1.515103817 -0.998888373 0.036943886 -0.029276626 54.185054779
-0.027516393 0.038231820 0.998889983 15.398739815 0.040676128 0.998483598 -0.037095759 -1.549371004 -0.998793423 0.039610237 -0.029029788 54.146339417
-0.028452171 0.040610753 0.998769879 16.072925568 0.043797914 0.998265564 -0.039342564 -1.583641768 -0.998635173 0.042624660 -0.030181488 54.146297455
-0.027170239 0.048282400 0.998464167 16.755153656 0.045034617 0.997877896 -0.047028564 -1.611879826 -0.998615801 0.043687671 -0.029286966 54.119274139
-0.023639185 0.056070298 0.998146951 17.463579178 0.045814980 0.997437716 -0.054945417 -1.650895834 -0.998670220 0.044431217 -0.026147475 54.067642212
-0.021570968 0.057238147 0.998127520 18.165237427 0.046340488 0.997344017 -0.056191742 -1.676649451 -0.998692751 0.045041606 -0.024166120 54.057533264
-0.020802448 0.052741114 0.998391509 18.870410919 0.045320418 0.997630835 -0.051756632 -1.723055601 -0.998755872 0.044170856 -0.023143413 54.078330994
-0.017737970 0.046222083 0.998773694 19.593795776 0.045039080 0.997953713 -0.045384262 -1.765388727 -0.998827755 0.044178814 -0.019783473 54.052314758
-0.016046412 0.044298399 0.998889387 20.292596817 0.043408521 0.998107016 -0.043566372 -1.815102935 -0.998928547 0.042661227 -0.017938966 54.069572449
-0.012477169 0.049985569 0.998671949 21.019775391 0.050363455 0.997513533 -0.049298357 -1.851035833 -0.998653054 0.049681470 -0.014963591 54.046749115
-0.008367546 0.055062898 0.998447776 21.755653381 0.052620627 0.997123599 -0.054548886 -1.897817492 -0.998579502 0.052082513 -0.011240922 54.028163910
-0.005643965 0.056072447 0.998410881 22.479101181 0.046722293 0.997351050 -0.055748828 -1.936177135 -0.998891950 0.046333395 -0.008248848 54.016719818
-0.001579217 0.052609868 0.998613894 23.196075439 0.042056557 0.997735083 -0.052497074 -1.978637815 -0.999113977 0.041915357 -0.003788230 54.009864807
0.002352700 0.048318923 0.998829246 23.898006439 0.045882057 0.997774839 -0.048375987 -2.035367489 -0.998944104 0.045942146 0.000130494 54.022766113
0.006210080 0.049225062 0.998768449 24.634742737 0.050396945 0.997502983 -0.049476054 -2.082842588 -0.998709917 0.050642129 0.003713781 54.015197754
0.008194664 0.053955890 0.998509765 25.367267609 0.049749602 0.997284651 -0.054297980 -2.125585079 -0.998728156 0.050120413 0.005488129 54.047111511
0.011259293 0.055226643 0.998410404 26.094633102 0.046185881 0.997379303 -0.055690460 -2.160165787 -0.998869479 0.046739489 0.008679098 54.087718964
0.016002258 0.054562777 0.998382092 26.846101761 0.046335064 0.997396767 -0.055251606 -2.213347912 -0.998797715 0.047144253 0.013432431 54.060909271
0.019926062 0.051479995 0.998475194 27.570890427 0.050537188 0.997345030 -0.052430272 -2.259093285 -0.998523355 0.051504862 0.017271508 54.063377380
0.023039125 0.051772859 0.998393118 28.281522751 0.054709964 0.997096419 -0.052968115 -2.309081316 -0.998236477 0.055842392 0.020139735 54.087745667
0.027268840 0.052806348 0.998232424 29.012947083 0.057853017 0.996846616 -0.054313414 -2.353936195 -0.997952640 0.059231825 0.024127843 54.088703156
0.028902344 0.052367680 0.998209596 29.765098572 0.058146454 0.996847630 -0.053979818 -2.404194355 -0.997889638 0.059602495 0.025766240 54.140792847
0.032728381 0.050361972 0.998194635 30.499614716 0.058880251 0.996897876 -0.052227084 -2.465992928 -0.997728407 0.060483258 0.029661532 54.155654907
0.036716796 0.049661588 0.998090982 31.239297867 0.061700020 0.996746242 -0.051864430 -2.505708694 -0.997419178 0.063486524 0.033533204 54.173183441
0.039769396 0.049975637 0.997958362 31.963869095 0.059877150 0.996834397 -0.052305508 -2.547394276 -0.997413218 0.061835062 0.036651101 54.196868896
0.043533910 0.051635426 0.997716725 32.700698853 0.057380036 0.996885777 -0.054096110 -2.592369556 -0.997402847 0.059604038 0.040435493 54.221939087
0.045340694 0.052008390 0.997616887 33.439903259 0.058758970 0.996775985 -0.054635093 -2.635971069 -0.997241974 0.061096132 0.042138554 54.270912170
0.048497621 0.051624440 0.997488320 34.189609528 0.056981914 0.996894002 -0.054364130 -2.684440136 -0.997196555 0.059475318 0.045405317 54.305126190
0.050749108 0.051462863 0.997384667 34.945686340 0.055036295 0.997009754 -0.054243896 -2.738750219 -0.997193873 0.057645176 0.047765024 54.348999023
0.053461708 0.051930297 0.997218609 35.678703308 0.051906791 0.997152209 -0.054709598 -2.779467821 -0.997219920 0.054687291 0.050613929 54.393260956
0.056476120 0.053866550 0.996949732 36.421077728 0.050362211 0.997118652 -0.056728642 -2.826011896 -0.997132957 0.053412411 0.053600550 54.440563202
0.059842385 0.056773346 0.996592104 37.173492432 0.049542543 0.996981978 -0.059770450 -2.882525206 -0.996977627 0.052950513 0.056849089 54.480461121
0.063209660 0.059858885 0.996203542 37.927639008 0.049420752 0.996787310 -0.063029736 -2.920968294 -0.996775925 0.053217214 0.060048304 54.543094635
0.065253861 0.061531205 0.995969713 38.669994354 0.043185622 0.996987760 -0.064423531 -2.982256651 -0.996933758 0.047215462 0.062400036 54.608779907
0.067974575 0.061020110 0.995819211 39.422977448 0.039629407 0.997175038 -0.063808300 -3.031470060 -0.996899664 0.043801077 0.065364346 54.662841797
0.071857296 0.061616421 0.995509982 40.175804138 0.041632880 0.997034907 -0.064715929 -3.085472107 -0.996545613 0.046096250 0.069078960 54.707214355
0.075109072 0.063103177 0.995176673 40.936233521 0.040554989 0.996976674 -0.066278122 -3.139920712 -0.996350288 0.045337457 0.072322823 54.778125763
0.077689163 0.063825980 0.994932532 41.696174622 0.036055654 0.997115910 -0.066781461 -3.198704243 -0.996325493 0.041061129 0.075163811 54.873023987
0.083263353 0.062108457 0.994590223 42.470222473 0.036442179 0.997198582 -0.065322146 -3.248081684 -0.995861053 0.041683976 0.080766723 54.922946930
0.088418148 0.062052153 0.994148791 43.252307892 0.036501564 0.997185588 -0.065488100 -3.305649281 -0.995414436 0.042078320 0.085904285 54.987110138
0.093278587 0.064747885 0.993532538 44.037528992 0.033727467 0.997104943 -0.068147235 -3.376247406 -0.995068610 0.039866012 0.090824753 55.066398621
0.098391205 0.074356794 0.992365956 44.781360626 0.031412747 0.996475697 -0.077779233 -3.422754288 -0.994651973 0.038825732 0.095708683 55.175502777
0.106635958 0.079034977 0.991151989 45.583267212 0.030150982 0.996120334 -0.082675032 -3.489017010 -0.993840873 0.038700335 0.103839263 55.236454010
0.114050902 0.081621334 0.990116358 46.323707581 0.025753193 0.996041477 -0.085076272 -3.556444168 -0.993140996 0.035201684 0.111497410 55.337013245
0.121603757 0.080069609 0.989343941 47.113121033 0.021905122 0.996281803 -0.083323546 -3.624958277 -0.992336929 0.031804163 0.119397677 55.433383942
0.129259735 0.078141741 0.988527060 47.897907257 0.021737000 0.996427357 -0.081608579 -3.700346947 -0.991372466 0.032036316 0.127099380 55.534343719
0.135354578 0.074497014 0.987992585 48.673099518 0.021411432 0.996716559 -0.078088179 -3.770309448 -0.990565896 0.031723931 0.133315057 55.666019440
0.142934129 0.069225848 0.987308264 49.477909088 0.019550730 0.997158825 -0.072746903 -3.834624529 -0.989538968 0.029700616 0.141174614 55.789932251
0.150044113 0.062276170 0.986715972 50.257186890 0.015380934 0.997746408 -0.065311253 -3.897272587 -0.988559604 0.024976186 0.148748085 55.913505554
0.157439977 0.059717812 0.985721231 51.040878296 0.015000064 0.997910142 -0.062852077 -3.960001230 -0.987414598 0.024681311 0.156215176 56.043136597
0.165850967 0.061706785 0.984218359 51.831802368 0.015098602 0.997764468 -0.065100349 -4.020643711 -0.986035287 0.025657276 0.164548516 56.155582428
0.170163020 0.069597885 0.982955039 52.589523315 0.015476497 0.997191012 -0.073285043 -4.062941074 -0.985294402 0.027683107 0.168607906 56.317947388
0.176624551 0.072695121 0.981590211 53.364273071 0.014123393 0.996979058 -0.076376118 -4.139994144 -0.984176993 0.027353279 0.175064266 56.444900513
0.180706188 0.074874870 0.980682909 54.066162109 0.013150439 0.996824920 -0.078530475 -4.207989693 -0.983449221 0.027087355 0.179147810 56.586540222
0.186764821 0.074361645 0.979586303 54.817317963 0.010474598 0.996923745 -0.077674799 -4.276831627 -0.982348800 0.024767691 0.185411379 56.722232819
0.191866741 0.071341522 0.978824615 55.547679901 0.014084670 0.997051537 -0.075430840 -4.343735695 -0.981319964 0.028259089 0.190296233 56.865283966
0.195713356 0.064496189 0.978537917 56.255283356 0.015446426 0.997508466 -0.068835922 -4.402119160 -0.980539441 0.028587023 0.194229484 57.020118713
0.198250964 0.058759443 0.978388369 56.990562439 0.013943067 0.997931302 -0.062758446 -4.457606792 -0.980052114 0.026083654 0.197021559 57.183933258
0.202699229 0.055222310 0.977682710 57.713432312 0.010239204 0.998234570 -0.058505990 -4.515710354 -0.979187489 0.021869812 0.201775938 57.326469421
0.205991670 0.055340201 0.976987600 58.420005798 0.008460101 0.998261571 -0.058328990 -4.569069386 -0.978517175 0.020280700 0.205165371 57.473033905
0.207710758 0.056823179 0.976538360 59.087326050 0.007445461 0.998190641 -0.059666738 -4.623912334 -0.978161871 0.019664204 0.206911847 57.628097534
0.209325925 0.061667521 0.975899458 59.780963898 0.003202754 0.997960865 -0.063748561 -4.670112133 -0.977840662 0.016469793 0.208701566 57.782768250
0.210600674 0.066562913 0.975303352 60.504001617 0.001163981 0.997661471 -0.068340160 -4.724306583 -0.977571368 0.015527718 0.210030720 57.965854645
0.213365912 0.071648218 0.974341571 61.085800171 0.000207094 0.997303903 -0.073382102 -4.784406662 -0.976972342 0.015859021 0.212775841 58.076469421
0.215533823 0.073383741 0.973735154 61.742534637 0.001186266 0.997151792 -0.075411081 -4.841420650 -0.976495683 0.017408749 0.214832887 58.205116272
0.215236709 0.073578298 0.973786116 62.376724243 -0.001712481 0.997184515 -0.074967749 -4.892750263 -0.976560414 0.014468219 0.214756668 58.385112762
0.216713414 0.070603237 0.973678887 62.995552063 -0.000997985 0.997396886 -0.072100952 -4.947796822 -0.976234794 0.014653525 0.216219738 58.509651184
0.217893153 0.067997865 0.973600924 63.644035339 -0.000657015 0.997579932 -0.069525547 -5.001126289 -0.975972533 0.014509468 0.217410505 58.646186829
0.217772648 0.067042246 0.973694205 64.277656555 0.000080873 0.997636735 -0.068708859 -5.049629211 -0.975999594 0.015041654 0.217252582 58.781982422
0.215561271 0.066373453 0.974231958 64.872482300 0.001073338 0.997670531 -0.068207793 -5.093799591 -0.976489663 0.015748639 0.214987904 58.931732178
0.214635536 0.067295372 0.974373162 65.489570618 -0.001336486 0.997642756 -0.068608105 -5.154588223 -0.976693273 0.013423499 0.214219570 59.056068420
0.212516293 0.069595292 0.974676013 66.082008362 -0.001790534 0.997486532 -0.070833646 -5.210601330 -0.977155864 0.013308113 0.212106749 59.187484741
0.209800482 0.073265985 0.974995315 66.676795959 -0.000040541 0.997189045 -0.074925035 -5.265201569 -0.977744222 0.015679780 0.209213778 59.321838379
0.208474368 0.073830478 0.975237131 67.219345093 0.002405343 0.997104943 -0.076000169 -5.311292171 -0.978024900 0.018189868 0.207693234 59.432846069
0.206126019 0.072580382 0.975830019 67.799537659 0.000929848 0.997230411 -0.074368514 -5.362982750 -0.978524983 0.016236659 0.205487624 59.559738159
0.203588068 0.069703124 0.976572216 68.354988098 0.001373996 0.997441113 -0.071479090 -5.408257484 -0.979055643 0.015894096 0.202971369 59.680786133
0.202022925 0.065411024 0.977194011 68.919242859 0.001950109 0.997738302 -0.067189388 -5.461511135 -0.979378879 0.015479430 0.201438487 59.786514282
0.200006530 0.064492807 0.977669716 69.433654785 0.004978663 0.997751653 -0.066836029 -5.509469986 -0.979781926 0.018235132 0.199235752 59.890434265
0.198063359 0.066371664 0.977939546 69.979598999 0.008594548 0.997548878 -0.069443196 -5.550681591 -0.980151534 0.022159101 0.197007447 59.997707367
0.196093887 0.068399593 0.978196621 70.515861511 0.012322720 0.997313619 -0.072206602 -5.591573238 -0.980507672 0.026213316 0.194724217 60.084877014
0.193175048 0.070171952 0.978651822 71.032875061 0.011779399 0.997201562 -0.073827140 -5.634705544 -0.981093526 0.025789490 0.191807866 60.217033386
0.191821977 0.073070861 0.978705764 71.568702698 0.011807326 0.996980488 -0.076749451 -5.675821781 -0.981358647 0.026278127 0.190379947 60.320384979
0.190727532 0.071611010 0.979027450 72.092933655 0.013208658 0.997058094 -0.075503081 -5.719799995 -0.981554091 0.027332157 0.189220548 60.422973633
0.191830963 0.069304518 0.978977919 72.619972229 0.019718679 0.997030020 -0.074446343 -5.771255970 -0.981229782 0.033585269 0.189894617 60.505973816
0.193679035 0.067781165 0.978720605 73.147567749 0.024630215 0.996960044 -0.073918402 -5.807564735 -0.980755687 0.038422540 0.191420808 60.609680176
0.195909664 0.066979893 0.978331685 73.688781738 0.027311319 0.996904910 -0.073720515 -5.854137421 -0.980241597 0.041162103 0.193473965 60.712326050
0.198444128 0.066989429 0.977820158 74.204048157 0.024647636 0.997004867 -0.073305875 -5.898576260 -0.979802132 0.038648076 0.196198627 60.840995789
0.203636333 0.068041198 0.976679385 74.743682861 0.023171477 0.996967733 -0.074285820 -5.937987328 -0.978772342 0.037758395 0.201442242 60.959903717
0.210934192 0.066603020 0.975228548 75.291221619 0.024182368 0.997015119 -0.073321380 -5.986487389 -0.977201104 0.039049324 0.208693951 61.059211731
0.217538446 0.067369275 0.973724008 75.828231812 0.022165161 0.997016788 -0.073932752 -6.023496628 -0.975800097 0.037665959 0.215396240 61.206008911
0.226525083 0.064849705 0.971844077 76.396423340 0.022487439 0.997166872 -0.071781009 -6.073480606 -0.973745644 0.038114477 0.224425018 61.334960938
0.236016184 0.065058783 0.969568789 76.972885132 0.019415727 0.997241378 -0.071641885 -6.115805149 -0.971555233 0.035733521 0.234101936 61.464546204
0.245434493 0.064261347 0.967280924 77.513313293 0.018233035 0.997317970 -0.070883244 -6.165159702 -0.969241619 0.035033662 0.243604571 61.619422913
0.253972441 0.068422616 0.964788258 78.075729370 0.012428610 0.997181416 -0.073991656 -6.207931042 -0.967131615 0.030782817 0.252406180 61.795654297
0.263573378 0.070162609 0.962084353 78.641128540 0.009172979 0.997123957 -0.075231001 -6.258534908 -0.964595735 0.028654071 0.262171745 61.956413269
0.274577022 0.072908543 0.958797038 79.236404419 0.004653556 0.997008860 -0.077146895 -6.311886787 -0.961553752 0.025644582 0.273416519 62.128379822
0.284984201 0.074777842 0.955611050 79.838333130 0.003726708 0.996858358 -0.079116903 -6.357404709 -0.958524942 0.026108352 0.283810288 62.328712463
0.294940591 0.075687021 0.952513278 80.446098328 0.000441296 0.996846974 -0.079346448 -6.409612179 -0.955515444 0.023822829 0.293977261 62.519195557
0.304629296 0.075626150 0.949463844 81.032073975 -0.000208421 0.996848106 -0.079333499 -6.466597080 -0.952471018 0.023969417 0.303684890 62.728218079
0.315616667 0.076748006 0.945777893 81.665351868 -0.004085505 0.996824265 -0.079526953 -6.512507439 -0.948877990 0.021236047 0.314927936 62.944427490
0.325833380 0.071745954 0.942700982 82.281066895 -0.003593287 0.997203171 -0.074651979 -6.565901756 -0.945420444 0.020936709 0.325179845 63.164115906
0.335178673 0.065378614 0.939883411 82.895576477 -0.000636028 0.997604966 -0.069166921 -6.611004353 -0.942154408 0.022585489 0.334417433 63.404598236
0.347184300 0.060522407 0.935841918 83.542999268 0.001421674 0.997880220 -0.065061957 -6.667358398 -0.937795818 0.023918957 0.346362323 63.627029419
0.357062459 0.058669120 0.932236195 84.217712402 -0.001177026 0.998053014 -0.062360395 -6.708646774 -0.934079766 0.021169286 0.356436312 63.916812897
0.366880745 0.056071397 0.928576529 84.892868042 0.005089665 0.998045921 -0.062277172 -6.755568981 -0.930254102 0.027574437 0.365878433 64.171813965
0.374612719 0.050600544 0.925799549 85.541702271 0.012213891 0.998153806 -0.059497323 -6.793098450 -0.927100897 0.033596072 0.373303086 64.451271057
0.382776886 0.040062107 0.922971785 86.247451782 0.023270017 0.998324215 -0.052983418 -6.847275734 -0.923547685 0.041758396 0.381203175 64.714279175
0.389839709 0.036230233 0.920169652 86.942146301 0.028134512 0.998290658 -0.051225606 -6.888124943 -0.920452774 0.045858297 0.388154060 64.998306274
0.396917641 0.035972469 0.917149127 87.619407654 0.029856332 0.998196959 -0.052072365 -6.942495346 -0.917368531 0.048051149 0.395128012 65.287101746
0.404905975 0.042070370 0.913389981 88.321426392 0.032634560 0.997639537 -0.060417779 -6.987171173 -0.913775742 0.054271601 0.402577281 65.586036682
0.412547320 0.046249967 0.909761310 89.020072937 0.036368698 0.997077763 -0.067180939 -7.035186768 -0.910209835 0.060802158 0.409659743 65.886291504
0.416979373 0.048621010 0.907614529 89.697273254 0.033952449 0.997038007 -0.069009975 -7.091287613 -0.908281565 0.059591472 0.414093524 66.214500427
0.421460748 0.049979709 0.905468285 90.345054626 0.026803743 0.997357309 -0.067527868 -7.158000469 -0.906450391 0.052730292 0.419007242 66.533065796
0.425822496 0.053439897 0.903227270 91.027084351 0.020446924 0.997431099 -0.068653114 -7.219453335 -0.904575646 0.047702264 0.423635900 66.858772278
0.428150654 0.057231639 0.901893318 91.651962280 0.019278636 0.997187197 -0.072430745 -7.275568485 -0.903501630 0.048398547 0.425842941 67.199600220
0.433563173 0.060868997 0.899064958 92.313819885 0.016222727 0.997027040 -0.075324491 -7.338194847 -0.900977135 0.047243211 0.431286722 67.493545532
0.437207133 0.063604377 0.897108912 92.954299927 0.013298135 0.996929824 -0.077162467 -7.400547981 -0.899262547 0.045665864 0.435018957 67.802856445
0.440597117 0.062487751 0.895527482 93.578216553 0.012034220 0.997073591 -0.075494215 -7.459439278 -0.897624314 0.044039503 0.438555717 68.125732422
0.444865048 0.059049275 0.893648803 94.219390869 0.013387862 0.997274041 -0.072561055 -7.522858620 -0.895497561 0.044243928 0.442861825 68.441864014
0.448769331 0.056353208 0.891869068 94.845359802 0.013038191 0.997490585 -0.069587506 -7.581201077 -0.893552542 0.042857084 0.446908474 68.751091003
0.451840043 0.055782378 0.890353262 95.450706482 0.011662251 0.997588634 -0.068419278 -7.636394501 -0.892022729 0.041298106 0.450099885 69.080116272
0.455212891 0.057191182 0.888543963 96.043678284 0.009800735 0.997552633 -0.069228590 -7.693145752 -0.890328646 0.040222131 0.453538388 69.382064819
0.457572877 0.057314210 0.887323081 96.609977722 0.011335311 0.997463346 -0.070273787 -7.749516964 -0.889099896 0.042213466 0.455762506 69.690040588
0.460241199 0.055899996 0.886032283 97.212829590 0.012945495 0.997487009 -0.069656119 -7.801323891 -0.887699544 0.043528739 0.458360970 69.989913940
0.462074637 0.054537095 0.885162592 97.791389465 0.015150088 0.997476280 -0.069365710 -7.855201244 -0.886711657 0.045462422 0.460082203 70.287406921
0.463625371 0.054897767 0.884328961 98.340148926 0.013468483 0.997526646 -0.068985999 -7.906927586 -0.885928988 0.043894235 0.461739242 70.591651917
0.465790778 0.054072350 0.883241296 98.904228210 0.014818131 0.997514665 -0.068882771 -7.961821079 -0.884770870 0.045172941 0.463831812 70.889938354
0.468125075 0.055782031 0.881899774 99.440780640 0.013933768 0.997415543 -0.070484892 -8.016698837 -0.883552253 0.045283936 0.466138005 71.176048279
0.471440732 0.056024943 0.880116284 99.988929749 0.017199690 0.997206092 -0.072691590 -8.058974266 -0.881729901 0.049407516 0.469160020 71.449752808
0.474091470 0.055049092 0.878752947 100.499687195 0.018886041 0.997178137 -0.072656885 -8.113919258 -0.880273044 0.051042177 0.471713990 71.743499756
0.477727562 0.053201165 0.876895607 101.030761719 0.022227081 0.997113168 -0.072603926 -8.162385941 -0.878226817 0.054175727 0.475165904 72.016777039
0.481362611 0.052460939 0.874950230 101.541816711 0.022995148 0.997107923 -0.072436377 -8.212947845 -0.876219869 0.054987770 0.478764176 72.282714844
0.484279722 0.052202560 0.873354614 102.020111084 0.023777990 0.997064412 -0.072782040 -8.261830330 -0.874590039 0.056013476 0.481616855 72.554969788
0.488062024 0.051249623 0.871303082 102.503646851 0.024432508 0.997081161 -0.072333753 -8.311497688 -0.872466862 0.056591466 0.485385269 72.819465637
0.490889043 0.050703265 0.869745433 102.995056152 0.026379719 0.996982336 -0.073009610 -8.354422569 -0.870822608 0.058783263 0.488070190 73.107109070
0.495787889 0.052205686 0.866873145 103.501853943 0.025891561 0.996859193 -0.074841917 -8.399269104 -0.868057609 0.059550412 0.492879063 73.368614197
0.499492824 0.052736539 0.864711404 103.964950562 0.027766306 0.996658087 -0.076822594 -8.443456650 -0.865872979 0.062382180 0.496359259 73.656173706
0.505083919 0.055496648 0.861284137 104.454109192 0.025648488 0.996524632 -0.079251915 -8.500777245 -0.862689018 0.062119503 0.501905143 73.920066833
0.509134352 0.061907735 0.858457744 104.914138794 0.021708030 0.996168971 -0.084713385 -8.546849251 -0.860413253 0.061765935 0.505839884 74.248954773
0.515060544 0.068989798 0.854372919 105.389328003 0.016374467 0.995781720 -0.090279825 -8.594802856 -0.856997311 0.060489472 0.511758327 74.541915894
0.520756781 0.075390302 0.850369811 105.839439392 0.010771832 0.995433450 -0.094847612 -8.651272774 -0.853637278 0.058552571 0.517566562 74.844413757
0.527113438 0.079944953 0.846026123 106.316818237 0.007184789 0.995110154 -0.098509066 -8.702856064 -0.849764585 0.058003962 0.523961544 75.151145935
0.533025026 0.080340967 0.842276514 106.786422729 0.003717650 0.995249510 -0.097285077 -8.750227928 -0.846091270 0.054986671 0.530194342 75.453063965
0.538187742 0.079919755 0.839027286 107.252677917 -0.003570221 0.995701313 -0.092553303 -8.807949066 -0.842817366 0.046815552 0.536159635 75.771980286
0.544344723 0.077651992 0.835259914 107.734848022 -0.009542034 0.996214986 -0.086396985 -8.859579086 -0.838807344 0.039059650 0.543025374 76.095436096
0.549909532 0.076118283 0.831748545 108.198387146 -0.015859731 0.996610582 -0.080720171 -8.912794113 -0.835073709 0.031197481 0.549252808 76.424484253
0.556528449 0.074495420 0.827482045 108.707595825 -0.018719820 0.996843457 -0.077152342 -8.965373993 -0.830617607 0.027447158 0.556166351 76.756797791
0.563244045 0.077889800 0.822611272 109.186973572 -0.023598492 0.996657372 -0.078211591 -9.014077187 -0.825953662 0.024639823 0.563199401 77.085884094
0.567688644 0.081984453 0.819150865 109.708671570 -0.028388750 0.996386588 -0.080049038 -9.076520920 -0.822753727 0.022188257 0.567964792 77.511543274
0.573964059 0.085381545 0.814417124 110.218894958 -0.031415854 0.996113122 -0.082289666 -9.129158020 -0.818277597 0.021645699 0.574415445 77.875877380
0.580234289 0.087458819 0.809740067 110.714111328 -0.033803713 0.995947003 -0.083348066 -9.180963516 -0.813747644 0.020989185 0.580839038 78.254066467
