1 -1.22322e-18 -1.71789e-20 0 7.5476e-19 1 6.23824e-19 0 -2.14909e-19 -9.89981e-19 1 0
1 -0.000499573 0.000450185 -0.00534692 0.000498833 0.999999 0.00164139 -0.0178633 -0.000451005 -0.00164117 0.999999 0.979471
0.999998 -0.00172127 0.000459254 -0.0104791 0.00172046 0.999997 0.00175876 -0.039209 -0.00046228 -0.00175797 0.999998 2.21573
0.999996 -0.00279792 0.00085918 -0.0223673 0.00279723 0.999996 0.000808358 -0.0718086 -0.000861439 -0.000805952 0.999999 3.72948
0.999994 -0.00299067 0.00162985 -0.0169796 0.00298007 0.999975 0.00646904 -0.0901467 -0.00164916 -0.00646415 0.999978 4.99171
0.999993 -0.00330511 0.00171691 -0.0350905 0.00329536 0.999979 0.00565048 -0.115051 -0.00173554 -0.00564479 0.999983 6.42827
0.999987 -0.00443728 0.00262574 -0.0426202 0.00441936 0.999967 0.0067946 -0.135492 -0.0026558 -0.00678291 0.999973 7.7573
0.999988 -0.00455149 0.00190371 -0.0428604 0.00453738 0.999963 0.00735218 -0.155512 -0.00193711 -0.00734346 0.999971 9.08124
0.99999 -0.00365413 0.00242371 -0.0605856 0.00364011 0.999977 0.00576071 -0.174775 -0.0024447 -0.00575183 0.99998 10.3875
0.999995 -0.000563004 0.00298468 -0.0692935 0.000551262 0.999992 0.0039333 -0.195619 -0.00298687 -0.00393164 0.999988 11.7106
0.99999 0.00265447 0.00353524 -0.0788548 -0.00266475 0.999992 0.00290659 -0.217224 -0.00352749 -0.00291598 0.99999 13.0426
0.999981 0.00513326 0.00336802 -0.0880325 -0.00514205 0.999983 0.00260568 -0.238564 -0.00335459 -0.00262295 0.999991 14.3847
0.999978 0.00565832 0.00349602 -0.0913144 -0.00567136 0.999977 0.00373198 -0.263873 -0.00347482 -0.00375172 0.999987 15.7206
0.999987 0.00369228 0.00348551 -0.0858746 -0.00371439 0.999973 0.00635704 -0.282838 -0.00346195 -0.0063699 0.999974 17.0565
0.999993 -0.000292752 0.00361843 -0.0821241 0.000263268 0.999967 0.00814598 -0.301249 -0.00362069 -0.00814497 0.99996 18.4091
0.999993 -0.00237514 0.00305247 -0.0837856 0.00235546 0.999977 0.00643391 -0.328853 -0.00306768 -0.00642668 0.999975 19.7505
0.999985 -0.00341449 0.00426851 -0.0916529 0.00339534 0.999984 0.00448687 -0.345311 -0.00428376 -0.00447231 0.999981 21.0767
0.999988 -0.00124253 0.00484302 -0.0939581 0.0012258 0.999993 0.00345598 -0.378788 -0.00484728 -0.00345 0.999982 22.4309
0.999985 0.00124827 0.00542223 -0.0999537 -0.00127391 0.999988 0.00472717 -0.385913 -0.00541627 -0.00473401 0.999974 23.7847
0.999883 0.00148447 0.0152126 -0.108014 -0.00172807 0.99987 0.0160127 -0.398121 -0.0151868 -0.0160371 0.999756 25.1321
0.999905 -0.000889944 0.0137303 -0.0909063 0.000678286 0.999881 0.0154124 -0.410121 -0.0137424 -0.0154016 0.999787 26.5205
0.999898 -0.00433375 0.0135947 -0.0701521 0.00414742 0.999897 0.0137046 -0.421848 -0.0136527 -0.0136468 0.999814 27.8775
0.999892 -0.0037848 0.0141711 -0.0604996 0.00362972 0.999933 0.0109529 -0.424266 -0.0142116 -0.0109002 0.99984 29.2581
0.999882 -0.00408653 0.0148012 -0.0486076 0.00395421 0.999952 0.00895798 -0.449706 -0.0148371 -0.0088984 0.99985 30.6312
0.999884 -0.0015154 0.0151609 -0.0440993 0.00139318 0.999966 0.00806886 -0.457865 -0.0151726 -0.0080468 0.999853 31.982
0.999871 -0.000144582 0.0160773 -0.0354182 4.11961e-05 0.999979 0.00643074 -0.48414 -0.0160779 -0.00642924 0.99985 33.3612
0.99986 0.000472091 0.0167296 -0.0201786 -0.000582749 0.999978 0.00661026 -0.496458 -0.0167261 -0.00661908 0.999838 34.7338
0.999871 0.000577089 0.0160288 -0.0149076 -0.000709432 0.999966 0.00825212 -0.522943 -0.0160235 -0.00826243 0.999837 36.0989
0.999857 0.00241682 0.0167264 -0.0135539 -0.00257132 0.999954 0.00922149 -0.530647 -0.0167033 -0.00926318 0.999818 37.4894
0.999886 0.00464002 0.0143442 0.0109995 -0.00477879 0.999942 0.00965473 -0.550264 -0.0142986 -0.00972219 0.999851 38.8799
0.999843 0.00720209 0.0161846 0.0108197 -0.00735536 0.999928 0.00943063 -0.563964 -0.0161155 -0.00954819 0.999825 40.2688
0.999816 0.00912881 0.0168645 0.0162658 -0.00929727 0.999907 0.00993775 -0.57487 -0.0167722 -0.0100927 0.999808 41.6598
0.999846 0.0102638 0.014219 0.0290144 -0.0104061 0.999896 0.00996589 -0.588825 -0.0141153 -0.0101123 0.999849 43.0693
0.999864 0.00923643 0.0136328 0.0465455 -0.00937353 0.999906 0.0100276 -0.607723 -0.0135389 -0.010154 0.999857 44.4725
0.999878 0.00875421 0.0129329 0.0526745 -0.00887949 0.999914 0.00966147 -0.624436 -0.0128472 -0.00977513 0.99987 45.8379
0.999919 0.00793166 0.00997101 0.067936 -0.00803328 0.999916 0.0101933 -0.640721 -0.00988932 -0.0102725 0.999898 47.2404
0.99992 0.00850356 0.00939894 0.0673782 -0.00860315 0.999907 0.0106069 -0.648099 -0.00930786 -0.0106869 0.9999 48.6379
0.999938 0.00839599 0.00737563 0.0714206 -0.00847452 0.999907 0.010682 -0.662464 -0.00728526 -0.0107438 0.999916 50.0323
0.999933 0.00882917 0.0075525 0.0720564 -0.00891103 0.999901 0.0108739 -0.678051 -0.00745574 -0.0109405 0.999912 51.436
0.999929 0.00916378 0.00756062 0.0686859 -0.00925369 0.999886 0.011943 -0.694865 -0.00745031 -0.0120121 0.9999 52.8194
0.999948 0.00814444 0.00605676 0.0711079 -0.00822167 0.999884 0.0128379 -0.705889 -0.0059515 -0.012887 0.999899 54.2596
0.999966 0.00654724 0.00497833 0.0783413 -0.00661432 0.999886 0.0135803 -0.720529 -0.00488885 -0.0136128 0.999895 55.6535
0.99998 0.00441593 0.00462416 0.0790471 -0.00447533 0.999907 0.0129162 -0.732118 -0.00456669 -0.0129366 0.999906 57.0791
0.999983 0.00337368 0.0048257 0.0703675 -0.00343773 0.999905 0.0133267 -0.745615 -0.00478028 -0.013343 0.9999 58.4739
0.999983 0.00239815 0.00531686 0.0794247 -0.00247108 0.999902 0.0137525 -0.758659 -0.00528337 -0.0137654 0.999891 59.8671
0.999987 0.00107924 0.00489532 0.0721083 -0.00116855 0.999832 0.0182769 -0.772524 -0.00487478 -0.0182824 0.999821 61.2597
0.999996 -0.00095705 0.00279558 0.0843745 0.000910665 0.999863 0.0165468 -0.777898 -0.00281103 -0.0165442 0.999859 62.703
0.999988 -0.00173096 0.00463054 0.0710046 0.00165786 0.999875 0.0157439 -0.78899 -0.00465722 -0.015736 0.999865 64.0965
0.99999 -0.00214724 0.0038532 0.083694 0.00208669 0.999875 0.0156498 -0.799012 -0.00388633 -0.0156416 0.99987 65.5193
0.999983 -0.00057832 0.00588308 0.0653045 0.000486711 0.999879 0.0155612 -0.803343 -0.00589137 -0.015558 0.999862 66.9005
0.999983 0.00244175 0.00530041 0.0664297 -0.00253012 0.999857 0.0167298 -0.816611 -0.0052588 -0.0167429 0.999846 68.3025
0.999956 0.00590387 0.00722549 0.0552818 -0.0060342 0.999817 0.0181511 -0.827447 -0.00711701 -0.0181939 0.999809 69.677
0.999915 0.0101936 0.00812865 0.0476798 -0.0103439 0.999772 0.0186587 -0.834024 -0.0079366 -0.0187412 0.999793 71.0812
0.99986 0.0137084 0.00964235 0.0393955 -0.0138838 0.999735 0.0183619 -0.836164 -0.00938808 -0.0184932 0.999785 72.4516
0.999799 0.0174701 0.00985282 0.0407951 -0.017643 0.999687 0.0177392 -0.841579 -0.00953982 -0.0179095 0.999794 73.8439
0.999755 0.019359 0.0107157 0.0387712 -0.019546 0.999653 0.0176338 -0.846821 -0.0103706 -0.017839 0.999787 75.2189
0.999733 0.0202649 0.0111305 0.0378999 -0.020461 0.999632 0.0177949 -0.852749 -0.0107658 -0.0180179 0.99978 76.5978
0.999753 0.0190004 0.0115638 0.0441365 -0.0192049 0.999656 0.0178423 -0.860822 -0.0112208 -0.01806 0.999774 77.9811
0.999786 0.0181174 0.00996133 0.0480335 -0.0182864 0.999686 0.0171483 -0.869717 -0.00964752 -0.0173268 0.999803 79.3777
0.999793 0.0171228 0.0109614 0.0476182 -0.0173063 0.999708 0.016863 -0.876415 -0.0106695 -0.0170493 0.999798 80.7449
0.9998 0.017232 0.0101383 0.0582152 -0.0174053 0.9997 0.0172541 -0.886904 -0.00983792 -0.0174272 0.9998 82.0962
0.999817 0.0167879 0.00916179 0.0671451 -0.0169418 0.999712 0.0169839 -0.896453 -0.00887402 -0.017136 0.999814 83.4754
0.999821 0.0170564 0.00820122 0.0704227 -0.0171959 0.999703 0.0172402 -0.903736 -0.00790473 -0.0173782 0.999818 84.8453
0.999844 0.0159831 0.0074819 0.0689895 -0.0161137 0.999713 0.0177413 -0.906656 -0.00719619 -0.0178591 0.999815 86.2078
0.999878 0.0143369 0.00618853 0.0716247 -0.0144519 0.999716 0.0189461 -0.914605 -0.00591515 -0.0190332 0.999801 87.5749
0.999919 0.0117524 0.00492831 0.0731945 -0.0118473 0.999736 0.0196766 -0.919963 -0.00469577 -0.0197334 0.999794 88.9424
0.999948 0.00945677 0.00382555 0.0731479 -0.00953074 0.999758 0.0198054 -0.924828 -0.00363733 -0.0198408 0.999797 90.3071
0.999962 0.00783966 0.00384822 0.069068 -0.00791314 0.999779 0.0194647 -0.929212 -0.00369478 -0.0194944 0.999803 91.6565
0.999975 0.00672688 0.00228426 0.0700656 -0.00676971 0.999791 0.0192894 -0.936858 -0.00215403 -0.0193043 0.999811 93.006
0.999965 0.00719614 0.00421396 0.0514981 -0.00727288 0.999803 0.0184875 -0.942473 -0.00408009 -0.0185175 0.99982 94.3394
0.999964 0.0070929 0.00471597 0.0446913 -0.00717755 0.999809 0.0181833 -0.953262 -0.00458609 -0.0182165 0.999824 95.6721
0.99996 0.00768006 0.00462507 0.0454223 -0.00775962 0.999818 0.0174374 -0.960932 -0.00449031 -0.0174726 0.999837 96.9971
0.999943 0.0089679 0.0058519 0.0364433 -0.0090694 0.999805 0.0175545 -0.963659 -0.00569333 -0.0176065 0.999829 98.3181
0.999936 0.00979916 0.00557295 0.0318158 -0.00990399 0.999768 0.0191039 -0.973839 -0.00538446 -0.0191579 0.999802 99.6616
0.999937 0.0100921 0.00487336 0.0376484 -0.0101908 0.999734 0.0206781 -0.980606 -0.00466338 -0.0207264 0.999774 100.987
0.999941 0.00989415 0.00452909 0.0348897 -0.00998223 0.999753 0.0198553 -0.988759 -0.00433152 -0.0198993 0.999793 102.322
0.999944 0.00958142 0.00448752 0.0345937 -0.00965829 0.999801 0.0174331 -0.991698 -0.0043196 -0.0174754 0.999838 103.64
0.999954 0.00848823 0.0045085 0.0323858 -0.00855953 0.999835 0.0160383 -0.994499 -0.00437162 -0.0160762 0.999861 104.963
0.999966 0.0069994 0.00443521 0.035686 -0.00707589 0.999822 0.0174731 -1.00742 -0.00431212 -0.0175039 0.999837 106.295
0.999979 0.00411204 0.00504005 0.0332023 -0.00420811 0.999807 0.0192022 -1.00882 -0.00496012 -0.019223 0.999803 107.605
0.999975 0.00313349 0.00634794 0.0325606 -0.00325851 0.999799 0.0197807 -1.01315 -0.00628468 -0.0198009 0.999784 108.93
0.999971 0.00227313 0.00731469 0.0319564 -0.00240912 0.999823 0.0186368 -1.01861 -0.00727103 -0.0186539 0.9998 110.243
0.999968 0.00403546 0.00683876 0.0338962 -0.00415026 0.999849 0.0168558 -1.03056 -0.0067697 -0.0168837 0.999835 111.557
0.999939 0.0063377 0.00905542 0.0248935 -0.00646873 0.999874 0.0145142 -1.03675 -0.00896229 -0.0145719 0.999854 112.866
0.999904 0.00910386 0.0104033 0.0262804 -0.00925563 0.99985 0.0146348 -1.04566 -0.0102686 -0.0147297 0.999839 114.168
0.999872 0.0106283 0.0119723 0.0265871 -0.0108217 0.99981 0.0162118 -1.04934 -0.0117977 -0.0163393 0.999797 115.502
0.999862 0.0103691 0.0129895 0.0326523 -0.0106076 0.999774 0.0184298 -1.05387 -0.0127954 -0.018565 0.999746 116.806
0.999879 0.00912307 0.0126285 0.0531347 -0.00936729 0.999768 0.0194165 -1.05654 -0.0124484 -0.0195324 0.999732 118.151
0.999854 0.00963299 0.0141347 0.0563049 -0.00990063 0.999771 0.0189891 -1.06234 -0.0139485 -0.0191263 0.99972 119.485
0.999827 0.0111581 0.0148667 0.0674486 -0.0114352 0.99976 0.0186836 -1.06708 -0.0146546 -0.0188504 0.999715 120.809
0.99976 0.0132957 0.0174191 0.0682748 -0.013612 0.999742 0.0181687 -1.06496 -0.0171731 -0.0184015 0.999683 122.126
0.999708 0.0140434 0.019656 0.0756406 -0.014377 0.999753 0.016932 -1.06497 -0.0194133 -0.0172096 0.999663 123.437
0.999696 0.0151222 0.0194749 0.0965477 -0.0154386 0.99975 0.0162007 -1.06796 -0.019225 -0.0164964 0.999679 124.808
0.999676 0.0148139 0.0206772 0.107536 -0.0151491 0.999755 0.0161509 -1.07839 -0.0204329 -0.016459 0.999656 126.144
0.999666 0.0144123 0.0214668 0.128081 -0.0147786 0.999746 0.0170057 -1.08195 -0.0212163 -0.0173173 0.999625 127.466
0.99968 0.013149 0.0216325 0.154346 -0.0135386 0.999747 0.0179663 -1.09473 -0.0213908 -0.0182534 0.999605 128.79
0.999693 0.0120777 0.0216549 0.179186 -0.0124748 0.999755 0.0183005 -1.09826 -0.0214286 -0.018565 0.999598 130.116
0.999689 0.0108838 0.0224593 0.193441 -0.0113023 0.999763 0.0185935 -1.10277 -0.0222516 -0.0188415 0.999575 131.453
0.999739 0.00890923 0.021025 0.220763 -0.00931226 0.999773 0.01915 -1.10459 -0.0208496 -0.0193408 0.999596 132.796
0.999761 0.00758559 0.0205048 0.232298 -0.00797856 0.999785 0.0191515 -1.1119 -0.0203551 -0.0193105 0.999606 134.106
0.999784 0.00668562 0.0196957 0.24581 -0.00705538 0.999799 0.0187648 -1.11468 -0.0195663 -0.0188997 0.99963 135.435
0.999815 0.004469 0.0187215 0.272394 -0.00483827 0.999794 0.0197256 -1.11709 -0.0186295 -0.0198125 0.99963 136.769
0.999822 0.00332777 0.0185765 0.286931 -0.00370219 0.99979 0.0201577 -1.11976 -0.0185056 -0.0202229 0.999624 138.098
0.999877 0.00266735 0.0154743 0.308314 -0.00298103 0.99979 0.0202833 -1.12616 -0.015417 -0.0203269 0.999675 139.425
0.999887 0.00206219 0.0148734 0.311598 -0.00235969 0.999797 0.0200124 -1.12976 -0.0148291 -0.0200453 0.999689 140.755
0.99991 0.00191714 0.0132651 0.325723 -0.00217656 0.999806 0.0195699 -1.13012 -0.013225 -0.019597 0.99972 142.095
0.999924 -0.000116588 0.0123076 0.335889 -9.40226e-05 0.999854 0.0171103 -1.13142 -0.0123078 -0.0171101 0.999778 143.427
0.999922 -0.00441598 0.0116493 0.349852 0.00422103 0.999852 0.0167068 -1.1443 -0.0117214 -0.0166564 0.999793 144.742
0.999869 -0.0119688 0.0108732 0.363111 0.0117564 0.999743 0.0193929 -1.15019 -0.0111025 -0.0192626 0.999753 146.073
0.99977 -0.019376 0.00914413 0.386902 0.0191855 0.999606 0.0204803 -1.14748 -0.00953735 -0.0203001 0.999748 147.422
0.999713 -0.022536 0.00811528 0.403758 0.0223899 0.999593 0.01767 -1.15063 -0.00851019 -0.0174832 0.999811 148.755
0.999743 -0.0213486 0.00766573 0.41201 0.0212342 0.999666 0.0147118 -1.16767 -0.00797725 -0.0145453 0.999862 150.077
0.999784 -0.0185726 0.00931452 0.41113 0.0184552 0.999751 0.0125402 -1.17394 -0.00954511 -0.0123656 0.999878 151.403
0.999788 -0.017807 0.0103638 0.407934 0.0176746 0.999763 0.0127345 -1.19214 -0.0105881 -0.0125486 0.999865 152.722
0.999735 -0.0204748 0.0104953 0.422012 0.0203057 0.999666 0.0159718 -1.19973 -0.0108188 -0.0157545 0.999817 154.052
0.9996 -0.025785 0.0116434 0.433903 0.0255633 0.999496 0.0188015 -1.2046 -0.0121224 -0.0184963 0.999755 155.383
0.999483 -0.0297282 0.0122242 0.45378 0.0294759 0.999359 0.0203256 -1.20729 -0.0128206 -0.0199547 0.999719 156.703
0.999434 -0.0317959 0.010972 0.476154 0.0315646 0.999288 0.0206547 -1.2152 -0.0116209 -0.0202967 0.999726 158.037
0.999457 -0.0302048 0.0131577 0.479322 0.0299243 0.999331 0.0210173 -1.21152 -0.0137838 -0.0206121 0.999693 159.362
0.999534 -0.0277084 0.0127898 0.488831 0.0274443 0.999416 0.0203782 -1.20957 -0.013347 -0.0200177 0.999711 160.715
0.999612 -0.0237803 0.0144985 0.489758 0.0235111 0.999553 0.0184634 -1.21341 -0.0149311 -0.0181153 0.999724 162.061
0.999684 -0.0208711 0.0139884 0.501265 0.0206168 0.999624 0.0180817 -1.22303 -0.0143605 -0.0177876 0.999739 163.407
0.999702 -0.0189741 0.0153331 0.503344 0.0186751 0.999637 0.0194132 -1.22207 -0.0156959 -0.0191211 0.999694 164.725
0.999742 -0.0175703 0.0143732 0.5242 0.017292 0.999665 0.0192597 -1.22337 -0.0147068 -0.0190062 0.999711 166.075
0.999768 -0.0160785 0.0143663 0.532204 0.0158354 0.999732 0.0168785 -1.22333 -0.0146339 -0.0166471 0.999754 167.416
0.999822 -0.0123264 0.0142633 0.537443 0.0121265 0.999828 0.0140165 -1.23031 -0.0144336 -0.0138411 0.9998 168.771
0.999892 -0.00798273 0.0123707 0.545789 0.00782531 0.999888 0.0127217 -1.23718 -0.0124708 -0.0126235 0.999843 170.134
0.999897 -0.00357628 0.0138971 0.541618 0.0033856 0.9999 0.0137206 -1.24197 -0.0139447 -0.0136721 0.999809 171.491
0.999915 -0.000797484 0.0130505 0.550397 0.000591432 0.999875 0.0157851 -1.25124 -0.0130615 -0.015776 0.99979 172.854
0.999902 -8.2078e-05 0.0140168 0.552161 -0.000173459 0.999834 0.0182286 -1.25499 -0.0140159 -0.0182292 0.999736 174.222
0.999932 -0.00119005 0.0116437 0.577059 0.000968164 0.999818 0.0190434 -1.263 -0.0116643 -0.0190308 0.999751 175.609
0.999938 -0.00386112 0.0104708 0.582711 0.00365568 0.999802 0.0195691 -1.26561 -0.0105443 -0.0195296 0.999754 176.987
0.99996 -0.00321174 0.00838798 0.592959 0.00308254 0.999877 0.0153716 -1.27413 -0.00843632 -0.0153452 0.999847 178.371
0.999967 -0.00221047 0.00778383 0.586689 0.00212208 0.999933 0.0113462 -1.28494 -0.00780839 -0.0113294 0.999905 179.722
0.999962 0.0020472 0.00843849 0.572444 -0.00213632 0.999942 0.0105662 -1.29184 -0.00841637 -0.0105839 0.999909 181.088
0.999964 0.00524108 0.00673036 0.573429 -0.0053183 0.99992 0.0115071 -1.29682 -0.00666951 -0.0115425 0.999911 182.478
0.999949 0.00675447 0.00756014 0.56829 -0.00686462 0.999869 0.0146393 -1.29831 -0.00746027 -0.0146904 0.999864 183.888
0.999948 0.00718924 0.00727568 0.577675 -0.00731177 0.999829 0.0169575 -1.30599 -0.00715253 -0.0170098 0.99983 185.265
0.999946 0.00659885 0.00807402 0.569323 -0.00674162 0.999819 0.0177844 -1.30456 -0.0079552 -0.0178379 0.999809 186.653
0.999954 0.00593264 0.0074923 0.574319 -0.00607095 0.999809 0.0185741 -1.31578 -0.00738067 -0.0186188 0.999799 188.039
0.99997 0.0035854 0.00680756 0.591239 -0.00371593 0.999808 0.0192601 -1.32332 -0.0067372 -0.0192848 0.999791 189.439
0.999977 0.00106899 0.00665074 0.601227 -0.00119772 0.999811 0.0193813 -1.32295 -0.00662877 -0.0193888 0.99979 190.847
0.999972 -0.00229535 0.00705323 0.601474 0.00215152 0.999791 0.0203327 -1.32406 -0.00709842 -0.020317 0.999768 192.25
0.999956 -0.00592125 0.00723642 0.616609 0.00576254 0.999747 0.0217591 -1.32545 -0.00736343 -0.0217165 0.999737 193.68
0.999928 -0.0088563 0.00812582 0.621657 0.00867815 0.999727 0.021704 -1.32429 -0.00831582 -0.021632 0.999731 195.086
0.999935 -0.00740821 0.00869891 0.624014 0.00725346 0.999817 0.0176877 -1.32748 -0.00882836 -0.0176235 0.999806 196.481
0.999962 -0.00052777 0.00869025 0.616009 0.000418584 0.999921 0.0125612 -1.3314 -0.0086962 -0.0125571 0.999883 197.897
0.999909 0.00898636 0.0100979 0.605497 -0.0091082 0.999885 0.0120854 -1.33516 -0.00998815 -0.0121763 0.999876 199.315
0.999804 0.0157101 0.0120578 0.594703 -0.0158972 0.999752 0.0155823 -1.33624 -0.01181 -0.0157709 0.999806 200.751
0.999782 0.0167636 0.012485 0.59651 -0.0169882 0.999692 0.0181086 -1.34244 -0.0121776 -0.0183168 0.999758 202.173
0.999817 0.0154275 0.0113514 0.613307 -0.0156373 0.999704 0.0186332 -1.34282 -0.0110605 -0.0188073 0.999762 203.606
0.99986 0.0127364 0.0108091 0.628377 -0.0129378 0.99974 0.0187709 -1.34871 -0.0105672 -0.0189081 0.999765 205.024
0.999896 0.0107327 0.00964702 0.640517 -0.0109083 0.999772 0.0183388 -1.3535 -0.009448 -0.0184421 0.999785 206.471
0.999895 0.0110667 0.00936062 0.63962 -0.011232 0.999779 0.0177931 -1.35585 -0.00916164 -0.0178964 0.999798 207.901
0.999882 0.0124885 0.00891662 0.647732 -0.0126478 0.999757 0.0180398 -1.35988 -0.00868917 -0.0181504 0.999798 209.348
0.99987 0.0134067 0.00891818 0.650208 -0.0135718 0.999733 0.0187155 -1.36213 -0.00866488 -0.0188341 0.999785 210.805
0.999865 0.0135833 0.00929748 0.64695 -0.0137508 0.99974 0.0181902 -1.36576 -0.00904798 -0.0183155 0.999791 212.245
0.99988 0.0130051 0.00846746 0.653658 -0.0131522 0.999759 0.0175556 -1.36908 -0.00823711 -0.0176649 0.99981 213.708
0.999869 0.0129282 0.0097341 0.647437 -0.0130916 0.999771 0.0169187 -1.37291 -0.00951314 -0.017044 0.999809 215.139
0.99988 0.0127216 0.00882433 0.66072 -0.012869 0.999775 0.0168529 -1.37372 -0.00860795 -0.0169644 0.999819 216.599
0.99988 0.0128695 0.00861996 0.666988 -0.0130156 0.999769 0.0171197 -1.38457 -0.00839765 -0.0172298 0.999816 218.065
0.999881 0.0131239 0.00811599 0.667473 -0.0132584 0.999772 0.0167507 -1.38662 -0.0078943 -0.0168563 0.999827 219.532
0.999876 0.0141344 0.00695993 0.67532 -0.0142488 0.999759 0.0166752 -1.39286 -0.00672257 -0.0167723 0.999837 221.01
0.999871 0.0144255 0.00700965 0.675175 -0.01454 0.999757 0.0165665 -1.40076 -0.00676896 -0.0166663 0.999838 222.472
0.99986 0.0149951 0.00745892 0.674153 -0.0151188 0.999744 0.0168205 -1.40974 -0.00720479 -0.0169309 0.999831 223.94
0.999868 0.0144841 0.00739894 0.674373 -0.0146061 0.999754 0.0167035 -1.41542 -0.00715519 -0.0168094 0.999833 225.424
0.99988 0.0137247 0.00719055 0.681597 -0.013841 0.99977 0.0163899 -1.42247 -0.00696395 -0.0164875 0.99984 226.909
0.999879 0.0127903 0.00886677 0.675219 -0.0129377 0.999776 0.0167754 -1.43122 -0.00865022 -0.0168881 0.99982 228.4
0.999895 0.011105 0.00933388 0.678036 -0.0112677 0.999782 0.0175632 -1.4368 -0.00913681 -0.0176665 0.999802 229.876
0.9999 0.0105082 0.00949553 0.67784 -0.0106753 0.999786 0.0177296 -1.43817 -0.00930719 -0.0178292 0.999798 231.355
0.999906 0.0107036 0.00856927 0.686413 -0.0108514 0.99979 0.0174022 -1.44201 -0.0083812 -0.0174936 0.999812 232.847
0.999874 0.0120951 0.0102527 0.6815 -0.012266 0.999784 0.0167762 -1.44747 -0.0100476 -0.0168998 0.999807 234.316
0.999851 0.0133584 0.0109004 0.674229 -0.0135477 0.999755 0.017476 -1.45405 -0.0106643 -0.017621 0.999788 235.836
0.999852 0.0132206 0.0110137 0.68439 -0.0134353 0.999717 0.0196539 -1.45286 -0.0107507 -0.019799 0.999746 237.343
0.999858 0.0132555 0.0104109 0.694528 -0.0134634 0.999706 0.0201654 -1.45554 -0.0101405 -0.0203027 0.999742 238.854
0.999839 0.0132651 0.0121188 0.703457 -0.0134897 0.999735 0.0186454 -1.4572 -0.0118683 -0.0188059 0.999753 240.337
0.999825 0.0136886 0.0127557 0.71181 -0.013908 0.999754 0.0172754 -1.46075 -0.0125161 -0.0174498 0.999769 241.841
0.999822 0.0146179 0.0119693 0.717017 -0.0148283 0.999734 0.0176794 -1.46563 -0.0117077 -0.0178537 0.999772 243.356
0.999819 0.0145592 0.012222 0.730784 -0.0147841 0.999719 0.0185163 -1.46582 -0.011949 -0.0186937 0.999754 244.851
0.999821 0.0141939 0.0125437 0.730829 -0.0144341 0.99971 0.0192678 -1.47191 -0.0122666 -0.0194454 0.999736 246.341
0.999826 0.014543 0.011691 0.748039 -0.0147691 0.999701 0.019493 -1.47684 -0.0114041 -0.0196623 0.999742 247.878
0.999804 0.0156838 0.0120483 0.744115 -0.0159203 0.999677 0.0197934 -1.47984 -0.011734 -0.0199814 0.999731 249.386
0.999777 0.0173157 0.0120609 0.75235 -0.0175527 0.999649 0.0198303 -1.48023 -0.0117133 -0.0200376 0.999731 250.917
0.999789 0.0176754 0.0104848 0.765018 -0.0178824 0.99964 0.0199833 -1.47598 -0.0101278 -0.0201666 0.999745 252.442
0.999808 0.0159994 0.0112867 0.769627 -0.0162284 0.999658 0.0204995 -1.48042 -0.0109549 -0.0206787 0.999726 253.97
0.999842 0.014423 0.0103723 0.777303 -0.014642 0.999665 0.0213505 -1.47654 -0.0100609 -0.021499 0.999718 255.497
0.999855 0.0121255 0.0119545 0.778306 -0.0123862 0.999682 0.0219781 -1.47702 -0.0116842 -0.022123 0.999687 257.03
0.999905 0.00976505 0.00969809 0.796955 -0.00997381 0.999714 0.0217163 -1.48289 -0.00948326 -0.021811 0.999717 258.567
0.9999 0.0088436 0.0110051 0.794803 -0.00907111 0.999743 0.0207977 -1.48407 -0.0108183 -0.0208954 0.999723 260.08
0.999907 0.00744916 0.0114556 0.803767 -0.00770811 0.999712 0.0227284 -1.48703 -0.011283 -0.0228145 0.999676 261.592
0.999937 0.00467028 0.0102386 0.822939 -0.00491842 0.999692 0.0243457 -1.47555 -0.0101218 -0.0243945 0.999651 263.114
0.999928 0.00363563 0.0114181 0.822551 -0.0039069 0.999708 0.023826 -1.47265 -0.0113281 -0.0238689 0.999651 264.62
0.999917 0.00368434 0.0123777 0.832613 -0.00396679 0.999731 0.0228728 -1.47314 -0.0122901 -0.02292 0.999662 266.149
0.999891 0.00393493 0.0142208 0.840963 -0.0042531 0.99974 0.0224125 -1.46794 -0.0141289 -0.0224706 0.999648 267.678
0.99986 0.00546788 0.0158304 0.846609 -0.00582748 0.999724 0.0227598 -1.46806 -0.0157016 -0.0228488 0.999616 269.196
0.999852 0.00688364 0.0157505 0.857893 -0.00723876 0.999718 0.0226022 -1.46446 -0.0155905 -0.0227128 0.99962 270.726
0.9998 0.00837371 0.0181571 0.86538 -0.00878093 0.999709 0.0224648 -1.46533 -0.0179637 -0.0226198 0.999583 272.25
0.999838 0.00809952 0.0160453 0.892925 -0.00845918 0.999712 0.0224758 -1.46234 -0.0158586 -0.0226079 0.999619 273.778
0.999801 0.00861865 0.0180067 0.897945 -0.0090156 0.999716 0.0220813 -1.46465 -0.0178113 -0.0222392 0.999594 275.322
0.999804 0.00813056 0.0180525 0.920017 -0.00851842 0.999732 0.0215132 -1.46261 -0.0178727 -0.0216627 0.999606 276.84
0.999798 0.00775419 0.0185646 0.941266 -0.00815548 0.999733 0.0216386 -1.4592 -0.0183918 -0.0217856 0.999593 278.36
0.999802 0.00625103 0.0188659 0.964091 -0.00668385 0.999714 0.0229666 -1.45634 -0.0187169 -0.0230882 0.999558 279.892
0.9998 0.00519 0.0193104 0.984265 -0.00563087 0.999723 0.0228472 -1.44336 -0.0191865 -0.0229514 0.999552 281.441
0.999827 0.00436597 0.0180635 1.01402 -0.00475014 0.999762 0.0212801 -1.45838 -0.0179663 -0.0213622 0.99961 282.967
0.999811 0.00424816 0.0189544 1.02939 -0.00460546 0.999812 0.0188471 -1.45477 -0.0188708 -0.0189309 0.999643 284.497
0.99985 0.00441635 0.0167669 1.05688 -0.00473877 0.999804 0.0192382 -1.45808 -0.0166787 -0.0193148 0.999674 286.025
0.999867 0.00349711 0.0159022 1.07 -0.00380365 0.999807 0.0192872 -1.45868 -0.0158317 -0.0193452 0.999688 287.565
0.999889 0.00292977 0.0145943 1.08343 -0.00320549 0.999816 0.0189045 -1.46209 -0.0145362 -0.0189492 0.999715 289.093
0.999878 0.00383353 0.0151404 1.09127 -0.0041175 0.999815 0.0187694 -1.46502 -0.0150657 -0.0188294 0.999709 290.64
0.999921 0.00346081 0.0120428 1.10836 -0.0036918 0.999809 0.0192115 -1.46255 -0.011974 -0.0192544 0.999743 292.212
0.999921 0.0033732 0.0121138 1.10698 -0.00360592 0.999808 0.0192405 -1.46161 -0.0120465 -0.0192826 0.999741 293.757
0.999947 0.00239993 0.0100479 1.12417 -0.00260913 0.999779 0.0208591 -1.4625 -0.00999562 -0.0208842 0.999732 295.311
0.999944 0.00369702 0.0099512 1.12705 -0.00391531 0.99975 0.0220068 -1.45456 -0.00986736 -0.0220445 0.999708 296.89
0.999946 0.00374637 0.00969833 1.14234 -0.0039602 0.999747 0.0221239 -1.4538 -0.00961299 -0.0221612 0.999708 298.464
0.999925 0.00511024 0.0111471 1.14347 -0.00535203 0.999749 0.0217702 -1.44947 -0.011033 -0.0218282 0.999701 300.049
0.999936 0.00394299 0.010579 1.15901 -0.00417278 0.999754 0.0217876 -1.44553 -0.0104905 -0.0218303 0.999707 301.63
0.999939 0.00192049 0.0109089 1.17201 -0.00214777 0.99978 0.0208616 -1.43893 -0.0108664 -0.0208837 0.999723 303.223
0.999944 0.000565733 0.0105461 1.18924 -0.000767419 0.999817 0.0191301 -1.44238 -0.0105333 -0.0191371 0.999761 304.821
0.999952 8.19194e-05 0.00981451 1.19752 -0.000262084 0.999831 0.018357 -1.44744 -0.00981136 -0.0183587 0.999783 306.394
0.999986 0.000479634 0.00528431 1.22874 -0.000570677 0.999851 0.0172409 -1.44869 -0.00527525 -0.0172436 0.999837 308.008
0.999992 0.00200075 0.00354271 1.22035 -0.00206364 0.999839 0.0178376 -1.44634 -0.00350646 -0.0178447 0.999835 309.611
0.999986 0.00323916 0.00407558 1.21143 -0.00332385 0.999775 0.0209486 -1.44446 -0.0040068 -0.0209619 0.999772 311.217
0.999988 0.00198829 0.00446328 1.20922 -0.00209502 0.999709 0.0240354 -1.44186 -0.00441419 -0.0240444 0.999701 312.821
0.999987 0.00106375 0.00507037 1.20576 -0.00118763 0.999699 0.0244926 -1.43151 -0.0050428 -0.0244983 0.999687 314.424
0.999991 -9.40806e-05 0.00428214 1.21103 -7.89172e-06 0.999717 0.0238071 -1.43469 -0.00428317 -0.0238069 0.999707 316.042
0.999987 -0.00102361 0.00493732 1.21423 0.00090648 0.999719 0.0236674 -1.42623 -0.00496016 -0.0236626 0.999708 317.65
0.999988 -0.00118002 0.00478863 1.21856 0.00106388 0.999707 0.0241841 -1.42289 -0.00481576 -0.0241788 0.999696 319.261
0.999986 -0.000836173 0.00523151 1.22843 0.000708342 0.999702 0.0243891 -1.42501 -0.00525035 -0.024385 0.999689 320.879
0.999983 0.000509243 0.00574604 1.22244 -0.000642799 0.999729 0.0232654 -1.41483 -0.00573263 -0.0232687 0.999713 322.491
0.999981 0.00100563 0.00603484 1.22651 -0.00114287 0.99974 0.022782 -1.41421 -0.00601036 -0.0227885 0.999722 324.111
0.999977 0.000228644 0.00683164 1.23009 -0.000396325 0.999698 0.0245535 -1.4123 -0.00682397 -0.0245556 0.999675 325.708
0.999976 -0.000913509 0.00688308 1.23793 0.000737431 0.999674 0.0255406 -1.40736 -0.00690417 -0.0255349 0.99965 327.319
0.999979 -0.00169582 0.00627995 1.24107 0.00154049 0.999695 0.0246572 -1.41109 -0.00631985 -0.024647 0.999676 328.921
0.999976 -0.000896516 0.0069111 1.24446 0.00072524 0.999694 0.0247455 -1.41156 -0.00693117 -0.0247399 0.99967 330.522
0.999979 0.000523782 0.00644709 1.24628 -0.000670233 0.999741 0.0227346 -1.39797 -0.00643351 -0.0227385 0.999721 332.134
0.999973 0.0026162 0.00691084 1.23934 -0.00275621 0.99979 0.0203282 -1.40555 -0.0068562 -0.0203467 0.999769 333.704
0.999973 0.00389187 0.00628485 1.24071 -0.0040212 0.999778 0.020698 -1.40081 -0.0062029 -0.0207227 0.999766 335.302
0.999976 0.00440927 0.00533429 1.24242 -0.00453683 0.999698 0.0241426 -1.40808 -0.00522623 -0.0241662 0.999694 336.891
0.999973 0.00546453 0.00485618 1.23884 -0.00559338 0.999622 0.0269287 -1.40209 -0.00470719 -0.0269551 0.999626 338.459
0.999974 0.00632878 0.00345567 1.23126 -0.00641576 0.999647 0.025768 -1.39592 -0.00329137 -0.0257895 0.999662 340.045
0.999981 0.00603865 0.0015464 1.22287 -0.0060748 0.99968 0.0245483 -1.39118 -0.00139766 -0.0245572 0.999697 341.637
0.999963 0.00505016 -0.00700906 1.20347 -0.00486274 0.999637 0.0265034 -1.38685 0.00714036 -0.0264684 0.999624 343.223
0.99996 0.00322393 -0.00830704 1.20097 -0.00299984 0.999635 0.0268481 -1.37993 0.00839057 -0.0268221 0.999605 344.804
0.999956 0.00301195 -0.0088947 1.17928 -0.0027776 0.999652 0.0262435 -1.37933 0.00897065 -0.0262177 0.999616 346.376
0.999956 0.00274805 -0.00901665 1.15773 -0.0025152 0.999666 0.0257347 -1.37801 0.00908436 -0.0257109 0.999628 347.953
0.999961 0.00255017 -0.00839625 1.12693 -0.00233593 0.999674 0.0254284 -1.36951 0.00845836 -0.0254078 0.999641 349.527
0.999965 0.00174452 -0.00822641 1.10499 -0.00153472 0.999675 0.0254412 -1.36785 0.00826812 -0.0254277 0.999642 351.098
0.999999 0.00134733 -0.000264754 1.08638 -0.00134023 0.999681 0.0252056 -1.3627 0.00029863 -0.0252052 0.999682 352.679
0.999999 0.000806393 0.00119895 1.06583 -0.000835666 0.999697 0.0246187 -1.36287 -0.00117873 -0.0246196 0.999696 354.245
1 0.000465954 -0.000473399 1.07371 -0.000453873 0.999682 0.0252072 -1.36182 0.000484994 -0.025207 0.999682 355.832
1 0.000682577 -0.000627801 1.06711 -0.0006671 0.999704 0.0243317 -1.35028 0.000644224 -0.0243313 0.999704 357.405
0.999999 -0.000933567 -0.00113072 1.0608 0.000960272 0.999715 0.0238527 -1.35838 0.00110813 -0.0238537 0.999715 358.995
0.999998 -0.00181451 -5.27637e-05 1.04832 0.00181526 0.99969 0.0248501 -1.34361 7.65664e-06 -0.0248502 0.999691 360.573
0.999992 -0.00385013 -0.000823024 1.04214 0.00387049 0.999645 0.026367 -1.34384 0.000721216 -0.0263699 0.999652 362.16
0.999992 -0.00385772 0.000517732 1.0283 0.00384337 0.999672 0.0253172 -1.3367 -0.000615229 -0.025315 0.999679 363.739
0.999975 -0.00287933 -0.00650367 1.02725 0.0030468 0.99966 0.0258876 -1.32897 0.00642692 -0.0259068 0.999644 365.341
0.999987 -0.0012725 -0.00495316 0.996665 0.00140189 0.999656 0.0262069 -1.31719 0.00491811 -0.0262135 0.999644 366.941
0.999988 -0.00013129 -0.00496605 0.976093 0.000267395 0.999624 0.0274163 -1.31118 0.00496058 -0.0274173 0.999612 368.526
0.999988 -4.15249e-05 -0.00490398 0.957192 0.00017551 0.999627 0.0273244 -1.30129 0.00490101 -0.027325 0.999615 370.102
0.999988 0.000151094 -0.00488587 0.947876 -2.16199e-05 0.999649 0.0264888 -1.29527 0.00488816 -0.0264884 0.999637 371.7
0.999889 -0.000206718 0.014894 0.917025 -0.000212657 0.999604 0.0281504 -1.28772 -0.0148939 -0.0281504 0.999493 373.285
0.999865 0.000457423 0.0164299 0.91722 -0.000903767 0.99963 0.0271694 -1.27513 -0.0164114 -0.0271806 0.999496 374.885
0.999875 0.00135457 0.0157814 0.937486 -0.0017872 0.999622 0.0274317 -1.2685 -0.0157383 -0.0274564 0.999499 376.487
0.999887 0.00212683 0.0149064 0.957153 -0.00254293 0.999606 0.027951 -1.25582 -0.014841 -0.0279857 0.999498 378.094
0.999875 0.00394916 0.0153368 0.96832 -0.00436864 0.999615 0.0274149 -1.24317 -0.0152226 -0.0274784 0.999506 379.693
0.999883 0.00545085 0.0142774 0.984344 -0.00582994 0.999628 0.0266456 -1.22929 -0.0141268 -0.0267257 0.999543 381.303
0.999882 0.00625172 0.0139993 0.995639 -0.00662472 0.99962 0.0267579 -1.22076 -0.0138267 -0.0268475 0.999544 382.885
0.99986 0.00774789 0.014863 1.00524 -0.00815351 0.999591 0.027427 -1.20579 -0.0146444 -0.0275444 0.999513 384.493
0.999854 0.00831947 0.0148978 1.01825 -0.00873324 0.999572 0.0279278 -1.20128 -0.0146591 -0.0280539 0.999499 386.091
0.999898 0.00907173 0.0109868 1.02927 -0.00940204 0.999494 0.0303947 -1.19214 -0.0107055 -0.0304949 0.999478 387.693
0.999904 0.00906583 0.0104367 1.04798 -0.00937453 0.999508 0.0299196 -1.17721 -0.0101603 -0.0300145 0.999498 389.315
