1.000000e+00 -1.734723e-18 -6.776264e-21 0.000000e+00 0.000000e+00 1.000000e+00 8.673617e-19 0.000000e+00 -2.168404e-19 -8.673617e-19 1.000000e+00 0.000000e+00
9.999997e-01 -5.370745e-04 6.368024e-04 9.282339e-03 5.360325e-04 9.999985e-01 1.635432e-03 -6.119880e-03 -6.376798e-04 -1.635090e-03 9.999985e-01 4.967328e-01
9.999956e-01 -2.222224e-03 1.967644e-03 1.857728e-02 2.218589e-03 9.999958e-01 1.847862e-03 -2.360495e-02 -1.971742e-03 -1.843488e-03 9.999964e-01 1.553553e+00
9.999945e-01 -3.140563e-03 1.055340e-03 8.047646e-03 3.139956e-03 9.999949e-01 5.770692e-04 -6.365967e-02 -1.057147e-03 -5.737524e-04 9.999993e-01 3.505530e+00
9.999925e-01 -3.439124e-03 1.801577e-03 7.165663e-03 3.437757e-03 9.999938e-01 7.613217e-04 -8.581915e-02 -1.804185e-03 -7.551226e-04 9.999981e-01 4.803206e+00
9.999951e-01 -3.110903e-03 -1.962788e-04 -3.309309e-02 3.111265e-03 9.999934e-01 1.873352e-03 -1.149310e-01 1.904497e-04 -1.873953e-03 9.999982e-01 6.483182e+00
9.999912e-01 -4.184082e-03 -4.792495e-06 -3.388837e-02 4.184077e-03 9.999867e-01 3.029770e-03 -1.435702e-01 -7.884371e-06 -3.029764e-03 9.999954e-01 7.821083e+00
9.999912e-01 -4.187889e-03 -9.479259e-05 -3.568981e-02 4.188198e-03 9.999850e-01 3.532332e-03 -1.673478e-01 7.999816e-05 -3.532698e-03 9.999938e-01 9.155515e+00
9.999924e-01 -3.686822e-03 -1.296723e-03 -6.204195e-02 3.689842e-03 9.999905e-01 2.334257e-03 -1.938970e-01 1.288105e-03 -2.339024e-03 9.999964e-01 1.048694e+01
9.999998e-01 -5.433390e-04 1.515928e-04 -7.094111e-02 5.432106e-04 9.999995e-01 8.453815e-04 -2.181068e-01 -1.520520e-04 -8.452991e-04 9.999996e-01 1.181910e+01
9.999968e-01 2.516019e-03 -3.810083e-04 -8.498280e-02 -2.516025e-03 9.999968e-01 -1.643408e-05 -2.448120e-01 3.809657e-04 1.739265e-05 9.999999e-01 1.316233e+01
9.999891e-01 4.454393e-03 -1.373291e-03 -1.117126e-01 -4.455046e-03 9.999900e-01 -4.726574e-04 -2.681341e-01 1.371172e-03 4.787704e-04 9.999989e-01 1.450992e+01
9.999863e-01 5.232650e-03 -1.255992e-04 -1.243144e-01 -5.232605e-03 9.999862e-01 3.621320e-04 -2.943127e-01 1.274924e-04 -3.614699e-04 9.999999e-01 1.584597e+01
9.999928e-01 3.742617e-03 6.026138e-04 -1.113363e-01 -3.744418e-03 9.999884e-01 3.015037e-03 -3.194604e-01 -5.913227e-04 -3.017272e-03 9.999953e-01 1.718398e+01
9.999999e-01 1.435867e-04 4.451951e-04 -1.121512e-01 -1.457615e-04 9.999880e-01 4.888846e-03 -3.433817e-01 -4.444878e-04 -4.888911e-03 9.999880e-01 1.855814e+01
9.999991e-01 -1.353624e-03 -1.539031e-04 -1.201099e-01 1.354111e-03 9.999939e-01 3.208266e-03 -3.690918e-01 1.495594e-04 -3.208472e-03 9.999948e-01 1.990740e+01
9.999961e-01 -2.666701e-03 8.243090e-04 -1.241361e-01 2.665675e-03 9.999957e-01 1.243432e-03 -3.849900e-01 -8.276214e-04 -1.241230e-03 9.999989e-01 2.124843e+01
9.999988e-01 -9.667797e-04 1.223469e-03 -1.297250e-01 9.660631e-04 9.999994e-01 5.862305e-04 -4.261675e-01 -1.224035e-03 -5.850479e-04 9.999991e-01 2.259845e+01
9.999975e-01 2.006847e-03 9.390441e-04 -1.483447e-01 -2.008320e-03 9.999968e-01 1.569789e-03 -4.369115e-01 -9.358908e-04 -1.571671e-03 9.999983e-01 2.394963e+01
9.999968e-01 1.864751e-03 1.720411e-03 -1.476083e-01 -1.875079e-03 9.999801e-01 6.021499e-03 -4.566348e-01 -1.709148e-03 -6.024706e-03 9.999804e-01 2.530267e+01
9.999985e-01 4.664817e-05 1.710852e-03 -1.784448e-01 -5.898788e-05 9.999740e-01 7.213274e-03 -4.763073e-01 -1.710471e-03 -7.213365e-03 9.999725e-01 2.669868e+01
9.999925e-01 -3.034934e-03 2.398846e-03 -1.711263e-01 3.019319e-03 9.999744e-01 6.486684e-03 -5.029460e-01 -2.418471e-03 -6.479392e-03 9.999761e-01 2.804999e+01
9.999922e-01 -3.489003e-03 1.841444e-03 -1.684168e-01 3.482315e-03 9.999874e-01 3.623037e-03 -5.110718e-01 -1.854062e-03 -3.616597e-03 9.999917e-01 2.946807e+01
9.999860e-01 -4.322867e-03 3.066860e-03 -1.692755e-01 4.317685e-03 9.999892e-01 1.694218e-03 -5.487192e-01 -3.074151e-03 -1.680953e-03 9.999939e-01 3.087033e+01
9.999916e-01 -2.175539e-03 3.461216e-03 -1.862327e-01 2.174123e-03 9.999976e-01 4.128237e-04 -5.601880e-01 -3.462105e-03 -4.052951e-04 9.999939e-01 3.222846e+01
9.999917e-01 -2.729541e-04 4.074458e-03 -1.947474e-01 2.769747e-04 9.999995e-01 -9.862376e-04 -6.019605e-01 -4.074187e-03 9.873579e-04 9.999912e-01 3.361282e+01
9.999906e-01 6.549546e-04 4.289636e-03 -1.955239e-01 -6.505873e-04 9.999993e-01 -1.019416e-03 -6.197184e-01 -4.290301e-03 1.016615e-03 9.999903e-01 3.498833e+01
9.999942e-01 6.967592e-04 3.341433e-03 -2.082307e-01 -6.981151e-04 9.999997e-01 4.046323e-04 -6.580899e-01 -3.341150e-03 -4.069627e-04 9.999943e-01 3.638048e+01
9.999915e-01 2.487994e-03 3.286025e-03 -2.182217e-01 -2.492808e-03 9.999958e-01 1.461588e-03 -6.788331e-01 -3.282375e-03 -1.469768e-03 9.999935e-01 3.777337e+01
9.999847e-01 4.736949e-03 2.864845e-03 -2.199892e-01 -4.741154e-03 9.999877e-01 1.462518e-03 -7.039080e-01 -2.857882e-03 -1.476078e-03 9.999948e-01 3.916093e+01
9.999723e-01 6.921573e-03 2.735200e-03 -2.316644e-01 -6.926091e-03 9.999747e-01 1.645737e-03 -7.293648e-01 -2.723739e-03 -1.664636e-03 9.999949e-01 4.058041e+01
9.999598e-01 8.404026e-03 3.124967e-03 -2.435794e-01 -8.412110e-03 9.999613e-01 2.582680e-03 -7.500542e-01 -3.103141e-03 -2.608864e-03 9.999918e-01 4.197088e+01
9.999545e-01 9.101695e-03 2.856788e-03 -2.522047e-01 -9.109841e-03 9.999544e-01 2.851151e-03 -7.698709e-01 -2.830708e-03 -2.877046e-03 9.999919e-01 4.338243e+01
9.999617e-01 8.276353e-03 2.844242e-03 -2.558356e-01 -8.284530e-03 9.999615e-01 2.874994e-03 -7.990918e-01 -2.820339e-03 -2.898447e-03 9.999918e-01 4.481138e+01
9.999642e-01 8.161793e-03 2.242086e-03 -2.495606e-01 -8.167447e-03 9.999635e-01 2.524259e-03 -8.227703e-01 -2.221402e-03 -2.542480e-03 9.999943e-01 4.619379e+01
9.999630e-01 8.357394e-03 2.035297e-03 -2.602188e-01 -8.363024e-03 9.999612e-01 2.772984e-03 -8.512761e-01 -2.012043e-03 -2.789902e-03 9.999941e-01 4.760478e+01
9.999662e-01 8.143419e-03 1.173079e-03 -2.804195e-01 -8.147360e-03 9.999610e-01 3.393983e-03 -8.730588e-01 -1.145395e-03 -3.403425e-03 9.999936e-01 4.900012e+01
9.999714e-01 7.561706e-03 4.100611e-05 -2.904234e-01 -7.561802e-03 9.999656e-01 3.419911e-03 -8.903388e-01 -1.514433e-05 -3.420124e-03 9.999942e-01 5.041788e+01
9.999634e-01 8.497482e-03 -9.787581e-04 -2.913713e-01 -8.493918e-03 9.999575e-01 3.589723e-03 -9.187600e-01 1.009220e-03 -3.581279e-03 9.999931e-01 5.183756e+01
9.999571e-01 8.956865e-03 -2.366189e-03 -2.991158e-01 -8.945379e-03 9.999484e-01 4.821113e-03 -9.457840e-01 2.409249e-03 -4.799740e-03 9.999856e-01 5.325788e+01
9.999626e-01 8.110902e-03 -3.012550e-03 -3.187903e-01 -8.092517e-03 9.999489e-01 6.065835e-03 -9.673512e-01 3.061596e-03 -6.041229e-03 9.999771e-01 5.469102e+01
9.999699e-01 6.574838e-03 -4.111430e-03 -3.165806e-01 -6.547501e-03 9.999566e-01 6.627494e-03 -9.916881e-01 4.154827e-03 -6.600376e-03 9.999696e-01 5.609700e+01
9.999810e-01 3.958641e-03 -4.723919e-03 -3.345025e-01 -3.929424e-03 9.999732e-01 6.178342e-03 -1.012599e+00 4.748251e-03 -6.159663e-03 9.999698e-01 5.753592e+01
9.999887e-01 3.140573e-03 -3.571435e-03 -3.576029e-01 -3.117744e-03 9.999748e-01 6.380062e-03 -1.030259e+00 3.591382e-03 -6.368855e-03 9.999733e-01 5.894716e+01
9.999917e-01 2.272130e-03 -3.394822e-03 -3.565654e-01 -2.247929e-03 9.999722e-01 7.115626e-03 -1.053237e+00 3.410895e-03 -7.107936e-03 9.999689e-01 6.036949e+01
9.999947e-01 1.623295e-03 -2.826339e-03 -3.738332e-01 -1.600834e-03 9.999673e-01 7.931243e-03 -1.076568e+00 2.839122e-03 -7.926677e-03 9.999646e-01 6.178825e+01
9.999955e-01 -1.497251e-04 -3.011341e-03 -3.892631e-01 1.721854e-04 9.999722e-01 7.459692e-03 -1.099910e+00 3.010141e-03 -7.460177e-03 9.999676e-01 6.323279e+01
9.999956e-01 -8.246059e-04 -2.844622e-03 -3.985511e-01 8.438782e-04 9.999767e-01 6.780457e-03 -1.124861e+00 2.838964e-03 -6.782828e-03 9.999730e-01 6.464801e+01
9.999937e-01 -2.675924e-03 -2.322325e-03 -3.964778e-01 2.691282e-03 9.999744e-01 6.635262e-03 -1.139402e+00 2.304510e-03 -6.641470e-03 9.999753e-01 6.607584e+01
9.999977e-01 -1.364547e-03 -1.675413e-03 -4.154834e-01 1.376156e-03 9.999749e-01 6.947410e-03 -1.160733e+00 1.665891e-03 -6.949699e-03 9.999745e-01 6.748480e+01
9.999996e-01 2.710318e-04 -8.916050e-04 -4.314925e-01 -2.637842e-04 9.999670e-01 8.118875e-03 -1.182868e+00 8.937761e-04 -8.118636e-03 9.999666e-01 6.888063e+01
9.999865e-01 5.177567e-03 -3.379394e-04 -4.576516e-01 -5.174232e-03 9.999441e-01 9.219518e-03 -1.208400e+00 3.856553e-04 -9.217646e-03 9.999574e-01 7.030701e+01
9.999552e-01 9.429602e-03 7.687201e-04 -4.713078e-01 -9.436839e-03 9.999052e-01 1.002634e-02 -1.231785e+00 -6.741029e-04 -1.003315e-02 9.999494e-01 7.169962e+01
9.999363e-01 1.123748e-02 1.043825e-03 -4.720778e-01 -1.124685e-02 9.998922e-01 9.443690e-03 -1.235347e+00 -9.375890e-04 -9.454828e-03 9.999549e-01 7.310521e+01
9.998677e-01 1.606814e-02 2.545340e-03 -4.903375e-01 -1.609094e-02 9.998282e-01 9.205013e-03 -1.257124e+00 -2.396995e-03 -9.244752e-03 9.999544e-01 7.448636e+01
9.998192e-01 1.867317e-02 3.580727e-03 -4.999427e-01 -1.870488e-02 9.997842e-01 9.037367e-03 -1.275146e+00 -3.411198e-03 -9.102711e-03 9.999528e-01 7.588004e+01
9.997977e-01 1.978383e-02 3.613799e-03 -5.092058e-01 -1.981767e-02 9.997577e-01 9.581334e-03 -1.295137e+00 -3.423368e-03 -9.651014e-03 9.999476e-01 7.726193e+01
9.998006e-01 1.966912e-02 3.438094e-03 -5.158249e-01 -1.970236e-02 9.997567e-01 9.917158e-03 -1.317346e+00 -3.242196e-03 -9.982919e-03 9.999449e-01 7.866056e+01
9.998257e-01 1.836800e-02 3.337575e-03 -5.199156e-01 -1.839765e-02 9.997895e-01 9.082331e-03 -1.334895e+00 -3.170049e-03 -9.142152e-03 9.999532e-01 8.004950e+01
9.998653e-01 1.620916e-02 2.589249e-03 -5.223991e-01 -1.623086e-02 9.998313e-01 8.594295e-03 -1.348663e+00 -2.449507e-03 -8.635163e-03 9.999597e-01 8.145225e+01
9.998618e-01 1.640182e-02 2.700864e-03 -5.258095e-01 -1.642659e-02 9.998207e-01 9.420471e-03 -1.372844e+00 -2.545867e-03 -9.463536e-03 9.999520e-01 8.279092e+01
9.998777e-01 1.558916e-02 1.276967e-03 -5.331726e-01 -1.559989e-02 9.998389e-01 8.874293e-03 -1.390952e+00 -1.138418e-03 -8.893128e-03 9.999598e-01 8.418255e+01
9.998668e-01 1.628248e-02 1.079668e-03 -5.403388e-01 -1.629154e-02 9.998268e-01 8.999364e-03 -1.409974e+00 -9.329495e-04 -9.015755e-03 9.999589e-01 8.557062e+01
9.998843e-01 1.520917e-02 9.566959e-05 -5.522178e-01 -1.520941e-02 9.998418e-01 9.224802e-03 -1.421704e+00 4.464715e-05 -9.225190e-03 9.999574e-01 8.692611e+01
9.999036e-01 1.384514e-02 -1.085124e-03 -5.559687e-01 -1.383230e-02 9.998431e-01 1.106579e-02 -1.446102e+00 1.238161e-03 -1.104971e-02 9.999382e-01 8.832004e+01
9.999370e-01 1.090802e-02 -2.650921e-03 -5.610562e-01 -1.087589e-02 9.998707e-01 1.184648e-02 -1.459717e+00 2.779800e-03 -1.181690e-02 9.999263e-01 8.969353e+01
9.999537e-01 8.941201e-03 -3.570489e-03 -5.738324e-01 -8.897710e-03 9.998882e-01 1.201652e-02 -1.475062e+00 3.677532e-03 -1.198419e-02 9.999214e-01 9.105537e+01
9.999724e-01 6.578319e-03 -3.462910e-03 -5.842536e-01 -6.537940e-03 9.999120e-01 1.154551e-02 -1.485599e+00 3.538555e-03 -1.152255e-02 9.999274e-01 9.240794e+01
9.999684e-01 6.379239e-03 -4.745124e-03 -5.979035e-01 -6.325523e-03 9.999167e-01 1.125048e-02 -1.497953e+00 4.816499e-03 -1.122011e-02 9.999255e-01 9.375432e+01
9.999760e-01 5.360481e-03 -4.397088e-03 -6.168110e-01 -5.312169e-03 9.999262e-01 1.092650e-02 -1.519991e+00 4.455335e-03 -1.090288e-02 9.999306e-01 9.514086e+01
9.999745e-01 5.485181e-03 -4.575810e-03 -6.348571e-01 -5.437019e-03 9.999304e-01 1.047232e-02 -1.540050e+00 4.632934e-03 -1.044717e-02 9.999347e-01 9.648725e+01
9.999725e-01 6.179600e-03 -4.088291e-03 -6.492650e-01 -6.139621e-03 9.999339e-01 9.720280e-03 -1.558561e+00 4.148089e-03 -9.694913e-03 9.999444e-01 9.782294e+01
9.999710e-01 6.782553e-03 -3.449372e-03 -6.669047e-01 -6.748516e-03 9.999293e-01 9.785593e-03 -1.572716e+00 3.515500e-03 -9.762031e-03 9.999462e-01 9.916152e+01
9.999590e-01 8.177974e-03 -3.889133e-03 -6.876665e-01 -8.132856e-03 9.999010e-01 1.147875e-02 -1.592221e+00 3.982621e-03 -1.144665e-02 9.999266e-01 1.005234e+02
9.999560e-01 8.538563e-03 -3.874502e-03 -6.910323e-01 -8.489338e-03 9.998852e-01 1.254848e-02 -1.606791e+00 3.981204e-03 -1.251503e-02 9.999138e-01 1.018640e+02
9.999506e-01 9.305642e-03 -3.487013e-03 -7.134549e-01 -9.263524e-03 9.998862e-01 1.190611e-02 -1.620148e+00 3.597410e-03 -1.187322e-02 9.999230e-01 1.032100e+02
9.999605e-01 8.350320e-03 -3.044123e-03 -7.289579e-01 -8.321440e-03 9.999214e-01 9.379557e-03 -1.628629e+00 3.122206e-03 -9.353856e-03 9.999514e-01 1.045342e+02
9.999733e-01 6.570904e-03 -3.192794e-03 -7.382554e-01 -6.545477e-03 9.999473e-01 7.910047e-03 -1.643795e+00 3.244602e-03 -7.888938e-03 9.999636e-01 1.058803e+02
9.999721e-01 6.692992e-03 -3.307082e-03 -7.410600e-01 -6.660779e-03 9.999312e-01 9.657816e-03 -1.671904e+00 3.371494e-03 -9.635519e-03 9.999479e-01 1.072195e+02
9.999896e-01 3.680393e-03 -2.681089e-03 -7.508647e-01 -3.650081e-03 9.999303e-01 1.122439e-02 -1.683776e+00 2.722213e-03 -1.121448e-02 9.999334e-01 1.085323e+02
9.999957e-01 2.152201e-03 -1.990988e-03 -7.624012e-01 -2.127900e-03 9.999242e-01 1.212846e-02 -1.694768e+00 2.016940e-03 -1.212418e-02 9.999245e-01 1.098557e+02
9.999989e-01 9.862497e-04 -1.109745e-03 -7.752192e-01 -9.735869e-04 9.999351e-01 1.135383e-02 -1.707480e+00 1.120871e-03 -1.135274e-02 9.999349e-01 1.111805e+02
9.999941e-01 3.326495e-03 -8.719519e-04 -7.895480e-01 -3.318122e-03 9.999500e-01 9.434919e-03 -1.726186e+00 9.032935e-04 -9.431970e-03 9.999551e-01 1.125082e+02
9.999868e-01 5.130068e-03 -6.691011e-05 -8.027703e-01 -5.129456e-03 9.999611e-01 7.174413e-03 -1.747349e+00 1.037127e-04 -7.173975e-03 9.999743e-01 1.138353e+02
9.999663e-01 7.959261e-03 2.006734e-03 -8.087116e-01 -7.973270e-03 9.999432e-01 7.071879e-03 -1.765063e+00 -1.950333e-03 -7.087642e-03 9.999730e-01 1.151600e+02
9.999510e-01 9.367340e-03 3.189977e-03 -8.167674e-01 -9.395611e-03 9.999157e-01 8.965696e-03 -1.780645e+00 -3.105724e-03 -8.995229e-03 9.999547e-01 1.164885e+02
9.999493e-01 9.297106e-03 3.868520e-03 -8.228121e-01 -9.337706e-03 9.999001e-01 1.061234e-02 -1.793006e+00 -3.769470e-03 -1.064792e-02 9.999362e-01 1.177890e+02
9.999497e-01 8.942693e-03 4.541469e-03 -8.224385e-01 -8.996185e-03 9.998888e-01 1.189774e-02 -1.803332e+00 -4.434566e-03 -1.193800e-02 9.999189e-01 1.191458e+02
9.999452e-01 8.785726e-03 5.689329e-03 -8.304215e-01 -8.851591e-03 9.998929e-01 1.165701e-02 -1.820797e+00 -5.586304e-03 -1.170673e-02 9.999159e-01 1.205000e+02
9.999188e-01 1.045935e-02 7.279406e-03 -8.268313e-01 -1.054200e-02 9.998793e-01 1.140964e-02 -1.831278e+00 -7.159190e-03 -1.148545e-02 9.999084e-01 1.218153e+02
9.998907e-01 1.242654e-02 8.011476e-03 -8.262049e-01 -1.251637e-02 9.998583e-01 1.126118e-02 -1.841612e+00 -7.870404e-03 -1.136022e-02 9.999045e-01 1.231335e+02
9.998725e-01 1.292515e-02 9.377877e-03 -8.297761e-01 -1.302043e-02 9.998635e-01 1.017164e-02 -1.849172e+00 -9.245127e-03 -1.029245e-02 9.999043e-01 1.244588e+02
9.998532e-01 1.357124e-02 1.045941e-02 -8.230929e-01 -1.366937e-02 9.998627e-01 9.368719e-03 -1.862720e+00 -1.033083e-02 -9.510317e-03 9.999014e-01 1.258151e+02
9.998324e-01 1.368017e-02 1.217035e-02 -8.255691e-01 -1.379180e-02 9.998631e-01 9.136270e-03 -1.880457e+00 -1.204370e-02 -9.302590e-03 9.998842e-01 1.271792e+02
9.998265e-01 1.397282e-02 1.231768e-02 -8.179997e-01 -1.409962e-02 9.998479e-01 1.026864e-02 -1.895882e+00 -1.217233e-02 -1.044054e-02 9.998714e-01 1.284897e+02
9.998333e-01 1.263483e-02 1.318299e-02 -8.060784e-01 -1.278237e-02 9.998559e-01 1.116819e-02 -1.912057e+00 -1.303999e-02 -1.133484e-02 9.998507e-01 1.298277e+02
9.998439e-01 1.107631e-02 1.376794e-02 -7.891555e-01 -1.123667e-02 9.998693e-01 1.162527e-02 -1.924999e+00 -1.363738e-02 -1.177816e-02 9.998376e-01 1.311553e+02
9.998481e-01 1.052639e-02 1.389430e-02 -7.873980e-01 -1.069406e-02 9.998702e-01 1.204938e-02 -1.940950e+00 -1.376567e-02 -1.219613e-02 9.998309e-01 1.324847e+02
9.998760e-01 8.548201e-03 1.322824e-02 -7.725966e-01 -8.711620e-03 9.998858e-01 1.234580e-02 -1.950947e+00 -1.312120e-02 -1.245951e-02 9.998363e-01 1.338420e+02
9.998854e-01 7.912807e-03 1.290758e-02 -7.684490e-01 -8.073979e-03 9.998895e-01 1.248262e-02 -1.966503e+00 -1.280738e-02 -1.258541e-02 9.998388e-01 1.351869e+02
9.999102e-01 5.895209e-03 1.203550e-02 -7.616440e-01 -6.038795e-03 9.999106e-01 1.192895e-02 -1.977049e+00 -1.196410e-02 -1.200056e-02 9.998564e-01 1.365260e+02
9.999383e-01 3.849062e-03 1.042299e-02 -7.413187e-01 -3.986057e-03 9.999055e-01 1.315479e-02 -1.991311e+00 -1.037137e-02 -1.319553e-02 9.998591e-01 1.378669e+02
9.999492e-01 3.012263e-03 9.623810e-03 -7.324966e-01 -3.143552e-03 9.999018e-01 1.365617e-02 -1.998813e+00 -9.581730e-03 -1.368573e-02 9.998604e-01 1.392060e+02
9.999622e-01 2.432266e-03 8.343195e-03 -7.365407e-01 -2.547087e-03 9.999018e-01 1.377930e-02 -2.007541e+00 -8.308861e-03 -1.380003e-02 9.998703e-01 1.405497e+02
9.999742e-01 1.330377e-03 7.055412e-03 -7.291667e-01 -1.425183e-03 9.999085e-01 1.344935e-02 -2.019380e+00 -7.036875e-03 -1.345906e-02 9.998847e-01 1.419213e+02
9.999801e-01 1.456494e-03 6.139437e-03 -7.339423e-01 -1.536975e-03 9.999127e-01 1.312457e-02 -2.029689e+00 -6.119786e-03 -1.313375e-02 9.998950e-01 1.432569e+02
9.999836e-01 -2.204801e-03 5.276804e-03 -7.274422e-01 2.148262e-03 9.999405e-01 1.069652e-02 -2.033589e+00 -5.300074e-03 -1.068501e-02 9.999289e-01 1.445839e+02
9.999812e-01 -4.813391e-03 3.789617e-03 -7.191585e-01 4.775430e-03 9.999390e-01 9.963059e-03 -2.059555e+00 -3.837342e-03 -9.944775e-03 9.999432e-01 1.459376e+02
9.999309e-01 -1.134500e-02 3.083248e-03 -7.194683e-01 1.130374e-02 9.998505e-01 1.308686e-02 -2.076625e+00 -3.231258e-03 -1.305110e-02 9.999096e-01 1.472692e+02
9.997989e-01 -2.002882e-02 9.707818e-04 -7.065552e-01 2.001344e-02 9.997035e-01 1.387317e-02 -2.082826e+00 -1.248357e-03 -1.385096e-02 9.999033e-01 1.486152e+02
9.997033e-01 -2.435560e-02 -3.233595e-04 -6.973995e-01 2.435771e-02 9.996375e-01 1.147146e-02 -2.089650e+00 4.384799e-05 -1.147593e-02 9.999341e-01 1.499586e+02
9.997371e-01 -2.291591e-02 7.541734e-04 -7.058614e-01 2.290872e-02 9.997018e-01 8.451220e-03 -2.113966e+00 -9.476159e-04 -8.431721e-03 9.999640e-01 1.512943e+02
9.998028e-01 -1.982988e-02 1.033407e-03 -7.145470e-01 1.982303e-02 9.997838e-01 6.271963e-03 -2.131805e+00 -1.157556e-03 -6.250241e-03 9.999798e-01 1.526364e+02
9.998345e-01 -1.804128e-02 2.328337e-03 -7.239303e-01 1.802641e-02 9.998179e-01 6.259069e-03 -2.153582e+00 -2.440835e-03 -6.216061e-03 9.999777e-01 1.539633e+02
9.998085e-01 -1.938652e-02 2.657511e-03 -7.163290e-01 1.936129e-02 9.997701e-01 9.212511e-03 -2.172164e+00 -2.835499e-03 -9.159294e-03 9.999540e-01 1.553180e+02
9.997015e-01 -2.425559e-02 2.931128e-03 -7.142644e-01 2.421804e-02 9.996319e-01 1.222856e-02 -2.187839e+00 -3.226660e-03 -1.215392e-02 9.999209e-01 1.566655e+02
9.995620e-01 -2.942416e-02 3.161236e-03 -6.960801e-01 2.937809e-02 9.994738e-01 1.374757e-02 -2.191800e+00 -3.564084e-03 -1.364868e-02 9.999005e-01 1.580024e+02
9.994851e-01 -3.193444e-02 3.119074e-03 -6.910196e-01 3.188728e-02 9.993913e-01 1.415188e-02 -2.202704e+00 -3.569108e-03 -1.404513e-02 9.998950e-01 1.593483e+02
9.995218e-01 -3.063895e-02 4.181927e-03 -6.921427e-01 3.057679e-02 9.994316e-01 1.419747e-02 -2.215107e+00 -4.614546e-03 -1.406281e-02 9.998905e-01 1.606963e+02
9.995566e-01 -2.927055e-02 5.469526e-03 -7.066693e-01 2.919223e-02 9.994773e-01 1.388871e-02 -2.212943e+00 -5.873198e-03 -1.372288e-02 9.998886e-01 1.620263e+02
9.996601e-01 -2.535535e-02 6.070471e-03 -7.119919e-01 2.527919e-02 9.996046e-01 1.231098e-02 -2.226722e+00 -6.380221e-03 -1.215334e-02 9.999058e-01 1.634135e+02
9.997490e-01 -2.155054e-02 6.121939e-03 -7.098501e-01 2.147876e-02 9.997025e-01 1.155912e-02 -2.243504e+00 -6.369224e-03 -1.142473e-02 9.999145e-01 1.647908e+02
9.998084e-01 -1.821146e-02 7.171793e-03 -7.183536e-01 1.811740e-02 9.997518e-01 1.296880e-02 -2.255525e+00 -7.406194e-03 -1.283638e-02 9.998902e-01 1.661200e+02
9.998218e-01 -1.753687e-02 6.980909e-03 -7.100370e-01 1.744410e-02 9.997616e-01 1.313527e-02 -2.263052e+00 -7.209597e-03 -1.301116e-02 9.998894e-01 1.674681e+02
9.998332e-01 -1.715530e-02 6.262058e-03 -7.106008e-01 1.708585e-02 9.997937e-01 1.098111e-02 -2.265787e+00 -6.449151e-03 -1.087228e-02 9.999201e-01 1.688006e+02
9.998900e-01 -1.346245e-02 6.232821e-03 -7.194863e-01 1.341207e-02 9.998776e-01 8.054459e-03 -2.282898e+00 -6.340491e-03 -7.969978e-03 9.999481e-01 1.701869e+02
9.999310e-01 -1.038739e-02 5.488024e-03 -7.202168e-01 1.035469e-02 9.999287e-01 5.953933e-03 -2.287555e+00 -5.549479e-03 -5.896695e-03 9.999672e-01 1.715203e+02
9.999641e-01 -5.983911e-03 5.992752e-03 -7.252549e-01 5.938502e-03 9.999537e-01 7.566634e-03 -2.305144e+00 -6.037753e-03 -7.530775e-03 9.999534e-01 1.728752e+02
9.999747e-01 -3.069382e-03 6.410723e-03 -7.417763e-01 3.011085e-03 9.999542e-01 9.083568e-03 -2.316305e+00 -6.438311e-03 -9.064036e-03 9.999382e-01 1.742738e+02
9.999791e-01 -1.297679e-03 6.340021e-03 -7.462544e-01 1.221866e-03 9.999279e-01 1.194727e-02 -2.329266e+00 -6.355068e-03 -1.193927e-02 9.999085e-01 1.756446e+02
9.999843e-01 -1.028455e-03 5.510747e-03 -7.343373e-01 9.598995e-04 9.999223e-01 1.242854e-02 -2.350651e+00 -5.523101e-03 -1.242305e-02 9.999076e-01 1.770476e+02
9.999878e-01 -3.381347e-03 3.614019e-03 -7.331069e-01 3.333298e-03 9.999071e-01 1.321965e-02 -2.358865e+00 -3.658383e-03 -1.320744e-02 9.999061e-01 1.784621e+02
9.999948e-01 -2.511367e-03 2.039916e-03 -7.313858e-01 2.492914e-03 9.999564e-01 8.998642e-03 -2.372505e+00 -2.062427e-03 -8.993510e-03 9.999574e-01 1.798653e+02
9.999935e-01 -3.565019e-03 4.695769e-04 -7.481717e-01 3.562527e-03 9.999801e-01 5.206262e-03 -2.395310e+00 -4.881281e-04 -5.204556e-03 9.999863e-01 1.812551e+02
9.999995e-01 9.542708e-04 -2.190071e-04 -7.704897e-01 -9.532750e-04 9.999894e-01 4.503292e-03 -2.410478e+00 2.233022e-04 -4.503081e-03 9.999898e-01 1.826508e+02
9.999906e-01 4.342650e-03 -1.035234e-05 -7.894177e-01 -4.342532e-03 9.999762e-01 5.363280e-03 -2.423993e+00 3.364295e-05 -5.363184e-03 9.999856e-01 1.840053e+02
9.999796e-01 6.378960e-03 9.441501e-05 -7.963946e-01 -6.379514e-03 9.999472e-01 8.052583e-03 -2.436852e+00 -4.304293e-05 -8.053021e-03 9.999676e-01 1.854423e+02
9.999781e-01 6.605925e-03 4.211499e-04 -8.006102e-01 -6.610035e-03 9.999215e-01 1.064685e-02 -2.449497e+00 -3.507846e-04 -1.064940e-02 9.999432e-01 1.868049e+02
9.999859e-01 5.311066e-03 -1.799648e-05 -8.180209e-01 -5.310490e-03 9.999171e-01 1.172970e-02 -2.454686e+00 8.029220e-05 -1.172944e-02 9.999312e-01 1.882069e+02
9.999826e-01 5.877146e-03 4.670023e-04 -8.266333e-01 -5.882462e-03 9.999066e-01 1.233806e-02 -2.466952e+00 -3.944462e-04 -1.234059e-02 9.999238e-01 1.896043e+02
9.999877e-01 4.926681e-03 5.893697e-04 -8.262094e-01 -4.934047e-03 9.999003e-01 1.322716e-02 -2.489153e+00 -5.241450e-04 -1.322991e-02 9.999123e-01 1.909889e+02
9.999980e-01 1.913155e-03 5.133888e-04 -8.228381e-01 -1.919917e-03 9.999069e-01 1.351007e-02 -2.496442e+00 -4.874941e-04 -1.351103e-02 9.999086e-01 1.923850e+02
9.999963e-01 -2.418817e-03 1.249729e-03 -8.328778e-01 2.400465e-03 9.998922e-01 1.448346e-02 -2.494925e+00 -1.284627e-03 -1.448041e-02 9.998943e-01 1.937834e+02
9.999881e-01 -4.717751e-03 1.253461e-03 -8.247499e-01 4.696739e-03 9.998566e-01 1.626859e-02 -2.513316e+00 -1.330033e-03 -1.626251e-02 9.998669e-01 1.952314e+02
9.999627e-01 -8.465812e-03 1.734036e-03 -8.249513e-01 8.436573e-03 9.998327e-01 1.622670e-02 -2.519802e+00 -1.871118e-03 -1.621146e-02 9.998668e-01 1.966638e+02
9.999697e-01 -7.672990e-03 1.318172e-03 -8.260274e-01 7.656567e-03 9.998982e-01 1.204307e-02 -2.524250e+00 -1.410444e-03 -1.203261e-02 9.999266e-01 1.980579e+02
9.999933e-01 -2.711186e-03 2.468495e-03 -8.470991e-01 2.693226e-03 9.999701e-01 7.250408e-03 -2.537439e+00 -2.488079e-03 -7.243711e-03 9.999707e-01 1.994695e+02
9.999625e-01 7.815155e-03 3.740119e-03 -8.693938e-01 -7.837306e-03 9.999516e-01 5.944837e-03 -2.550051e+00 -3.693479e-03 -5.973927e-03 9.999753e-01 2.008865e+02
9.998813e-01 1.474415e-02 4.469066e-03 -8.828344e-01 -1.478819e-02 9.998408e-01 9.987581e-03 -2.560129e+00 -4.321096e-03 -1.005249e-02 9.999401e-01 2.023763e+02
9.998695e-01 1.504862e-02 5.869868e-03 -8.962490e-01 -1.512037e-02 9.998091e-01 1.237617e-02 -2.564830e+00 -5.682503e-03 -1.246331e-02 9.999062e-01 2.037950e+02
9.998816e-01 1.465486e-02 4.699558e-03 -8.972160e-01 -1.471485e-02 9.998073e-01 1.299644e-02 -2.572430e+00 -4.508191e-03 -1.306405e-02 9.999045e-01 2.052268e+02
9.999125e-01 1.255499e-02 4.158246e-03 -8.836622e-01 -1.260871e-02 9.998340e-01 1.315374e-02 -2.583220e+00 -3.992411e-03 -1.320502e-02 9.999048e-01 2.066676e+02
9.999407e-01 1.045080e-02 3.075239e-03 -8.808234e-01 -1.049013e-02 9.998597e-01 1.306158e-02 -2.598218e+00 -2.938304e-03 -1.309307e-02 9.999100e-01 2.081027e+02
9.999497e-01 9.835814e-03 1.966584e-03 -8.858672e-01 -9.859801e-03 9.998722e-01 1.258389e-02 -2.607443e+00 -1.842560e-03 -1.260265e-02 9.999189e-01 2.095631e+02
9.999394e-01 1.091035e-02 1.491997e-03 -8.889320e-01 -1.092911e-02 9.998531e-01 1.320107e-02 -2.617593e+00 -1.347749e-03 -1.321658e-02 9.999117e-01 2.109869e+02
9.999363e-01 1.109204e-02 2.099927e-03 -8.914383e-01 -1.111983e-02 9.998441e-01 1.371702e-02 -2.624148e+00 -1.947450e-03 -1.373949e-02 9.999037e-01 2.124665e+02
9.999215e-01 1.239151e-02 1.872261e-03 -9.057889e-01 -1.241486e-02 9.998381e-01 1.302429e-02 -2.637773e+00 -1.710567e-03 -1.304651e-02 9.999134e-01 2.139456e+02
9.999358e-01 1.123296e-02 1.505777e-03 -9.063449e-01 -1.125150e-02 9.998531e-01 1.292757e-02 -2.646382e+00 -1.360341e-03 -1.294368e-02 9.999153e-01 2.153925e+02
9.999336e-01 1.149861e-02 7.283282e-04 -9.204096e-01 -1.150654e-02 9.998616e-01 1.201570e-02 -2.653301e+00 -5.900636e-04 -1.202328e-02 9.999275e-01 2.168698e+02
9.999392e-01 1.099933e-02 7.993487e-04 -9.252894e-01 -1.100790e-02 9.998716e-01 1.164723e-02 -2.659765e+00 -6.711344e-04 -1.165532e-02 9.999318e-01 2.183376e+02
9.999389e-01 1.105356e-02 2.489659e-04 -9.257145e-01 -1.105576e-02 9.998662e-01 1.205253e-02 -2.675087e+00 -1.157093e-04 -1.205454e-02 9.999273e-01 2.198283e+02
9.999322e-01 1.164122e-02 2.160915e-04 -9.403719e-01 -1.164296e-02 9.998630e-01 1.176174e-02 -2.685721e+00 -7.914085e-05 -1.176346e-02 9.999308e-01 2.212886e+02
9.999228e-01 1.241269e-02 -5.576314e-04 -9.463209e-01 -1.240520e-02 9.998526e-01 1.187175e-02 -2.701064e+00 7.049096e-04 -1.186392e-02 9.999294e-01 2.227749e+02
9.999246e-01 1.224678e-02 -8.468851e-04 -9.546156e-01 -1.223587e-02 9.998546e-01 1.187946e-02 -2.706363e+00 9.922472e-04 -1.186821e-02 9.999291e-01 2.242510e+02
9.998920e-01 1.466467e-02 -9.772521e-04 -9.708693e-01 -1.465183e-02 9.998199e-01 1.206141e-02 -2.723879e+00 1.153953e-03 -1.204579e-02 9.999268e-01 2.257182e+02
9.999058e-01 1.370531e-02 -7.209315e-04 -9.759243e-01 -1.369563e-02 9.998335e-01 1.205936e-02 -2.733683e+00 8.860888e-04 -1.204835e-02 9.999270e-01 2.272234e+02
9.999073e-01 1.359643e-02 -6.968909e-04 -9.869595e-01 -1.358717e-02 9.998367e-01 1.191134e-02 -2.755063e+00 8.587289e-04 -1.190077e-02 9.999288e-01 2.286926e+02
9.999224e-01 1.242573e-02 -8.556112e-04 -9.948723e-01 -1.241449e-02 9.998500e-01 1.207439e-02 -2.762118e+00 1.005516e-03 -1.206283e-02 9.999267e-01 2.302133e+02
9.999411e-01 1.082306e-02 -8.293157e-04 -1.001033e+00 -1.081149e-02 9.998587e-01 1.287406e-02 -2.773796e+00 9.685352e-04 -1.286433e-02 9.999168e-01 2.317108e+02
9.999592e-01 9.016538e-03 -4.584645e-04 -1.012565e+00 -9.009559e-03 9.998690e-01 1.344780e-02 -2.782387e+00 5.796571e-04 -1.344312e-02 9.999095e-01 2.331702e+02
9.999624e-01 8.586595e-03 -1.226601e-03 -1.021395e+00 -8.569426e-03 9.998738e-01 1.337689e-02 -2.791991e+00 1.341308e-03 -1.336587e-02 9.999098e-01 2.346741e+02
9.999528e-01 9.687449e-03 -7.778137e-04 -1.033870e+00 -9.676438e-03 9.998674e-01 1.309436e-02 -2.801184e+00 9.045616e-04 -1.308621e-02 9.999140e-01 2.361467e+02
9.999337e-01 1.144913e-02 -1.212954e-03 -1.069512e+00 -1.143163e-02 9.998425e-01 1.357276e-02 -2.814620e+00 1.368160e-03 -1.355799e-02 9.999072e-01 2.377171e+02
9.999193e-01 1.265249e-02 -1.166563e-03 -1.087172e+00 -1.263296e-02 9.998008e-01 1.545525e-02 -2.819116e+00 1.361878e-03 -1.543926e-02 9.998799e-01 2.392163e+02
9.999122e-01 1.325003e-02 -5.634120e-05 -1.103844e+00 -1.324737e-02 9.997803e-01 1.624116e-02 -2.831688e+00 2.715247e-04 -1.623898e-02 9.998681e-01 2.407249e+02
9.999346e-01 1.142280e-02 6.134391e-04 -1.093644e+00 -1.143078e-02 9.998200e-01 1.513986e-02 -2.836919e+00 -4.403892e-04 -1.514588e-02 9.998852e-01 2.422435e+02
9.999268e-01 1.198865e-02 1.641255e-03 -1.095704e+00 -1.201028e-02 9.998317e-01 1.386764e-02 -2.845120e+00 -1.474724e-03 -1.388634e-02 9.999025e-01 2.437577e+02
9.999104e-01 1.331673e-02 1.365691e-03 -1.113023e+00 -1.333470e-02 9.998114e-01 1.412148e-02 -2.854232e+00 -1.177381e-03 -1.413842e-02 9.998994e-01 2.452887e+02
9.999062e-01 1.361238e-02 1.520951e-03 -1.112794e+00 -1.363373e-02 9.997940e-01 1.503836e-02 -2.858211e+00 -1.315930e-03 -1.505769e-02 9.998858e-01 2.467953e+02
9.999185e-01 1.262449e-02 1.897648e-03 -1.123198e+00 -1.265286e-02 9.997956e-01 1.576861e-02 -2.868101e+00 -1.698189e-03 -1.579134e-02 9.998739e-01 2.483002e+02
9.999154e-01 1.297298e-02 9.237492e-04 -1.120821e+00 -1.298610e-02 9.997877e-01 1.599539e-02 -2.873831e+00 -7.160453e-04 -1.600603e-02 9.998716e-01 2.498492e+02
9.999054e-01 1.359407e-02 2.119458e-03 -1.133929e+00 -1.362638e-02 9.997782e-01 1.605887e-02 -2.877817e+00 -1.900682e-03 -1.608623e-02 9.998688e-01 2.513722e+02
9.998752e-01 1.568516e-02 1.909033e-03 -1.145457e+00 -1.571401e-02 9.997456e-01 1.617843e-02 -2.886694e+00 -1.654786e-03 -1.620641e-02 9.998673e-01 2.529161e+02
9.998681e-01 1.615406e-02 1.682423e-03 -1.154927e+00 -1.617965e-02 9.997329e-01 1.650381e-02 -2.888720e+00 -1.415370e-03 -1.652885e-02 9.998624e-01 2.544276e+02
9.998950e-01 1.435764e-02 1.979758e-03 -1.152595e+00 -1.438918e-02 9.997526e-01 1.695949e-02 -2.895726e+00 -1.735770e-03 -1.698620e-02 9.998542e-01 2.559863e+02
9.999060e-01 1.363187e-02 1.453186e-03 -1.165614e+00 -1.365535e-02 9.997518e-01 1.760215e-02 -2.894698e+00 -1.212875e-03 -1.762034e-02 9.998440e-01 2.575199e+02
9.999230e-01 1.231622e-02 1.502473e-03 -1.160987e+00 -1.234231e-02 9.997469e-01 1.881205e-02 -2.910434e+00 -1.270400e-03 -1.882914e-02 9.998219e-01 2.590733e+02
9.999619e-01 8.608804e-03 1.433142e-03 -1.166219e+00 -8.633355e-03 9.997987e-01 1.810988e-02 -2.916910e+00 -1.276949e-03 -1.812156e-02 9.998350e-01 2.606008e+02
9.999759e-01 6.853598e-03 1.137895e-03 -1.175388e+00 -6.872071e-03 9.998299e-01 1.711290e-02 -2.912012e+00 -1.020417e-03 -1.712031e-02 9.998529e-01 2.621433e+02
9.999779e-01 6.577121e-03 1.014120e-03 -1.176443e+00 -6.595357e-03 9.997945e-01 1.917051e-02 -2.922494e+00 -8.878244e-04 -1.917678e-02 9.998157e-01 2.636710e+02
9.999908e-01 3.960645e-03 1.649952e-03 -1.180291e+00 -3.994024e-03 9.997769e-01 2.074331e-02 -2.917920e+00 -1.567427e-03 -2.074971e-02 9.997835e-01 2.652017e+02
9.999976e-01 8.839905e-04 1.992583e-03 -1.177308e+00 -9.252232e-04 9.997835e-01 2.078800e-02 -2.917369e+00 -1.973776e-03 -2.078980e-02 9.997819e-01 2.667342e+02
9.999955e-01 2.397469e-03 1.808177e-03 -1.185367e+00 -2.433108e-03 9.997976e-01 1.997236e-02 -2.925689e+00 -1.759928e-03 -1.997667e-02 9.997989e-01 2.682731e+02
9.999935e-01 2.222026e-03 2.827947e-03 -1.183441e+00 -2.276916e-03 9.998061e-01 1.955719e-02 -2.926958e+00 -2.783943e-03 -1.956351e-02 9.998047e-01 2.698217e+02
9.999849e-01 3.654428e-03 4.097587e-03 -1.193962e+00 -3.733890e-03 9.998018e-01 1.955540e-02 -2.923795e+00 -4.025312e-03 -1.957041e-02 9.998004e-01 2.713689e+02
9.999765e-01 4.761639e-03 4.941953e-03 -1.209042e+00 -4.859412e-03 9.997889e-01 1.996448e-02 -2.928837e+00 -4.845846e-03 -1.998802e-02 9.997885e-01 2.729049e+02
9.999610e-01 6.819600e-03 5.620314e-03 -1.216684e+00 -6.929087e-03 9.997820e-01 1.969687e-02 -2.930588e+00 -5.484764e-03 -1.973504e-02 9.997902e-01 2.744662e+02
9.999613e-01 6.381783e-03 6.055193e-03 -1.221438e+00 -6.497485e-03 9.997929e-01 1.928439e-02 -2.924830e+00 -5.930870e-03 -1.932299e-02 9.997957e-01 2.760180e+02
9.999491e-01 6.758944e-03 7.492055e-03 -1.225349e+00 -6.900741e-03 9.997944e-01 1.906475e-02 -2.931875e+00 -7.361658e-03 -1.911548e-02 9.997902e-01 2.775716e+02
9.999397e-01 6.919756e-03 8.524877e-03 -1.210553e+00 -7.073875e-03 9.998096e-01 1.818317e-02 -2.935343e+00 -8.397432e-03 -1.824238e-02 9.997983e-01 2.791138e+02
9.999361e-01 6.499352e-03 9.248816e-03 -1.214069e+00 -6.667478e-03 9.998110e-01 1.826486e-02 -2.934351e+00 -9.128358e-03 -1.832536e-02 9.997904e-01 2.806391e+02
9.999331e-01 5.965837e-03 9.909037e-03 -1.201488e+00 -6.162302e-03 9.997827e-01 1.991613e-02 -2.941998e+00 -9.788067e-03 -1.997586e-02 9.997525e-01 2.821836e+02
9.999390e-01 3.668444e-03 1.041365e-02 -1.188560e+00 -3.877769e-03 9.997894e-01 2.015248e-02 -2.936780e+00 -1.033753e-02 -2.019164e-02 9.997427e-01 2.837297e+02
9.999393e-01 2.707969e-03 1.067821e-02 -1.175333e+00 -2.899079e-03 9.998352e-01 1.792246e-02 -2.943015e+00 -1.062792e-02 -1.795233e-02 9.997824e-01 2.852867e+02
9.999436e-01 2.222648e-03 1.038291e-02 -1.157943e+00 -2.382231e-03 9.998788e-01 1.538281e-02 -2.942500e+00 -1.034747e-02 -1.540668e-02 9.998278e-01 2.868355e+02
9.999502e-01 2.640577e-03 9.628005e-03 -1.148794e+00 -2.793522e-03 9.998696e-01 1.590671e-02 -2.950160e+00 -9.584747e-03 -1.593282e-02 9.998271e-01 2.883684e+02
9.999567e-01 3.320457e-03 8.687869e-03 -1.153070e+00 -3.462615e-03 9.998595e-01 1.639919e-02 -2.958704e+00 -8.632196e-03 -1.642856e-02 9.998278e-01 2.899018e+02
9.999657e-01 1.268905e-03 8.188503e-03 -1.154548e+00 -1.397143e-03 9.998762e-01 1.567409e-02 -2.959782e+00 -8.167601e-03 -1.568500e-02 9.998436e-01 2.914719e+02
9.999694e-01 2.596825e-03 7.377143e-03 -1.146056e+00 -2.714503e-03 9.998685e-01 1.598677e-02 -2.973005e+00 -7.334659e-03 -1.600630e-02 9.998450e-01 2.930208e+02
9.999758e-01 2.171465e-03 6.606634e-03 -1.153278e+00 -2.279709e-03 9.998626e-01 1.642091e-02 -2.973632e+00 -6.570069e-03 -1.643558e-02 9.998433e-01 2.946111e+02
9.999734e-01 2.983778e-03 6.650460e-03 -1.163241e+00 -3.091735e-03 9.998627e-01 1.628232e-02 -2.978854e+00 -6.600965e-03 -1.630245e-02 9.998453e-01 2.961621e+02
9.999854e-01 1.784850e-03 5.101344e-03 -1.163546e+00 -1.875835e-03 9.998383e-01 1.788662e-02 -2.982439e+00 -5.068595e-03 -1.789593e-02 9.998270e-01 2.977321e+02
9.999842e-01 3.046465e-03 4.727308e-03 -1.161291e+00 -3.137372e-03 9.998080e-01 1.934339e-02 -2.979593e+00 -4.667472e-03 -1.935792e-02 9.998017e-01 2.993163e+02
9.999878e-01 2.237403e-03 4.397919e-03 -1.167597e+00 -2.322463e-03 9.998085e-01 1.943187e-02 -2.978178e+00 -4.353600e-03 -1.944185e-02 9.998015e-01 3.009085e+02
9.999744e-01 4.004253e-03 5.922552e-03 -1.166880e+00 -4.116626e-03 9.998094e-01 1.908488e-02 -2.980414e+00 -5.845003e-03 -1.910877e-02 9.998003e-01 3.024993e+02
9.999784e-01 3.201177e-03 5.732061e-03 -1.169843e+00 -3.311531e-03 9.998073e-01 1.934712e-02 -2.977201e+00 -5.669023e-03 -1.936568e-02 9.997964e-01 3.040979e+02
9.999723e-01 1.156012e-03 7.355482e-03 -1.155229e+00 -1.292147e-03 9.998275e-01 1.853019e-02 -2.977578e+00 -7.332793e-03 -1.853918e-02 9.998012e-01 3.056830e+02
9.999765e-01 -2.053776e-05 6.855128e-03 -1.152871e+00 -9.747613e-05 9.998518e-01 1.721464e-02 -2.981773e+00 -6.854467e-03 -1.721490e-02 9.998283e-01 3.072906e+02
9.999725e-01 -6.125533e-05 7.416505e-03 -1.144145e+00 -5.751565e-05 9.998718e-01 1.601314e-02 -2.988074e+00 -7.416535e-03 -1.601313e-02 9.998443e-01 3.088851e+02
9.999871e-01 1.112407e-04 5.087086e-03 -1.145299e+00 -1.876177e-04 9.998872e-01 1.501588e-02 -2.995432e+00 -5.084842e-03 -1.501664e-02 9.998743e-01 3.104982e+02
9.999932e-01 1.289501e-03 3.447263e-03 -1.143429e+00 -1.343139e-03 9.998774e-01 1.560257e-02 -2.997537e+00 -3.426721e-03 -1.560709e-02 9.998723e-01 3.121065e+02
9.999925e-01 2.296729e-03 3.116334e-03 -1.150269e+00 -2.354990e-03 9.998201e-01 1.882225e-02 -2.998986e+00 -3.072544e-03 -1.882944e-02 9.998180e-01 3.137400e+02
9.999960e-01 1.222392e-03 2.532273e-03 -1.152066e+00 -1.276926e-03 9.997649e-01 2.164703e-02 -2.993535e+00 -2.505217e-03 -2.165018e-02 9.997625e-01 3.153747e+02
9.999943e-01 -1.527969e-04 3.361184e-03 -1.148561e+00 7.844299e-05 9.997555e-01 2.211037e-02 -2.986778e+00 -3.363741e-03 -2.210998e-02 9.997499e-01 3.170034e+02
9.999934e-01 -5.146254e-04 3.592857e-03 -1.174168e+00 4.360136e-04 9.997612e-01 2.184663e-02 -2.990501e+00 -3.603243e-03 -2.184492e-02 9.997549e-01 3.186339e+02
9.999908e-01 -1.202764e-03 4.128594e-03 -1.166231e+00 1.113236e-03 9.997657e-01 2.161921e-02 -2.986584e+00 -4.153629e-03 -2.161441e-02 9.997578e-01 3.202395e+02
9.999900e-01 -9.806910e-04 4.355928e-03 -1.163309e+00 8.835236e-04 9.997520e-01 2.225314e-02 -2.982564e+00 -4.376671e-03 -2.224907e-02 9.997429e-01 3.218766e+02
9.999869e-01 -6.679260e-04 5.075929e-03 -1.148903e+00 5.523988e-04 9.997416e-01 2.272725e-02 -2.983605e+00 -5.089797e-03 -2.272415e-02 9.997288e-01 3.235069e+02
9.999833e-01 9.289370e-06 5.775155e-03 -1.162308e+00 -1.352023e-04 9.997623e-01 2.180251e-02 -2.983023e+00 -5.773580e-03 -2.180293e-02 9.997456e-01 3.251276e+02
9.999814e-01 8.746860e-04 6.037572e-03 -1.160175e+00 -1.001003e-03 9.997800e-01 2.095066e-02 -2.976647e+00 -6.017919e-03 -2.095632e-02 9.997623e-01 3.267628e+02
9.999727e-01 6.585360e-04 7.359690e-03 -1.158799e+00 -8.259189e-04 9.997405e-01 2.276334e-02 -2.976998e+00 -7.342790e-03 -2.276880e-02 9.997138e-01 3.283761e+02
9.999717e-01 -8.015430e-04 7.482686e-03 -1.144457e+00 6.224019e-04 9.997139e-01 2.391247e-02 -2.971897e+00 -7.499712e-03 -2.390713e-02 9.996861e-01 3.299968e+02
9.999743e-01 -1.450674e-03 7.018164e-03 -1.157875e+00 1.289553e-03 9.997367e-01 2.290803e-02 -2.975308e+00 -7.049549e-03 -2.289840e-02 9.997129e-01 3.316303e+02
9.999701e-01 -8.474369e-04 7.688553e-03 -1.144027e+00 6.708441e-04 9.997366e-01 2.294186e-02 -2.974551e+00 -7.705970e-03 -2.293602e-02 9.997072e-01 3.332628e+02
9.999762e-01 1.344340e-04 6.900489e-03 -1.139891e+00 -2.807888e-04 9.997749e-01 2.121275e-02 -2.965091e+00 -6.896085e-03 -2.121418e-02 9.997512e-01 3.348861e+02
9.999762e-01 1.862491e-03 6.644412e-03 -1.150706e+00 -1.988567e-03 9.998171e-01 1.901884e-02 -2.976181e+00 -6.607775e-03 -1.903160e-02 9.997970e-01 3.364978e+02
9.999738e-01 3.666483e-03 6.240986e-03 -1.159528e+00 -3.785742e-03 9.998084e-01 1.920571e-02 -2.969333e+00 -6.169373e-03 -1.922883e-02 9.997961e-01 3.381013e+02
9.999734e-01 4.929106e-03 5.367054e-03 -1.157831e+00 -5.046881e-03 9.997418e-01 2.215620e-02 -2.979059e+00 -5.256459e-03 -2.218270e-02 9.997401e-01 3.397159e+02
9.999717e-01 5.816984e-03 4.762153e-03 -1.155923e+00 -5.933407e-03 9.996746e-01 2.480969e-02 -2.970765e+00 -4.616287e-03 -2.483724e-02 9.996808e-01 3.412999e+02
9.999751e-01 6.759806e-03 2.039059e-03 -1.173484e+00 -6.807135e-03 9.996846e-01 2.417354e-02 -2.971369e+00 -1.875007e-03 -2.418682e-02 9.997057e-01 3.429219e+02
9.999808e-01 6.166851e-03 5.342145e-04 -1.194418e+00 -6.177635e-03 9.997088e-01 2.332628e-02 -2.964498e+00 -3.902093e-04 -2.332914e-02 9.997278e-01 3.445306e+02
9.999865e-01 4.989293e-03 -1.461495e-03 -1.198809e+00 -4.951681e-03 9.996827e-01 2.469781e-02 -2.960005e+00 1.584256e-03 -2.469024e-02 9.996939e-01 3.461365e+02
9.999936e-01 2.967885e-03 -1.984285e-03 -1.192002e+00 -2.916507e-03 9.996728e-01 2.541250e-02 -2.959345e+00 2.059058e-03 -2.540655e-02 9.996751e-01 3.477068e+02
9.999952e-01 2.666848e-03 -1.565962e-03 -1.205141e+00 -2.627176e-03 9.996887e-01 2.481172e-02 -2.957194e+00 1.631644e-03 -2.480749e-02 9.996909e-01 3.492760e+02
9.999949e-01 2.202135e-03 -2.310295e-03 -1.219764e+00 -2.145470e-03 9.997036e-01 2.424920e-02 -2.954374e+00 2.363011e-03 -2.424412e-02 9.997033e-01 3.508730e+02
9.999963e-01 1.980959e-03 -1.864635e-03 -1.241172e+00 -1.935940e-03 9.997138e-01 2.384381e-02 -2.947953e+00 1.911335e-03 -2.384011e-02 9.997140e-01 3.524799e+02
9.999962e-01 1.453626e-03 -2.362732e-03 -1.254704e+00 -1.397217e-03 9.997181e-01 2.370331e-02 -2.948029e+00 2.396522e-03 -2.369992e-02 9.997162e-01 3.540619e+02
9.999968e-01 4.737242e-04 -2.500649e-03 -1.264305e+00 -4.155356e-04 9.997303e-01 2.321883e-02 -2.946837e+00 2.510975e-03 -2.321772e-02 9.997273e-01 3.556526e+02
