1.000000000 0.000000000 0.000000000 0.000000000 0.000000000 1.000000000 0.000000000 0.000000000 0.000000000 0.000000000 1.000000000 0.000000000
0.999999821 -0.000393318 0.000247314 -0.012045270 0.000392913 0.999998569 0.001635191 -0.017244795 -0.000247956 -0.001635094 0.999998629 1.263671398
0.999999106 -0.001260850 0.000163976 -0.021022484 0.001260536 0.999997318 0.001902894 -0.038108401 -0.000166375 -0.001902685 0.999998152 2.546424866
0.999995291 -0.003098728 0.000018332 -0.024243427 0.003098715 0.999994934 0.000714067 -0.052853465 -0.000020545 -0.000714007 0.999999762 3.825380087
0.999995649 -0.002941283 0.000138415 -0.022924621 0.002941245 0.999995589 0.000280006 -0.062135749 -0.000139238 -0.000279598 0.999999940 5.116140842
0.999993086 -0.003698438 0.000395905 -0.029907279 0.003697773 0.999991775 0.001665135 -0.092702933 -0.000402060 -0.001663660 0.999998510 6.382761002
0.999987483 -0.004838996 0.001236511 -0.040864214 0.004835660 0.999984682 0.002686842 -0.106326714 -0.001249493 -0.002680829 0.999995589 7.686825275
0.999988377 -0.004811766 0.000357931 -0.033076063 0.004810700 0.999984145 0.002920492 -0.121937491 -0.000371978 -0.002918736 0.999995649 8.990964890
0.999993086 -0.003642592 0.000706782 -0.051797517 0.003641927 0.999992907 0.000938755 -0.138765097 -0.000710197 -0.000936175 0.999999285 10.260407448
0.999999166 -0.001288616 0.000211055 -0.045590676 0.001288772 0.999998868 -0.000742646 -0.164008886 -0.000210097 0.000742918 0.999999702 11.590063095
0.999996245 0.002490812 0.001180863 -0.061669752 -0.002488421 0.999994814 -0.002022532 -0.177892327 -0.001185895 0.002019586 0.999997318 12.881624222
0.999985695 0.005259120 0.001004644 -0.065177247 -0.005256718 0.999983430 -0.002379421 -0.202205330 -0.001017141 0.002374106 0.999996662 14.225264549
0.999984682 0.005530211 0.000257857 -0.056600429 -0.005529968 0.999984264 -0.000933983 -0.229428530 -0.000263017 0.000932543 0.999999464 15.535093307
0.999993980 0.003272723 0.001175378 -0.061788451 -0.003274782 0.999993026 0.001753596 -0.246413827 -0.001169631 -0.001757434 0.999997735 16.852672577
0.999998629 -0.000983574 0.001318885 -0.054870531 0.000979289 0.999994159 0.003245243 -0.262660205 -0.001322069 -0.003243946 0.999993801 18.187162399
0.999992609 -0.003840832 0.000034258 -0.042729191 0.003840780 0.999991596 0.001419163 -0.292926759 -0.000039709 -0.001419021 0.999998987 19.495517731
0.999989212 -0.004511972 0.001150102 -0.067492433 0.004512690 0.999989688 -0.000622730 -0.310882330 -0.001147280 0.000627914 0.999999166 20.800367355
0.999996722 -0.001900576 0.001726850 -0.062510088 0.001904548 0.999995530 -0.002301186 -0.335747749 -0.001722468 0.002304467 0.999995887 22.146188736
0.999998927 0.000733314 0.001261469 -0.057372574 -0.000732873 0.999999642 -0.000350533 -0.354533643 -0.001261725 0.000349608 0.999999166 23.477344513
0.999993026 0.001288785 0.003518357 -0.085292839 -0.001300987 0.999993086 0.003468099 -0.374374181 -0.003513864 -0.003472653 0.999987841 24.801942825
0.999996185 -0.001783821 0.002112006 -0.051767688 0.001770198 0.999977708 0.006434614 -0.401121855 -0.002123436 -0.006430851 0.999977112 26.172321320
0.999992132 -0.003842571 0.001008456 -0.036463417 0.003839789 0.999988854 0.002743994 -0.392951906 -0.001018989 -0.002740100 0.999995649 27.537553787
0.999988854 -0.004077845 0.002352265 -0.052666478 0.004078011 0.999991715 -0.000066110 -0.407535791 -0.002351976 0.000075702 0.999997199 28.881982803
0.999987125 -0.004668620 0.001998565 -0.043473810 0.004672086 0.999987602 -0.001732887 -0.440328896 -0.001990449 0.001742202 0.999996424 30.191370010
0.999994159 -0.001394251 0.003128667 -0.050880440 0.001401646 0.999996305 -0.002362473 -0.465005577 -0.003125360 0.002366845 0.999992371 31.530832291
0.999991477 -0.000799542 0.004055858 -0.055095196 0.000816784 0.999990702 -0.004251230 -0.488833964 -0.004052421 0.004254506 0.999982774 32.893856049
0.999995232 0.000533541 0.003029827 -0.047510251 -0.000521848 0.999992430 -0.003858678 -0.520112932 -0.003031862 0.003857079 0.999987960 34.210575104
0.999992788 0.000307677 0.003782397 -0.058136880 -0.000298357 0.999996960 -0.002464306 -0.545950532 -0.003783144 0.002463160 0.999989808 35.548252106
0.999994218 0.001917447 0.002797995 -0.057672724 -0.001913893 0.999997318 -0.001272155 -0.565719247 -0.002800426 0.001266793 0.999995291 36.912670135
0.999986351 0.004679359 0.002303953 -0.044971742 -0.004677384 0.999988735 -0.000862019 -0.589629292 -0.002307960 0.000851231 0.999997020 38.300952911
0.999967813 0.007430490 0.003018706 -0.066260405 -0.007426435 0.999971509 -0.001352393 -0.612441480 -0.003028669 0.001329932 0.999994516 39.628864288
0.999944687 0.009848035 0.003686382 -0.080422387 -0.009843877 0.999950886 -0.001144660 -0.629651785 -0.003697474 0.001108308 0.999992549 40.995838165
0.999938846 0.010740522 0.002643431 -0.068359204 -0.010736920 0.999941409 -0.001373824 -0.654606044 -0.002658033 0.001345358 0.999995589 42.364467621
0.999952793 0.009497488 0.002053753 -0.053353131 -0.009495010 0.999954164 -0.001213223 -0.681824803 -0.002065183 0.001193665 0.999997139 43.723117828
0.999961138 0.008685661 0.001461313 -0.070795849 -0.008683244 0.999961078 -0.001652876 -0.707537353 -0.001475612 0.001640123 0.999997556 45.093952179
0.999970078 0.007729739 -0.000077332 -0.045539904 -0.007729829 0.999969363 -0.001241585 -0.735576689 0.000067733 0.001242146 0.999999225 46.488010406
0.999962449 0.008620600 -0.000782270 -0.059480801 -0.008621039 0.999962687 -0.000560723 -0.749044836 0.000777407 0.000567446 0.999999523 47.833919525
0.999959171 0.008727600 -0.002310695 -0.054466356 -0.008730258 0.999961197 -0.001142582 -0.770117998 0.002300633 0.001162708 0.999996662 49.237724304
0.999959886 0.008530821 -0.002726122 -0.071720749 -0.008532598 0.999963343 -0.000640290 -0.791400194 0.002720560 0.000663524 0.999996066 50.575466156
0.999959171 0.008691531 -0.002446039 -0.103939034 -0.008690913 0.999962270 0.000262841 -0.813683569 0.002448231 -0.000241572 0.999996960 51.936237335
0.999960363 0.007726018 -0.004421923 -0.092409119 -0.007720210 0.999969304 0.001329163 -0.842064679 0.004432057 -0.001294972 0.999989331 53.384262085
0.999968052 0.006457958 -0.004704812 -0.112698063 -0.006448656 0.999977231 0.001989223 -0.865881860 0.004717551 -0.001958820 0.999986947 54.761749268
0.999978244 0.004067479 -0.005181468 -0.113635063 -0.004064539 0.999991596 0.000577879 -0.882342637 0.005183775 -0.000556806 0.999986351 56.148391724
0.999985337 0.003001301 -0.004517216 -0.140250057 -0.002996383 0.999994934 0.001095268 -0.904516220 0.004520481 -0.001081717 0.999989212 57.520149231
0.999984980 0.002020674 -0.005086532 -0.126674548 -0.002010855 0.999996126 0.001934729 -0.934365273 0.005090421 -0.001924472 0.999985218 58.890174866
0.999993920 0.000870448 -0.003375496 -0.147085667 -0.000861003 0.999995768 0.002798544 -0.958810389 0.003377917 -0.002795621 0.999990404 60.249324799
0.999990046 -0.000095457 -0.004465087 -0.147072047 0.000102594 0.999998629 0.001598250 -0.972874582 0.004464929 -0.001598692 0.999988735 61.669792175
0.999995470 -0.001572727 -0.002578729 -0.175253138 0.001573023 0.999998629 0.000112961 -0.988143682 0.002578548 -0.000117017 0.999996603 63.013103485
0.999994397 -0.001204589 -0.003126160 -0.160342619 0.001205771 0.999999225 0.000376462 -1.015044212 0.003125705 -0.000380230 0.999994993 64.419311523
0.999999166 0.000241780 -0.001261944 -0.190906405 -0.000242011 1.000000000 -0.000182794 -1.027225733 0.001261899 0.000183099 0.999999225 65.779792786
0.999992609 0.003372155 -0.001818769 -0.186868489 -0.003369363 0.999993145 0.001535775 -1.066700459 0.001823935 -0.001529636 0.999997139 67.146675110
0.999979794 0.006355069 0.000091361 -0.204020083 -0.006355318 0.999975085 0.003078613 -1.095140219 -0.000071794 -0.003079132 0.999995232 68.477737427
0.999934852 0.011415465 0.000060132 -0.223597392 -0.011415596 0.999930084 0.003069866 -1.112173319 -0.000025084 -0.003070353 0.999995291 69.861679077
0.999874711 0.015674157 0.002196727 -0.256941080 -0.015680498 0.999872923 0.002899277 -1.134675980 -0.002151004 -0.002933360 0.999993384 71.207138062
0.999826193 0.018571723 0.001631934 -0.248491883 -0.018574599 0.999825835 0.001764780 -1.144448161 -0.001598875 -0.001794786 0.999997139 72.578483582
0.999785304 0.020534927 0.002797577 -0.264357209 -0.020538514 0.999788225 0.001261358 -1.160120606 -0.002771083 -0.001318545 0.999995351 73.937705994
0.999762714 0.021625530 0.002600563 -0.265267372 -0.021629941 0.999764740 0.001681330 -1.190695286 -0.002563591 -0.001737181 0.999995172 75.307022095
0.999792755 0.020127436 0.003046207 -0.262477309 -0.020132042 0.999796212 0.001489051 -1.214460373 -0.003015614 -0.001550069 0.999994278 76.655097961
0.999826312 0.018520404 0.002092805 -0.268684983 -0.018521437 0.999828339 0.000475333 -1.223784804 -0.002083642 -0.000514012 0.999997675 78.037506104
0.999827325 0.018315630 0.003131963 -0.293431401 -0.018316243 0.999832213 0.000167305 -1.244647503 -0.003128373 -0.000224642 0.999995053 79.353500366
0.999825060 0.018631043 0.001711469 -0.278298080 -0.018631430 0.999826372 0.000209217 -1.273732424 -0.001707274 -0.000241068 0.999998510 80.726745605
0.999842107 0.017757904 0.000745705 -0.265266180 -0.017757988 0.999842227 0.000102941 -1.299139857 -0.000743760 -0.000116167 0.999999702 82.078269958
0.999835074 0.018157985 0.000272535 -0.278304160 -0.018158147 0.999834955 0.000589331 -1.330666065 -0.000261789 -0.000594182 0.999999762 83.414947510
0.999850094 0.017307907 -0.000436689 -0.290937394 -0.017307397 0.999849617 0.001154578 -1.345335960 0.000456607 -0.001146847 0.999999225 84.766304016
0.999888837 0.014752967 -0.002147587 -0.288310587 -0.014747670 0.999888241 0.002462700 -1.373630762 0.002183679 -0.002430754 0.999994636 86.111495972
0.999919474 0.012221643 -0.003395856 -0.295293093 -0.012210826 0.999920428 0.003188095 -1.394084215 0.003434549 -0.003146372 0.999989152 87.467910767
0.999934375 0.010686174 -0.004114166 -0.295587242 -0.010673625 0.999938369 0.003060356 -1.422153950 0.004146616 -0.003016243 0.999986768 88.789749146
0.999949336 0.009208015 -0.004073391 -0.312354237 -0.009196490 0.999953687 0.002839487 -1.442975640 0.004099349 -0.002801882 0.999987602 90.125282288
0.999954820 0.007926362 -0.005254786 -0.306378365 -0.007915238 0.999966383 0.002133959 -1.462942243 0.005271525 -0.002092269 0.999983907 91.503273010
0.999943078 0.009523422 -0.004814690 -0.331001997 -0.009517887 0.999954045 0.001171193 -1.485544562 0.004825622 -0.001125301 0.999987721 92.772537231
0.999948680 0.009174146 -0.004294616 -0.349254429 -0.009169268 0.999957323 0.001154327 -1.517693877 0.004305022 -0.001114889 0.999990106 94.071708679
0.999943793 0.009982706 -0.003581945 -0.357278585 -0.009982353 0.999950171 0.000116008 -1.536870241 0.003582925 -0.000080245 0.999993563 95.381904602
0.999925315 0.011655950 -0.003679642 -0.378198117 -0.011655218 0.999932051 0.000220249 -1.561533093 0.003681959 -0.000177346 0.999993205 96.689628601
0.999915898 0.012563319 -0.003209559 -0.393391013 -0.012559244 0.999920368 0.001285604 -1.577368855 0.003225454 -0.001245186 0.999994040 97.995628357
0.999914467 0.012591127 -0.003521934 -0.395331413 -0.012578854 0.999914765 0.003485854 -1.614764929 0.003565524 -0.003441254 0.999987721 99.279373169
0.999922454 0.011978639 -0.003399853 -0.403281659 -0.011971381 0.999925971 0.002147558 -1.634796381 0.003425326 -0.002106691 0.999991894 100.587844849
0.999926984 0.011489405 -0.003744710 -0.403695256 -0.011491104 0.999933898 -0.000432355 -1.652796745 0.003739495 0.000475354 0.999992907 101.900177002
0.999936223 0.010670396 -0.003707389 -0.419465810 -0.010677824 0.999941051 -0.001989474 -1.668810606 0.003685942 0.002028934 0.999991179 103.202232361
0.999955595 0.008478868 -0.004110679 -0.418662488 -0.008480694 0.999964058 -0.000426692 -1.699691653 0.004106914 0.000461535 0.999991477 104.516090393
0.999976933 0.006063058 -0.003036533 -0.435777664 -0.006059596 0.999980986 0.001148527 -1.712081432 0.003043439 -0.001130101 0.999994695 105.813812256
0.999983311 0.005305981 -0.002289472 -0.437573910 -0.005302114 0.999984503 0.001691787 -1.744503617 0.002298413 -0.001679620 0.999995947 107.114639282
0.999988794 0.004561824 -0.001308574 -0.451752722 -0.004561565 0.999989569 0.000200580 -1.763835788 0.001309475 -0.000194608 0.999999106 108.400787354
0.999981344 0.006001823 -0.001124867 -0.452597260 -0.006003832 0.999980390 -0.001790613 -1.792668939 0.001114098 0.001797333 0.999997735 109.698516846
0.999961078 0.008709358 0.001391099 -0.480302632 -0.008703243 0.999952734 -0.004342556 -1.812908292 -0.001428854 0.004330280 0.999989569 110.962600708
0.999930739 0.011448810 0.002714982 -0.487938344 -0.011438276 0.999927163 -0.003864586 -1.845197797 -0.002759028 0.003833264 0.999988794 112.242500305
0.999909341 0.013096550 0.003127030 -0.480923027 -0.013090104 0.999912202 -0.002072645 -1.872572660 -0.003153900 0.002031524 0.999992967 113.571807861
0.999907792 0.012936740 0.004143772 -0.481836647 -0.012939630 0.999916077 0.000671461 -1.898557186 -0.004134738 -0.000725018 0.999991179 114.868057251
0.999908328 0.012713686 0.004658279 -0.470367610 -0.012717243 0.999918818 0.000734187 -1.912803531 -0.004648568 -0.000793360 0.999988794 116.190452576
0.999897540 0.012842916 0.006331726 -0.474229336 -0.012844507 0.999917507 0.000210549 -1.932756543 -0.006328500 -0.000291856 0.999979973 117.486671448
0.999872863 0.014305784 0.007039406 -0.464171231 -0.014305277 0.999897659 -0.000122692 -1.962179065 -0.007040440 0.000021976 0.999975204 118.837326050
0.999817133 0.017147264 0.008464019 -0.474518180 -0.017136183 0.999852180 -0.001380048 -1.962164283 -0.008486432 0.001234754 0.999963224 120.121932983
0.999775112 0.018302217 0.010711279 -0.486582398 -0.018269978 0.999828279 -0.003099827 -1.975017190 -0.010766176 0.002903435 0.999937832 121.409126282
0.999751806 0.019131595 0.011412375 -0.473948359 -0.019092837 0.999811530 -0.003495154 -2.001610041 -0.011477091 0.003276392 0.999928713 122.768867493
0.999775112 0.017882474 0.011398110 -0.452449918 -0.017849820 0.999836266 -0.002959941 -2.046015024 -0.011449175 0.002755821 0.999930680 124.064743042
0.999782503 0.016925715 0.012186838 -0.439720750 -0.016898960 0.999854565 -0.002295044 -2.059792995 -0.012223912 0.002088601 0.999923170 125.392700195
0.999783516 0.015929921 0.013383132 -0.428444743 -0.015916262 0.999872684 -0.001126622 -2.096359253 -0.013399376 0.000913368 0.999909818 126.680038452
0.999812603 0.014443479 0.012889948 -0.406545281 -0.014434737 0.999895513 -0.000770867 -2.117395401 -0.012899737 0.000584660 0.999916613 127.994987488
0.999821186 0.013019401 0.013713486 -0.408742189 -0.013011690 0.999915183 -0.000651328 -2.134653330 -0.013720804 0.000472776 0.999905646 129.307647705
0.999852002 0.011638259 0.012668217 -0.377030849 -0.011633691 0.999932170 -0.000434095 -2.157186270 -0.012672408 0.000286652 0.999919653 130.604782104
0.999873877 0.009525030 0.012702698 -0.370578527 -0.009519123 0.999954522 -0.000525456 -2.178824902 -0.012707125 0.000404471 0.999919176 131.886138916
0.999885201 0.009367715 0.011904279 -0.373661876 -0.009354237 0.999955535 -0.001187302 -2.196994543 -0.011914871 0.001075811 0.999928415 133.205459595
0.999918818 0.007523286 0.010284072 -0.354190230 -0.007523089 0.999971688 -0.000057740 -2.230667591 -0.010284214 -0.000019632 0.999947131 134.513336182
0.999929309 0.006174624 0.010162735 -0.359703541 -0.006179045 0.999980807 0.000403654 -2.253746748 -0.010160046 -0.000466421 0.999948323 135.810913086
0.999954581 0.005324474 0.007907653 -0.333596587 -0.005328474 0.999985695 0.000484836 -2.283557415 -0.007904957 -0.000526950 0.999968588 137.106552124
0.999962568 0.004687111 0.007269188 -0.340023041 -0.004687888 0.999989033 0.000089848 -2.303602219 -0.007268689 -0.000123922 0.999973536 138.396652222
0.999970973 0.005113640 0.005651691 -0.319370031 -0.005111511 0.999986827 -0.000391043 -2.329846621 -0.005653617 0.000362143 0.999983907 139.735641479
0.999987423 0.002372128 0.004424473 -0.312274337 -0.002358767 0.999992669 -0.003022732 -2.353298664 -0.004431610 0.003012257 0.999985635 141.014755249
0.999987602 -0.003162218 0.003851827 -0.310779929 0.003174798 0.999989688 -0.003264258 -2.378685236 -0.003841466 0.003276446 0.999987185 142.301391602
0.999937177 -0.010773124 0.003109394 -0.308062971 0.010775588 0.999941707 -0.000777198 -2.406294584 -0.003100840 0.000810654 0.999994814 143.624740601
0.999861002 -0.016653271 0.000736561 -0.283755928 0.016652908 0.999861181 0.000494283 -2.428623438 -0.000744691 -0.000481948 0.999999583 144.960556030
0.999797404 -0.020125935 -0.000239656 -0.274300635 0.020125119 0.999792874 -0.003032600 -2.444260836 0.000300640 0.003027162 0.999995351 146.270889282
0.999799371 -0.020022681 -0.000375288 -0.270475954 0.020020159 0.999782562 -0.005822127 -2.476282835 0.000491781 0.005813445 0.999982953 147.566909790
0.999859929 -0.016683251 0.001291961 -0.286372274 0.016692949 0.999829412 -0.007903277 -2.501373768 -0.001159888 0.007923737 0.999967873 148.861236572
0.999860227 -0.016634861 0.001627862 -0.286383897 0.016647089 0.999830842 -0.007813811 -2.543223381 -0.001497605 0.007839819 0.999968112 150.182495117
0.999791563 -0.020254266 0.002566763 -0.286075145 0.020264015 0.999787450 -0.003832512 -2.574601173 -0.002488592 0.003883727 0.999989390 151.467758179
0.999661684 -0.025881210 0.002574672 -0.272557259 0.025883703 0.999664485 -0.000940068 -2.607742071 -0.002549478 0.001006393 0.999996245 152.781326294
0.999562204 -0.029414391 0.003174233 -0.276097983 0.029412270 0.999567211 0.000712327 -2.633443832 -0.003193811 -0.000618654 0.999994695 154.055938721
0.999539196 -0.030235207 0.002673958 -0.260894656 0.030235613 0.999542773 -0.000111105 -2.648647785 -0.002669375 0.000191903 0.999996424 155.415359497
0.999614298 -0.027339520 0.004868777 -0.278334439 0.027338529 0.999626219 0.000270255 -2.665945053 -0.004874346 -0.000137046 0.999988139 156.704711914
0.999668837 -0.025297584 0.004720312 -0.252006590 0.025296953 0.999679983 0.000194063 -2.699652433 -0.004723711 -0.000074590 0.999988854 158.023529053
0.999745607 -0.021615572 0.006439713 -0.269350886 0.021629287 0.999763966 -0.002068185 -2.718771935 -0.006393487 0.002206944 0.999977171 159.316879272
0.999801874 -0.018779609 0.006595356 -0.263394117 0.018798092 0.999819517 -0.002751740 -2.745465040 -0.006542490 0.002875175 0.999974430 160.643630981
0.999825120 -0.016878005 0.008053944 -0.278349876 0.016892983 0.999855638 -0.001795175 -2.763394117 -0.008022483 0.001930916 0.999965966 161.938674927
0.999864042 -0.014893198 0.007076856 -0.254979372 0.014910448 0.999885976 -0.002391236 -2.787297726 -0.007040437 0.002496430 0.999972105 163.288284302
0.999896348 -0.013153050 0.005849163 -0.243438780 0.013179224 0.999903202 -0.004459218 -2.821183920 -0.005789945 0.004535843 0.999972880 164.639465332
0.999939680 -0.009366328 0.005740726 -0.251435459 0.009409120 0.999927819 -0.007473248 -2.846065044 -0.005670316 0.007526812 0.999955535 165.965057373
0.999981284 -0.003963136 0.004650474 -0.239191234 0.004001449 0.999957919 -0.008258387 -2.884522438 -0.004617548 0.008276843 0.999954998 167.310882568
0.999980509 0.001012506 0.006167785 -0.267892122 -0.000965547 0.999970555 -0.007611904 -2.904110909 -0.006175311 0.007605799 0.999951959 168.625701904
0.999973655 0.004048808 0.006016972 -0.252955198 -0.004015629 0.999976695 -0.005516183 -2.937239885 -0.006039165 0.005491876 0.999966681 169.945251465
0.999964893 0.004635416 0.006991222 -0.270476222 -0.004614031 0.999984622 -0.003071795 -2.963446140 -0.007005353 0.003039429 0.999970853 171.287872314
0.999988019 0.001153648 0.004757676 -0.230088890 -0.001141497 0.999996066 -0.002555741 -2.984119177 -0.004760606 0.002550280 0.999985397 172.650680542
0.999992013 -0.001723707 0.003610393 -0.236641347 0.001729507 0.999997199 -0.001603769 -3.019520283 -0.003607618 0.001610000 0.999992192 173.978088379
0.999998868 -0.000871448 0.001218674 -0.227931201 0.000879439 0.999977946 -0.006571701 -3.041671276 -0.001212920 0.006572766 0.999977648 175.381454468
0.999999940 0.000123036 -0.000300984 -0.228510231 -0.000126278 0.999941707 -0.010796521 -3.068140268 0.000299638 0.010796560 0.999941647 176.675476074
0.999989629 0.004528021 0.000358676 -0.257353604 -0.004523668 0.999925613 -0.011330641 -3.101874352 -0.000409955 0.011328903 0.999935687 177.995056152
0.999969363 0.007710961 -0.001310568 -0.252711803 -0.007724227 0.999915659 -0.010438112 -3.132486820 0.001229970 0.010447917 0.999944687 179.440887451
0.999955773 0.009389885 -0.000489928 -0.280344427 -0.009393049 0.999931931 -0.006914915 -3.153425932 0.000424965 0.006919209 0.999976039 180.822204590
0.999948382 0.010158187 -0.000432193 -0.268694997 -0.010160244 0.999935567 -0.005059293 -3.181332350 0.000380772 0.005063421 0.999987125 182.209197998
0.999948084 0.010171365 -0.000483602 -0.276681840 -0.010173252 0.999939919 -0.004080821 -3.221087933 0.000442065 0.004085529 0.999991536 183.529785156
0.999963462 0.008550090 -0.000019625 -0.299939543 -0.008550105 0.999957204 -0.003528262 -3.241650105 -0.000010543 0.003528301 0.999993801 184.899719238
0.999983788 0.005635234 -0.000708983 -0.275084913 -0.005637362 0.999979436 -0.003037038 -3.271490574 0.000691854 0.003040986 0.999995172 186.325607300
0.999993742 0.003463010 -0.000620365 -0.274513304 -0.003464996 0.999988794 -0.003229168 -3.291392326 0.000609175 0.003231297 0.999994576 187.720779419
0.999999940 0.000230800 -0.000022707 -0.276107937 -0.000230847 0.999997735 -0.002143234 -3.318661451 0.000022213 0.002143239 0.999997735 189.114227295
0.999990225 -0.004407629 0.000178624 -0.263279378 0.004407791 0.999989927 -0.000921302 -3.339215994 -0.000174562 0.000922081 0.999999583 190.517944336
0.999981582 -0.005984870 0.000960726 -0.283474714 0.005986107 0.999981225 -0.001290554 -3.363638639 -0.000952983 0.001296281 0.999998689 191.892715454
0.999987721 -0.004706624 0.001559276 -0.288613349 0.004714754 0.999975145 -0.005252445 -3.394238710 -0.001534516 0.005259733 0.999985039 193.271240234
0.999994636 0.003060502 0.001187152 -0.290067524 -0.003047868 0.999940157 -0.010502378 -3.418060303 -0.001219223 0.010498703 0.999944150 194.680191040
0.999922752 0.012166578 0.002546563 -0.306832790 -0.012139582 0.999872565 -0.010360297 -3.450379133 -0.002672288 0.010328582 0.999943137 196.083282471
0.999783933 0.020245081 0.004722090 -0.330228627 -0.020209998 0.999768674 -0.007362318 -3.474828005 -0.004870048 0.007265293 0.999961734 197.458877563
0.999766469 0.021108652 0.004629903 -0.326387107 -0.021086598 0.999766290 -0.004762559 -3.515669346 -0.004729352 0.004663819 0.999977887 198.857772827
0.999816895 0.018814469 0.003495148 -0.305259347 -0.018799277 0.999813855 -0.004330442 -3.538954735 -0.003575973 0.004263943 0.999984503 200.285720825
0.999868214 0.015820494 0.003631273 -0.314166486 -0.015805712 0.999866843 -0.004063926 -3.574638367 -0.003695083 0.004005996 0.999985158 201.674301147
0.999884069 0.015024542 0.002469440 -0.326952159 -0.015010513 0.999871612 -0.005603631 -3.591237545 -0.002553314 0.005565914 0.999981225 203.130920410
0.999875724 0.015609158 0.002236206 -0.334587783 -0.015596418 0.999862611 -0.005606554 -3.627358913 -0.002323413 0.005570982 0.999981761 204.521209717
0.999852002 0.017111573 0.001769682 -0.331343502 -0.017101016 0.999836802 -0.005817688 -3.653918266 -0.001868943 0.005786564 0.999981523 205.996597290
0.999825954 0.018599959 0.001452077 -0.334028363 -0.018591862 0.999812543 -0.005403462 -3.679251671 -0.001552309 0.005375525 0.999984324 207.416900635
0.999825954 0.018545751 0.001993724 -0.348952055 -0.018533198 0.999809444 -0.006138178 -3.706957340 -0.002107181 0.006100161 0.999979138 208.828125000
0.999835849 0.018078728 0.001156016 -0.348865628 -0.018070307 0.999812782 -0.006920641 -3.741828918 -0.001280915 0.006898617 0.999975383 210.312179565
0.999842167 0.017698193 0.001536250 -0.360373646 -0.017686149 0.999815345 -0.007529386 -3.773319244 -0.001669223 0.007501029 0.999970496 211.662216187
0.999841332 0.017775942 0.001098935 -0.353321820 -0.017767068 0.999813139 -0.007616520 -3.803486109 -0.001234120 0.007595787 0.999970436 213.104354858
0.999840021 0.017860798 0.000901139 -0.353377461 -0.017853914 0.999815047 -0.007142846 -3.850361824 -0.001028549 0.007125614 0.999974132 214.532180786
0.999832332 0.018311186 -0.000085401 -0.349582374 -0.018311296 0.999801517 -0.007849352 -3.876983643 -0.000058347 0.007849600 0.999969184 215.987960815
0.999816656 0.019103739 -0.001262850 -0.341721743 -0.019113416 0.999784052 -0.008158830 -3.909039497 0.001106713 0.008181471 0.999965966 217.458129883
0.999815822 0.019182613 -0.000535908 -0.365116179 -0.019186458 0.999780178 -0.008444765 -3.941649437 0.000373798 0.008453492 0.999964237 218.895370483
0.999826789 0.018574411 -0.001195018 -0.361599892 -0.018583465 0.999794722 -0.008073037 -3.981024265 0.001044821 0.008093848 0.999966621 220.354965210
0.999837756 0.017993087 -0.000906267 -0.374068737 -0.017999843 0.999805152 -0.008099119 -4.015030384 0.000760362 0.008114117 0.999966800 221.803741455
0.999863982 0.016459640 -0.001117834 -0.370739013 -0.016468795 0.999826193 -0.008746861 -4.045217991 0.000973669 0.008764082 0.999961138 223.298080444
0.999870360 0.016050475 -0.001213983 -0.380432129 -0.016060127 0.999835610 -0.008410024 -4.084598064 0.001078799 0.008428430 0.999963820 224.747329712
0.999900043 0.014129284 -0.000226643 -0.392613918 -0.014130533 0.999875009 -0.007088223 -4.126380444 0.000126463 0.007090717 0.999974847 226.203338623
0.999889612 0.014803317 -0.001253113 -0.389077425 -0.014812450 0.999861240 -0.007622518 -4.150214195 0.001140101 0.007640238 0.999970138 227.689254761
0.999882281 0.015328891 -0.000619903 -0.397006154 -0.015333413 0.999849617 -0.008105026 -4.182418346 0.000495569 0.008113576 0.999966979 229.153503418
0.999873161 0.015895005 -0.000979005 -0.399581969 -0.015903087 0.999834180 -0.008887492 -4.214188099 0.000837576 0.008901936 0.999959946 230.618499756
0.999846995 0.017457835 0.001024208 -0.425480187 -0.017448952 0.999814808 -0.008118214 -4.253233910 -0.001165744 0.008099102 0.999966502 232.059829712
0.999863684 0.016510246 -0.000105194 -0.409141392 -0.016510574 0.999844968 -0.006133514 -4.281915665 0.000003912 0.006134415 0.999981165 233.600280762
0.999864638 0.016433477 0.000680015 -0.410947055 -0.016429298 0.999848545 -0.005745103 -4.315056801 -0.000774324 0.005733154 0.999983251 235.097442627
0.999853849 0.016921317 0.002413314 -0.428104818 -0.016902512 0.999828100 -0.007611221 -4.343073368 -0.002541692 0.007569318 0.999968112 236.520355225
0.999856472 0.016864272 0.001612782 -0.423082650 -0.016850080 0.999822497 -0.008440649 -4.389325619 -0.001754840 0.008412264 0.999963105 238.012817383
0.999845147 0.017471995 0.002098672 -0.426470518 -0.017454553 0.999815166 -0.008059909 -4.418909073 -0.002239107 0.008022029 0.999965310 239.500915527
0.999848425 0.017350927 0.001445026 -0.413144022 -0.017340451 0.999825358 -0.006971777 -4.459395885 -0.001565741 0.006945663 0.999974668 240.960220337
0.999838471 0.017805764 0.002439865 -0.442253470 -0.017789254 0.999819875 -0.006629363 -4.489324570 -0.002557467 0.006584890 0.999975026 242.417907715
0.999852240 0.017181303 0.000527806 -0.416670561 -0.017177820 0.999834418 -0.006009717 -4.534879684 -0.000630972 0.005999763 0.999981821 243.949081421
0.999821007 0.018805092 0.002057774 -0.444205463 -0.018792586 0.999805808 -0.005936072 -4.564661980 -0.002169002 0.005896339 0.999980271 245.416198730
0.999794662 0.020229202 0.001151942 -0.435300440 -0.020221911 0.999777377 -0.006023988 -4.601119995 -0.001273547 0.005999456 0.999981165 246.929321289
0.999779940 0.020967366 0.000737634 -0.428282619 -0.020962032 0.999758363 -0.006617396 -4.618651390 -0.000876205 0.006600477 0.999977827 248.444854736
0.999811888 0.019380080 0.000775872 -0.437063396 -0.019375453 0.999796689 -0.005578288 -4.661070824 -0.000883823 0.005562206 0.999984145 249.918090820
0.999846160 0.017493600 0.001353315 -0.442342520 -0.017486211 0.999833047 -0.005293019 -4.686181068 -0.001445683 0.005268541 0.999985099 251.406936646
0.999875784 0.015701396 0.001387285 -0.460436314 -0.015694791 0.999865949 -0.004653829 -4.717184544 -0.001460171 0.004631477 0.999988139 252.917022705
0.999908626 0.013515162 0.000270995 -0.443585426 -0.013513771 0.999898195 -0.004597151 -4.757556915 -0.000333099 0.004593069 0.999989390 254.448425293
0.999933302 0.011521906 0.000690382 -0.460157126 -0.011518068 0.999919474 -0.005325991 -4.799762726 -0.000751690 0.005317684 0.999985576 255.906036377
0.999949157 0.009791306 0.002410795 -0.476752341 -0.009782051 0.999944866 -0.003820832 -4.826151371 -0.002448073 0.003797056 0.999989808 257.383178711
0.999964356 0.008227866 0.001890755 -0.464403063 -0.008223387 0.999963343 -0.002364177 -4.849613190 -0.001910138 0.002348545 0.999995351 258.874481201
0.999962807 0.007986165 0.003258422 -0.491756558 -0.007974289 0.999961615 -0.003641791 -4.872614384 -0.003287380 0.003615672 0.999988079 260.344421387
0.999978244 0.006310819 0.001894029 -0.460180908 -0.006302742 0.999971151 -0.004239616 -4.904404640 -0.001920729 0.004227587 0.999989152 261.884185791
0.999962866 0.007125418 0.004846552 -0.493948579 -0.007100574 0.999961674 -0.005123953 -4.927640915 -0.004882877 0.005089350 0.999975085 263.352935791
0.999942839 0.009677137 0.004535918 -0.475196123 -0.009656574 0.999943018 -0.004533710 -4.965788364 -0.004579533 0.004489649 0.999979377 264.853027344
0.999923885 0.010983827 0.005625919 -0.474985242 -0.010954355 0.999926269 -0.005242851 -4.988428116 -0.005683091 0.005180824 0.999970436 266.357482910
0.999917030 0.011366329 0.006047020 -0.454615831 -0.011338018 0.999924719 -0.004696174 -5.036789894 -0.006099943 0.004627225 0.999970675 267.797576904
0.999904752 0.012119649 0.006602658 -0.438295722 -0.012088690 0.999915898 -0.004708682 -5.069082260 -0.006659171 0.004628416 0.999967098 269.287567139
0.999883294 0.012994866 0.008033074 -0.456021309 -0.012953961 0.999902964 -0.005123033 -5.109498024 -0.008098867 0.005018374 0.999954641 270.796417236
0.999886036 0.011825604 0.009380984 -0.454746246 -0.011771889 0.999914110 -0.005760712 -5.136627674 -0.009448304 0.005649623 0.999939442 272.286804199
0.999905825 0.010435131 0.008905724 -0.417481661 -0.010380268 0.999926925 -0.006184593 -5.148015976 -0.008969611 0.006091567 0.999941230 273.803802490
0.999893010 0.009504363 0.011112060 -0.432346344 -0.009450486 0.999943376 -0.004890913 -5.189327240 -0.011157917 0.004785375 0.999926329 275.304809570
0.999906957 0.008951192 0.010292639 -0.402359962 -0.008902172 0.999948859 -0.004798423 -5.219442368 -0.010335063 0.004706351 0.999935508 276.835052490
0.999917448 0.008035941 0.010021368 -0.379375935 -0.007972847 0.999948204 -0.006320219 -5.266521454 -0.010071637 0.006239799 0.999929786 278.334777832
0.999919593 0.007619858 0.010132813 -0.381465435 -0.007525653 0.999928415 -0.009302855 -5.287758827 -0.010202972 0.009225849 0.999905407 279.833526611
0.999923706 0.007970541 0.009439626 -0.362905741 -0.007885116 0.999927878 -0.009052422 -5.328061104 -0.009511096 0.008977299 0.999914467 281.354583740
0.999945819 0.006419872 0.008191173 -0.357235909 -0.006342484 0.999935329 -0.009438940 -5.353974819 -0.008251240 0.009386476 0.999921918 282.866119385
0.999953687 0.006417215 0.007161380 -0.340992451 -0.006348828 0.999934316 -0.009531667 -5.400095940 -0.007222076 0.009485760 0.999928951 284.357543945
0.999956489 0.006530689 0.006659266 -0.347316980 -0.006461604 0.999925613 -0.010343608 -5.427555561 -0.006726323 0.010300128 0.999924302 285.889923096
0.999966323 0.006232906 0.005328741 -0.324813485 -0.006181083 0.999933898 -0.009686902 -5.462259293 -0.005388766 0.009653641 0.999938846 287.422515869
0.999972343 0.005954678 0.004449804 -0.324318647 -0.005912296 0.999937594 -0.009477664 -5.501488686 -0.004505963 0.009451093 0.999945164 288.944671631
0.999981701 0.005265444 0.002990902 -0.311043024 -0.005241758 0.999955237 -0.007872704 -5.541323185 -0.003032222 0.007856881 0.999964535 290.484497070
0.999970555 0.007167702 0.002734380 -0.325155497 -0.007148515 0.999950230 -0.006963334 -5.569946289 -0.002784156 0.006943583 0.999971986 292.046569824
0.999971390 0.007040686 0.002759228 -0.304961860 -0.007021812 0.999952316 -0.006791144 -5.601752281 -0.002806910 0.006771575 0.999973178 293.594696045
0.999966145 0.007102388 0.004135377 -0.319432020 -0.007072577 0.999949217 -0.007179205 -5.637514591 -0.004186157 0.007149715 0.999965668 295.118103027
0.999972761 0.006379324 0.003699687 -0.298983097 -0.006352187 0.999953210 -0.007300680 -5.670188904 -0.003746086 0.007276981 0.999966502 296.673278809
0.999981403 0.004326070 0.004288656 -0.305908561 -0.004288722 0.999953151 -0.008679766 -5.699752808 -0.004326005 0.008661213 0.999953151 298.264648438
0.999987423 0.002865792 0.004099253 -0.287441969 -0.002820738 0.999935985 -0.010954700 -5.728753090 -0.004130384 0.010942999 0.999931574 299.843353271
0.999990463 0.002454736 0.003632733 -0.289402962 -0.002413771 0.999934018 -0.011238459 -5.777255535 -0.003660081 0.011229583 0.999930203 301.382904053
0.999993384 0.003382952 0.001419849 -0.265883267 -0.003364434 0.999911785 -0.012848359 -5.810262203 -0.001463189 0.012843497 0.999916434 302.971496582
0.999988735 0.004503430 -0.001507153 -0.254660845 -0.004521489 0.999915361 -0.012201235 -5.844652176 0.001452078 0.012207911 0.999924421 304.572174072
0.999981701 0.005967442 -0.000980266 -0.276594996 -0.005976023 0.999941766 -0.008997344 -5.889565468 0.000926518 0.009003040 0.999958992 306.111541748
0.999987900 0.004829152 -0.000863815 -0.276818484 -0.004834163 0.999970913 -0.005896273 -5.924482346 0.000835316 0.005900380 0.999982238 307.701171875
0.999994338 0.003345995 -0.000318706 -0.281978488 -0.003347590 0.999981165 -0.005142448 -5.964613914 0.000301493 0.005143485 0.999986649 309.245941162
0.999997497 0.002119702 -0.000733505 -0.266692996 -0.002124394 0.999976873 -0.006456153 -5.995841026 0.000719804 0.006457695 0.999978840 310.845153809
0.999999464 0.001003042 0.000091596 -0.283744097 -0.001002442 0.999979377 -0.006332651 -6.031184196 -0.000097946 0.006332556 0.999979973 312.418884277
0.999999762 0.000264075 -0.000447302 -0.269745350 -0.000266667 0.999983013 -0.005804122 -6.071301937 0.000445762 0.005804241 0.999983072 314.007171631
0.999998510 0.001450721 0.000930520 -0.288664758 -0.001444753 0.999978602 -0.006382211 -6.102342606 -0.000939759 0.006380857 0.999979198 315.569732666
0.999994040 0.003304063 0.000988162 -0.283064395 -0.003296516 0.999966145 -0.007544265 -6.133688450 -0.001013055 0.007540963 0.999971032 317.162902832
0.999992132 0.003448257 0.001965726 -0.290061474 -0.003433313 0.999965549 -0.007555837 -6.185836792 -0.001991712 0.007549029 0.999969542 318.711944580
0.999995053 0.002190741 0.002283552 -0.282554686 -0.002177092 0.999979854 -0.005962694 -6.218710423 -0.002296569 0.005957692 0.999979615 320.311614990
0.999994218 0.001576352 0.003013900 -0.293044209 -0.001560720 0.999985278 -0.005182218 -6.259821415 -0.003022025 0.005177485 0.999982059 321.864257812
0.999999046 -0.000074417 0.001421495 -0.265524089 0.000082824 0.999982476 -0.005914636 -6.300401688 -0.001421030 0.005914748 0.999981582 323.458404541
0.999995708 0.001920381 0.002211896 -0.274458647 -0.001906211 0.999977708 -0.006390950 -6.331217289 -0.002224120 0.006386706 0.999977052 324.991546631
0.999992013 0.003590593 0.001751051 -0.270326793 -0.003575284 0.999956012 -0.008668669 -6.363343239 -0.001782099 0.008662339 0.999960840 326.597137451
0.999985278 0.005162513 0.001675139 -0.286103427 -0.005143667 0.999925554 -0.011066392 -6.412122726 -0.001732145 0.011057614 0.999937356 328.122589111
0.999979854 0.006302555 0.000701643 -0.288045973 -0.006294598 0.999921679 -0.010816938 -6.447845459 -0.000769762 0.010812304 0.999941230 329.706054688
0.999976158 0.006903856 -0.000263948 -0.292384088 -0.006905466 0.999953866 -0.006678465 -6.503807545 0.000217828 0.006680128 0.999977648 331.220642090
0.999969780 0.007705449 -0.001043333 -0.296651781 -0.007709230 0.999963462 -0.003670548 -6.542626381 0.001015011 0.003678480 0.999992669 332.750885010
0.999963045 0.008166561 -0.002687665 -0.304233074 -0.008181143 0.999951541 -0.005459592 -6.569549561 0.002642950 0.005481378 0.999981403 334.308959961
0.999959171 0.007669666 -0.004775947 -0.307369828 -0.007702851 0.999946058 -0.006969311 -6.602985382 0.004722237 0.007005814 0.999964297 335.874603271
0.999959469 0.006792203 -0.005908561 -0.337458849 -0.006824800 0.999961495 -0.005514119 -6.645362854 0.005870881 0.005554220 0.999967337 337.427429199
0.999959588 0.005287670 -0.007273315 -0.334389210 -0.005327372 0.999970913 -0.005450079 -6.674921513 0.007244285 0.005488606 0.999958754 338.987182617
0.999959409 0.004826370 -0.007610246 -0.355465174 -0.004868463 0.999972880 -0.005522383 -6.721688271 0.007583385 0.005559208 0.999955773 340.529663086
0.999960124 0.004411307 -0.007764727 -0.369837046 -0.004458868 0.999971330 -0.006118633 -6.762733459 0.007737515 0.006153010 0.999951124 342.064636230
0.999960005 0.004611313 -0.007661078 -0.397797346 -0.004662194 0.999967098 -0.006636973 -6.797880650 0.007630221 0.006672425 0.999948621 343.625854492
0.999966919 0.003221144 -0.007471642 -0.414379120 -0.003269844 0.999973476 -0.006514920 -6.836292267 0.007450459 0.006539135 0.999950886 345.154968262
0.999971569 0.003704995 -0.006576244 -0.444235206 -0.003753711 0.999965429 -0.007410935 -6.871224403 0.006548560 0.007435410 0.999950886 346.686614990
0.999967694 0.003404764 -0.007279937 -0.448693991 -0.003461730 0.999963343 -0.007826843 -6.928272724 0.007253023 0.007851792 0.999942899 348.265747070
0.999968231 0.002505068 -0.007576155 -0.452035666 -0.002560618 0.999969840 -0.007331292 -6.967436790 0.007557562 0.007350458 0.999944508 349.830078125
0.999968052 0.001417602 -0.007863876 -0.461128712 -0.001480612 0.999966800 -0.008012494 -7.008052826 0.007852257 0.008023879 0.999936998 351.374816895
0.999966502 -0.000559795 -0.008168197 -0.467891693 0.000489158 0.999962509 -0.008647197 -7.055414200 0.008172732 0.008642913 0.999929249 352.925567627
0.999970913 -0.000124979 -0.007622513 -0.498265982 0.000069444 0.999973416 -0.007285474 -7.086356163 0.007623223 0.007284733 0.999944389 354.497283936
0.999966621 -0.002545277 -0.007754721 -0.506034613 0.002495653 0.999976397 -0.006402162 -7.120798111 0.007770834 0.006382598 0.999949396 356.071197510
0.999973059 -0.002381242 -0.006943866 -0.538809061 0.002327139 0.999966919 -0.007789342 -7.157741547 0.006962185 0.007772974 0.999945581 357.620635986
0.999973118 -0.001628914 -0.007151115 -0.538287163 0.001570593 0.999965489 -0.008153584 -7.193242073 0.007164149 0.008142133 0.999941230 359.187866211
0.999979675 0.000327900 -0.006370564 -0.573376417 -0.000373499 0.999974310 -0.007157892 -7.238430977 0.006368053 0.007160126 0.999954104 360.715393066
0.999976516 0.002193555 -0.006503193 -0.577623010 -0.002238083 0.999974072 -0.006847732 -7.265977383 0.006488003 0.006862125 0.999955475 362.287139893
0.999983311 0.000959045 -0.005700246 -0.603207469 -0.000996224 0.999978364 -0.006523230 -7.308535099 0.005693865 0.006528801 0.999962449 363.847503662
0.999981523 0.000965031 -0.006004306 -0.595761418 -0.001010395 0.999971032 -0.007556931 -7.341173172 0.005996839 0.007562857 0.999953389 365.430877686
0.999987662 0.001316173 -0.004787377 -0.637947679 -0.001351933 0.999971151 -0.007474243 -7.382033348 0.004777402 0.007480623 0.999960542 366.960418701
0.999994516 0.001994338 -0.002645764 -0.677276552 -0.002016235 0.999963582 -0.008299259 -7.411624908 0.002629117 0.008304548 0.999962032 368.520965576
0.999985397 0.003293963 -0.004272473 -0.659823954 -0.003325023 0.999967933 -0.007283299 -7.462163448 0.004248345 0.007297399 0.999964356 370.105987549
0.999982715 0.004624486 -0.003642291 -0.670226097 -0.004649382 0.999965668 -0.006856963 -7.488866329 0.003610455 0.006873779 0.999969900 371.678283691
0.999971271 0.006540890 -0.003817049 -0.681303620 -0.006572187 0.999944389 -0.008245372 -7.521926880 0.003762905 0.008270223 0.999958694 373.246765137
