1 -1.22322e-18 -1.71789e-20 0 7.5476e-19 1 6.23824e-19 0 -2.14909e-19 -9.89981e-19 1 0
0.999998 -0.00150213 -0.00131578 -0.000159752 0.00150124 0.999999 -0.000675132 -0.0165441 0.00131679 0.000673156 0.999999 0.535812
0.999996 -0.00234623 -0.00174212 -0.0130225 0.00234316 0.999996 -0.00175985 -0.0350741 0.00174624 0.00175576 0.999997 1.11316
0.999989 -0.00241936 -0.00410446 -0.0132636 0.00240544 0.999991 -0.00339137 -0.0474351 0.00411263 0.00338146 0.999986 1.67024
0.999975 -0.00414455 -0.00566348 -0.0204929 0.00411621 0.999979 -0.00500544 -0.0620848 0.00568411 0.00498201 0.999971 2.21446
0.999949 -0.00663479 -0.00763294 -0.0221475 0.0065828 0.999955 -0.00681639 -0.0770901 0.00767782 0.0067658 0.999948 2.76919
0.999935 -0.00798384 -0.00814449 -0.0303245 0.00792262 0.99994 -0.0075224 -0.0930324 0.00820406 0.00745738 0.999939 3.32664
0.999923 -0.00816301 -0.00937974 -0.0356993 0.00809585 0.999941 -0.00717513 -0.106545 0.00943776 0.00709864 0.99993 3.90324
0.999902 -0.00854546 -0.0111196 -0.043196 0.00846469 0.999938 -0.00729082 -0.125232 0.0111812 0.00719598 0.999912 4.48351
0.999901 -0.00793407 -0.0116094 -0.0561993 0.00781947 0.999921 -0.00988444 -0.14329 0.0116869 0.00979269 0.999884 5.06831
0.999886 -0.00654165 -0.013599 -0.0656455 0.00635684 0.999887 -0.0135892 -0.16526 0.0136864 0.0135012 0.999815 5.66219
0.999877 -0.00488063 -0.0148903 -0.0860442 0.00462022 0.999837 -0.0174732 -0.180125 0.0149731 0.0174023 0.999736 6.26782
0.999886 -0.00294753 -0.0147795 -0.114092 0.00268917 0.999844 -0.0174707 -0.19971 0.0148287 0.017429 0.999738 6.88278
0.999857 -0.000801721 -0.0168752 -0.122602 0.000618047 0.999941 -0.0108866 -0.213173 0.016883 0.0108747 0.999798 7.52509
0.999827 -3.29628e-05 -0.0186086 -0.134563 1.81688e-05 1 -0.000795179 -0.222194 0.0186086 0.000794704 0.999827 8.18386
0.99981 0.00102121 -0.0194753 -0.150532 -0.000898994 0.99998 0.00628328 -0.241869 0.0194813 -0.00626458 0.999791 8.83901
0.999785 0.0027691 -0.0205439 -0.171709 -0.00265051 0.99998 0.00579786 -0.258621 0.0205595 -0.00574216 0.999772 9.51257
0.999749 0.00558622 -0.02169 -0.191468 -0.00561176 0.999984 -0.00111643 -0.269706 0.0216834 0.00123787 0.999764 10.219
0.999726 0.00527499 -0.02282 -0.214913 -0.005443 0.999958 -0.00730656 -0.274159 0.0227805 0.00742876 0.999713 10.9072
0.999713 0.0033208 -0.0237075 -0.237037 -0.00346176 0.999977 -0.00590697 -0.285169 0.0236874 0.00598735 0.999701 11.6272
0.999697 0.00230235 -0.0244927 -0.254428 -0.00223055 0.999993 0.00295818 -0.295005 0.0244994 -0.00290266 0.999696 12.3864
0.999682 0.00122712 -0.0251694 -0.270239 -0.000964343 0.999945 0.0104496 -0.298285 0.0251809 -0.0104221 0.999629 13.1645
0.999667 0.000576856 -0.0257997 -0.295778 -0.000235981 0.999913 0.0132135 -0.302648 0.025805 -0.013203 0.99958 13.9444
0.999645 -0.00131968 -0.0265924 -0.311958 0.00165856 0.999918 0.0127252 -0.30769 0.0265734 -0.0127648 0.999565 14.7336
0.999668 -0.00160367 -0.0257328 -0.339095 0.00187163 0.999944 0.0103926 -0.315963 0.0257147 -0.0104373 0.999615 15.5478
0.999714 0.000506982 -0.0239292 -0.366904 -0.000345716 0.999977 0.00674293 -0.311191 0.0239321 -0.00673272 0.999691 16.3497
0.9997 -0.00203446 -0.0244161 -0.389438 0.00207099 0.999997 0.00147087 -0.323823 0.024413 -0.00152099 0.999701 17.2095
0.999715 -0.00471911 -0.0233996 -0.410568 0.00460897 0.999978 -0.00475864 -0.340127 0.0234216 0.00464944 0.999715 18.068
0.999727 -0.00387676 -0.023036 -0.432697 0.00364162 0.999941 -0.0102406 -0.356932 0.0230743 0.0101539 0.999682 18.9587
0.999747 -0.00248452 -0.0223628 -0.464662 0.00223491 0.999935 -0.0111803 -0.373184 0.0223891 0.0111275 0.999687 19.8501
0.999705 -0.00242791 -0.0241513 -0.480503 0.00216985 0.99994 -0.0107057 -0.39564 0.0241759 0.0106501 0.999651 20.7532
0.999717 -0.00118173 -0.0237422 -0.518036 0.000903197 0.999931 -0.011739 -0.421714 0.0237544 0.0117142 0.999649 21.6949
0.999691 0.0010978 -0.024853 -0.541899 -0.00143782 0.999906 -0.0136675 -0.445802 0.0248356 0.013699 0.999598 22.6181
0.999702 0.00492411 -0.0239204 -0.583073 -0.00528168 0.999875 -0.0149083 -0.470906 0.023844 0.0150302 0.999603 23.584
0.999716 0.00649337 -0.0229136 -0.620832 -0.00683161 0.999868 -0.014714 -0.500439 0.0228151 0.0148664 0.999629 24.5345
0.99969 0.00732209 -0.0237945 -0.646854 -0.0076703 0.999864 -0.014576 -0.531025 0.0236845 0.014754 0.999611 25.5083
0.9997 0.00760058 -0.0232785 -0.677858 -0.0079392 0.999864 -0.0144887 -0.56209 0.0231652 0.0146692 0.999624 26.482
0.999665 0.00857934 -0.0244117 -0.708713 -0.00890247 0.999874 -0.0131591 -0.596652 0.0242957 0.013372 0.999615 27.4718
0.999649 0.00919382 -0.0248547 -0.745689 -0.00947554 0.999892 -0.0112405 -0.626664 0.0247486 0.0114721 0.999628 28.467
0.999651 0.00968849 -0.0245577 -0.777964 -0.00993853 0.9999 -0.0100802 -0.65091 0.0244575 0.0103208 0.999648 29.4668
0.99964 0.00896971 -0.0252675 -0.806611 -0.0092462 0.999898 -0.010847 -0.682851 0.0251677 0.0110768 0.999622 30.4878
0.999617 0.0105041 -0.025604 -0.839928 -0.0108102 0.999871 -0.0118482 -0.708644 0.0254763 0.0121205 0.999602 31.5166
0.999615 0.0104717 -0.0257111 -0.871755 -0.010759 0.999881 -0.0110628 -0.736357 0.0255922 0.0113352 0.999608 32.5336
0.999597 0.00932453 -0.0268024 -0.898125 -0.00955314 0.999919 -0.00841393 -0.77021 0.0267218 0.00866658 0.999605 33.5679
0.999615 0.00994993 -0.025905 -0.933348 -0.0100815 0.999937 -0.00495228 -0.795343 0.0258541 0.00521153 0.999652 34.6051
0.999599 0.00935641 -0.0267273 -0.965642 -0.00941894 0.999953 -0.00221459 -0.822951 0.0267053 0.00246545 0.99964 35.647
0.999565 0.00926164 -0.0279863 -0.998618 -0.00931129 0.999955 -0.00164437 -0.844936 0.0279699 0.00190425 0.999607 36.6947
0.999563 0.00923768 -0.028094 -1.03583 -0.00932007 0.999953 -0.00280319 -0.867583 0.0280668 0.0030638 0.999601 37.7686
0.999531 0.0104032 -0.0287892 -1.07509 -0.0105041 0.999939 -0.00335789 -0.888477 0.0287525 0.00365872 0.99958 38.8303
0.999545 0.00971793 -0.0285523 -1.1204 -0.00978617 0.99995 -0.00225112 -0.913368 0.028529 0.00252951 0.99959 39.9027
0.999521 0.00994652 -0.0293104 -1.15886 -0.00996076 0.99995 -0.000339774 -0.934823 0.0293056 0.000631565 0.99957 40.9767
0.999477 0.00951051 -0.0309185 -1.1933 -0.00944438 0.999953 0.00228432 -0.958657 0.0309387 -0.00199112 0.999519 42.0413
0.999477 0.0101081 -0.0307299 -1.23848 -0.0100371 0.999947 0.00246388 -0.98309 0.0307532 -0.00215415 0.999525 43.1195
0.999433 0.0119587 -0.031465 -1.27476 -0.0119985 0.999927 -0.00107397 -1.00744 0.0314499 0.00145089 0.999504 44.1564
0.999399 0.0143003 -0.0315841 -1.3146 -0.014455 0.999885 -0.00467455 -1.03682 0.0315136 0.00512829 0.99949 45.2396
0.999372 0.0155632 -0.0318485 -1.35661 -0.0157378 0.999862 -0.00523858 -1.05941 0.0317626 0.00573651 0.999479 46.2987
0.999397 0.0150834 -0.0312762 -1.39738 -0.0151731 0.999881 -0.00263292 -1.08412 0.0312327 0.00310589 0.999507 47.3539
0.999377 0.0149824 -0.0319627 -1.43136 -0.0150115 0.999887 -0.000672622 -1.10421 0.0319491 0.00115201 0.999489 48.4267
0.999393 0.0135472 -0.0321088 -1.47472 -0.0135337 0.999908 0.000637901 -1.12976 0.0321145 -0.000202963 0.999484 49.501
0.999424 0.0137185 -0.031036 -1.51828 -0.0137237 0.999906 4.41932e-05 -1.15254 0.0310337 0.00038176 0.999518 50.5741
0.999428 0.013469 -0.0310207 -1.55114 -0.0135204 0.999908 -0.00144769 -1.17821 0.0309983 0.00186627 0.999518 51.625
0.999441 0.0140317 -0.0303385 -1.59516 -0.0141532 0.999893 -0.00379242 -1.19836 0.030282 0.00421969 0.999532 52.6921
0.999473 0.0127771 -0.0298566 -1.63701 -0.0129555 0.999899 -0.00578919 -1.23098 0.0297796 0.00617294 0.999537 53.7635
0.999476 0.0115323 -0.0302365 -1.67029 -0.0118134 0.999889 -0.00913374 -1.26383 0.0301278 0.00948615 0.999501 54.8204
0.999511 0.0101009 -0.0295957 -1.70479 -0.0104238 0.999888 -0.0107744 -1.29906 0.0294836 0.0110776 0.999504 55.8956
0.999518 0.00891307 -0.0297297 -1.74123 -0.00918012 0.999919 -0.008858 -1.3317 0.0296484 0.00912665 0.999519 56.953
0.999537 0.00744494 -0.0294976 -1.77668 -0.00753425 0.999967 -0.00291743 -1.35939 0.029475 0.00313832 0.999561 58.0356
0.999557 0.00514169 -0.0293198 -1.81238 -0.00506861 0.999984 0.00256643 -1.3753 0.0293326 -0.00241669 0.999567 59.0981
0.999554 0.0030189 -0.029699 -1.83972 -0.00290977 0.999989 0.00371721 -1.40033 0.0297099 -0.00362914 0.999552 60.1721
0.999588 0.00072373 -0.0286965 -1.87211 -0.000700033 0.999999 0.000835814 -1.42145 0.0286971 -0.000815381 0.999588 61.253
0.999554 -0.000826915 -0.0298493 -1.90799 0.000766414 0.999998 -0.00203827 -1.44432 0.029851 0.00201448 0.999552 62.2975
0.999606 0.000955773 -0.0280562 -1.9585 -0.00112814 0.999981 -0.00612832 -1.4719 0.0280498 0.00615755 0.999588 63.3672
0.999588 0.000851022 -0.0286753 -1.99162 -0.0011389 0.999949 -0.0100246 -1.503 0.0286653 0.0100531 0.999539 64.4422
0.999584 0.00421003 -0.0285228 -2.03304 -0.00452017 0.999931 -0.0108177 -1.53321 0.0284753 0.0109421 0.999535 65.519
0.999615 0.00762863 -0.0266686 -2.08023 -0.00783191 0.999941 -0.00752625 -1.56161 0.0266096 0.00773222 0.999616 66.605
0.999607 0.0087146 -0.026656 -2.11526 -0.00886343 0.999946 -0.00547016 -1.59368 0.0266069 0.00570427 0.99963 67.6881
0.999583 0.008282 -0.0276797 -2.14527 -0.00841551 0.999953 -0.00471048 -1.61859 0.0276394 0.00494145 0.999606 68.7584
0.999575 0.00692941 -0.0283085 -2.17529 -0.00703629 0.999968 -0.00367779 -1.65108 0.0282821 0.00387541 0.999592 69.8357
0.999593 0.00592467 -0.0278888 -2.21614 -0.00598899 0.99998 -0.00222341 -1.67881 0.027875 0.00238953 0.999609 70.9154
0.999573 0.00479193 -0.0288245 -2.24795 -0.00479911 0.999988 -0.000179934 -1.70241 0.0288233 0.000318189 0.999584 71.9838
0.999545 0.00333429 -0.0299932 -2.28311 -0.0032924 0.999994 0.00144596 -1.7232 0.0299978 -0.00134655 0.999549 73.0479
0.999556 0.00245712 -0.0297069 -2.32007 -0.0024431 0.999997 0.000508239 -1.75281 0.029708 -0.000435436 0.999559 74.1176
0.999541 0.00286641 -0.0301488 -2.36327 -0.00295649 0.999991 -0.00294353 -1.78177 0.0301401 0.00303132 0.999541 75.1758
0.999515 0.00385992 -0.0309137 -2.4036 -0.00401513 0.99998 -0.00496027 -1.80857 0.030894 0.00508198 0.99951 76.2289
0.999507 0.00579721 -0.030858 -2.45559 -0.00589665 0.999978 -0.00313248 -1.83825 0.0308392 0.0033129 0.999519 77.2827
0.999435 0.00695001 -0.0328906 -2.48986 -0.00692387 0.999976 0.000908394 -1.86128 0.0328961 -0.00068015 0.999459 78.3385
0.999411 0.00785932 -0.0333961 -2.53368 -0.0077049 0.999959 0.00474999 -1.88088 0.033432 -0.00448988 0.999431 79.4198
0.999416 0.00804368 -0.033219 -2.58282 -0.00785928 0.999953 0.00567782 -1.89928 0.0332631 -0.00541342 0.999432 80.4693
0.999371 0.00820005 -0.0345097 -2.62321 -0.00807214 0.99996 0.00384431 -1.92055 0.0345398 -0.00356332 0.999397 81.5086
0.999369 0.00833119 -0.0345145 -2.66657 -0.00822477 0.999961 0.00322418 -1.94519 0.03454 -0.00293828 0.999399 82.5543
0.999332 0.00796298 -0.0356579 -2.70721 -0.0078512 0.999964 0.00327384 -1.96663 0.0356827 -0.0029917 0.999359 83.5926
0.999336 0.00674886 -0.0357983 -2.7556 -0.00662486 0.999972 0.0035814 -1.99187 0.0358215 -0.00334186 0.999353 84.6001
0.999298 0.00613438 -0.0369483 -2.7934 -0.00594694 0.999969 0.00518074 -2.01456 0.036979 -0.00495738 0.999304 85.5955
0.999286 0.00589317 -0.0373225 -2.83744 -0.00560724 0.999954 0.00776128 -2.03317 0.0373665 -0.00754646 0.999273 86.5854
0.999262 0.00520995 -0.0380573 -2.88133 -0.00487778 0.999949 0.00881593 -2.05099 0.0381013 -0.00862379 0.999237 87.5531
0.999175 0.00427854 -0.040392 -2.92673 -0.00391259 0.999951 0.0091347 -2.07057 0.0404291 -0.00896912 0.999142 88.4937
0.999049 0.00339007 -0.0434706 -2.97177 -0.0030115 0.999957 0.00877125 -2.09385 0.0434985 -0.008632 0.999016 89.4143
0.998865 0.00365184 -0.0474807 -3.02467 -0.00328636 0.999964 0.0077731 -2.10876 0.0475074 -0.00760824 0.998842 90.3118
0.998721 0.00339538 -0.0504433 -3.07655 -0.00299453 0.999963 0.0080201 -2.12781 0.0504687 -0.00785879 0.998695 91.1795
0.998533 0.00442385 -0.0539733 -3.12763 -0.00394357 0.999952 0.00900188 -2.1401 0.0540106 -0.00877582 0.998502 92.0249
0.998377 0.00446541 -0.0567698 -3.18511 -0.00389826 0.999941 0.0100971 -2.15709 0.0568116 -0.00985939 0.998336 92.8539
0.99825 0.00587218 -0.0588482 -3.24317 -0.00520414 0.99992 0.0114987 -2.16988 0.058911 -0.0111724 0.998201 93.6524
0.998131 0.00773647 -0.0606158 -3.30712 -0.0069943 0.999898 0.0124464 -2.18414 0.0607059 -0.0119992 0.998084 94.4258
0.997915 0.00988949 -0.0637748 -3.35807 -0.00906732 0.999872 0.0131683 -2.20015 0.0638969 -0.0125626 0.997877 95.1764
0.997754 0.0111641 -0.0660431 -3.41776 -0.0103885 0.999873 0.0120761 -2.21214 0.0661695 -0.0113629 0.997744 95.8954
0.997574 0.0125938 -0.0684663 -3.47668 -0.0120269 0.99989 0.00868454 -2.2282 0.0685682 -0.00784003 0.997616 96.5894
0.997296 0.0152743 -0.071879 -3.52595 -0.0149591 0.999876 0.00492157 -2.24047 0.0719453 -0.00383302 0.997401 97.2447
0.997071 0.0168576 -0.0745961 -3.57975 -0.0167284 0.999857 0.00235587 -2.25363 0.0746252 -0.00110109 0.997211 97.8751
0.996997 0.0187734 -0.0751336 -3.63699 -0.0187336 0.999824 0.00123396 -2.26844 0.0751436 0.000177269 0.997173 98.4692
0.996986 0.0207263 -0.0747571 -3.68416 -0.0206471 0.999785 0.0018315 -2.28781 0.074779 -0.000282457 0.9972 99.0543
0.997212 0.0240837 -0.0706329 -3.741 -0.0239316 0.999709 0.00299918 -2.29806 0.0706846 -0.00130046 0.997498 99.6113
0.997539 0.0266836 -0.0648348 -3.78505 -0.0264322 0.999639 0.00473349 -2.31789 0.0649377 -0.00300811 0.997885 100.15
0.997915 0.0278371 -0.0582368 -3.8136 -0.0275068 0.999601 0.00646584 -2.32725 0.0583936 -0.00485045 0.998282 100.658
0.998477 0.0276313 -0.0477447 -3.83894 -0.0272343 0.999589 0.0089441 -2.34047 0.0479723 -0.00763018 0.99882 101.144
0.998956 0.0266475 -0.0371133 -3.84079 -0.0262916 0.999604 0.0100456 -2.34844 0.0373663 -0.00905937 0.999261 101.618
0.999389 0.0258657 -0.0235108 -3.84956 -0.0256266 0.999617 0.0104165 -2.36076 0.0237713 -0.00980764 0.999669 102.053
0.999647 0.0254803 -0.0074988 -3.84698 -0.025409 0.999632 0.00945274 -2.36927 0.0077369 -0.00925886 0.999927 102.481
0.999657 0.0242751 0.00979238 -3.83142 -0.0243416 0.999681 0.00673022 -2.38228 -0.00962588 -0.00696628 0.999929 102.895
0.999236 0.0234957 0.0312387 -3.80576 -0.023578 0.999719 0.00226974 -2.3927 -0.0311766 -0.00300456 0.999509 103.302
0.998219 0.0217228 0.0555675 -3.7653 -0.0216102 0.999763 -0.00262748 -2.40282 -0.0556114 0.00142198 0.998451 103.707
0.996328 0.0195659 0.0833576 -3.70974 -0.0191597 0.9998 -0.00566951 -2.41307 -0.0834519 0.00405158 0.996504 104.094
0.993564 0.0167656 0.11202 -3.63019 -0.0161088 0.999847 -0.00676604 -2.42831 -0.112117 0.00491798 0.993683 104.484
0.989147 0.0141747 0.146247 -3.55683 -0.0130304 0.999877 -0.00877969 -2.43789 -0.146353 0.00677874 0.989209 104.854
0.983657 0.0115337 0.179685 -3.4491 -0.00983204 0.999898 -0.0103579 -2.45036 -0.179786 0.00842199 0.98367 105.223
0.975655 0.00847005 0.219146 -3.33523 -0.00613532 0.999917 -0.0113321 -2.46536 -0.219224 0.00971168 0.975626 105.565
0.966131 0.00592864 0.257982 -3.19528 -0.00290999 0.999923 -0.0120813 -2.4832 -0.258034 0.0109214 0.966074 105.927
0.953659 0.00652144 0.300818 -3.06156 -0.00269955 0.99991 -0.0131189 -2.50229 -0.300876 0.0116989 0.953591 106.252
0.938712 0.00876633 0.344591 -2.91223 -0.00430078 0.999897 -0.0137213 -2.51351 -0.344676 0.0113983 0.938653 106.576
0.921362 0.00826934 0.388617 -2.73359 -0.00356746 0.999911 -0.012819 -2.52495 -0.388689 0.0104246 0.92131 106.897
0.900882 0.00772973 0.433995 -2.55246 -0.00285798 0.999925 -0.0118768 -2.53592 -0.434055 0.0094592 0.900837 107.189
0.878364 0.0061488 0.477953 -2.34315 -0.000240727 0.999923 -0.0124215 -2.54936 -0.477993 0.0107955 0.878298 107.478
0.852853 0.00641446 0.522111 -2.12673 0.00146526 0.999891 -0.0146777 -2.56551 -0.522149 0.013283 0.852751 107.749
0.824939 0.00859019 0.565157 -1.90108 0.00157003 0.999846 -0.017489 -2.58638 -0.56522 0.0153147 0.824798 108.015
0.794729 0.0123105 0.606839 -1.66197 0.00132262 0.999757 -0.0220134 -2.59737 -0.606963 0.0182973 0.79452 108.257
0.76062 0.0183638 0.648937 -1.40997 -0.00221965 0.999668 -0.0256872 -2.61493 -0.649193 0.0180978 0.760408 108.506
0.723961 0.0230687 0.689455 -1.13454 -0.00441653 0.999575 -0.0288075 -2.61915 -0.689827 0.0178105 0.723755 108.731
0.685684 0.0232327 0.727528 -0.843306 -0.00179851 0.999542 -0.030224 -2.63027 -0.727897 0.0194156 0.685412 108.93
0.643144 0.0205673 0.765469 -0.512911 0.00277358 0.99957 -0.0291877 -2.64627 -0.76574 0.020895 0.642811 109.153
0.600338 0.0184159 0.799534 -0.204239 0.00429951 0.999646 -0.0262535 -2.65952 -0.799735 0.0191986 0.600046 109.326
0.553643 0.0169674 0.832581 0.149702 0.00511737 0.999704 -0.0237762 -2.6762 -0.832739 0.0174241 0.553392 109.518
0.506351 0.0146739 0.862202 0.480307 0.00653911 0.999761 -0.0208553 -2.68372 -0.862303 0.0161981 0.506134 109.661
0.454858 0.0105692 0.890501 0.847923 0.00941837 0.999817 -0.0166774 -2.70368 -0.890514 0.0159729 0.454675 109.797
0.404117 0.0104143 0.914648 1.21613 0.00730492 0.999867 -0.0146121 -2.72223 -0.914678 0.0125864 0.403987 109.913
0.352741 0.0146616 0.935606 1.59993 0.00437049 0.999841 -0.0173159 -2.73702 -0.935711 0.0101971 0.35262 110.025
0.301864 0.0204236 0.953132 2.00273 0.00293069 0.999746 -0.0223506 -2.74525 -0.953347 0.00954017 0.301727 110.123
0.256177 0.0223141 0.966372 2.39918 0.00474304 0.999692 -0.0243408 -2.7601 -0.966618 0.0108191 0.255992 110.181
0.216149 0.0219966 0.976113 2.81794 0.0115392 0.999619 -0.0250815 -2.77912 -0.976292 0.0166849 0.215813 110.219
0.180617 0.0218501 0.983311 3.24622 0.0196234 0.999474 -0.0258137 -2.7977 -0.983358 0.0239583 0.180093 110.264
0.149266 0.0229317 0.988531 3.70222 0.0236244 0.999363 -0.0267502 -2.81712 -0.988515 0.0273464 0.148629 110.314
0.121535 0.0219843 0.992344 4.16228 0.0220856 0.999447 -0.0248466 -2.83537 -0.992342 0.0249362 0.120982 110.342
0.0968999 0.0186993 0.995118 4.64055 0.0166543 0.999653 -0.0204062 -2.84511 -0.995155 0.0185503 0.0965548 110.372
0.0727773 0.0151294 0.997233 5.13942 0.011878 0.999801 -0.0160352 -2.85396 -0.997278 0.0130122 0.0725831 110.411
0.0505587 0.0124479 0.998643 5.67362 0.0160516 0.999783 -0.0132748 -2.87191 -0.998592 0.016701 0.050348 110.418
0.0293606 0.0125955 0.999489 6.21453 0.0230422 0.999646 -0.0132744 -2.89489 -0.999303 0.0234201 0.02906 110.415
0.012841 0.0149831 0.999805 6.75771 0.0290811 0.999459 -0.0153514 -2.91539 -0.999495 0.0292726 0.0123984 110.398
-0.000873314 0.0203594 0.999792 7.33742 0.0296648 0.999353 -0.0203245 -2.93416 -0.99956 0.0296409 -0.00147671 110.388
-0.0122745 0.0251948 0.999607 7.91392 0.0276172 0.99931 -0.0248481 -2.93877 -0.999543 0.0273014 -0.0129619 110.388
-0.0193952 0.0249866 0.9995 8.53382 0.0285464 0.999294 -0.0244275 -2.95914 -0.999404 0.0280583 -0.0200948 110.376
-0.0226998 0.0219124 0.999502 9.15211 0.0344066 0.999185 -0.021124 -2.98409 -0.99915 0.03391 -0.0234352 110.354
-0.0212246 0.0203252 0.999568 9.81116 0.0361437 0.999155 -0.0195493 -3.0093 -0.999121 0.0357132 -0.0219413 110.329
-0.0200653 0.0196886 0.999605 10.4691 0.0346989 0.999217 -0.0189845 -3.03762 -0.999196 0.0343042 -0.0207327 110.33
-0.0190784 0.0202787 0.999612 11.1525 0.0315347 0.999309 -0.0196707 -3.0537 -0.999321 0.0311471 -0.0197047 110.333
-0.0165021 0.0211666 0.99964 11.8518 0.0306793 0.999316 -0.0206533 -3.07592 -0.999393 0.0303275 -0.0171402 110.314
-0.0160032 0.0221126 0.999627 12.5718 0.0297936 0.999322 -0.0216288 -3.10413 -0.999428 0.0294364 -0.0166511 110.312
-0.0161646 0.0216285 0.999635 13.3043 0.0293278 0.999346 -0.021148 -3.13324 -0.999439 0.0289752 -0.0167883 110.316
-0.0153836 0.0202871 0.999676 14.045 0.0277148 0.999419 -0.0198553 -3.15745 -0.999498 0.0274003 -0.0159369 110.308
-0.014262 0.0191598 0.999715 14.8038 0.0284966 0.999418 -0.0187476 -3.18225 -0.999492 0.0282211 -0.0147997 110.293
-0.0147202 0.0169643 0.999748 15.5871 0.0291317 0.999439 -0.0165301 -3.21053 -0.999467 0.028881 -0.0152062 110.283
-0.0161852 0.0154629 0.999749 16.357 0.0280479 0.999494 -0.0150049 -3.23698 -0.999476 0.027798 -0.0166107 110.28
-0.0170155 0.014605 0.999749 17.1438 0.0260088 0.999561 -0.0141596 -3.25223 -0.999517 0.0257614 -0.0173879 110.27
-0.0186332 0.012293 0.999751 17.9503 0.0277724 0.999545 -0.0117729 -3.27335 -0.999441 0.0275461 -0.0189661 110.26
-0.0197052 0.0100582 0.999755 18.7437 0.0291763 0.999529 -0.00948087 -3.30533 -0.99938 0.0289823 -0.0199894 110.244
-0.0208785 0.00962999 0.999736 19.5567 0.0276678 0.999576 -0.00905064 -3.32695 -0.999399 0.0274715 -0.0211361 110.228
-0.0217911 0.0138938 0.999666 20.3648 0.0248998 0.999601 -0.0133501 -3.35227 -0.999452 0.0246006 -0.0221284 110.221
-0.0231794 0.0182471 0.999565 21.1713 0.0245896 0.999541 -0.0176765 -3.37941 -0.999429 0.0241692 -0.0236175 110.215
-0.0249599 0.0195127 0.999498 22.0031 0.0247698 0.999515 -0.0188945 -3.41215 -0.999382 0.0242858 -0.0254312 110.204
-0.024778 0.0175734 0.999538 22.8426 0.0219394 0.999614 -0.0170309 -3.44132 -0.999452 0.0215073 -0.025154 110.181
-0.0255389 0.013741 0.999579 23.6917 0.019483 0.999722 -0.0132452 -3.46493 -0.999484 0.0191365 -0.0257995 110.169
-0.0269923 0.00859077 0.999599 24.5417 0.01807 0.999804 -0.00810459 -3.4959 -0.999472 0.017844 -0.0271423 110.157
-0.0271699 0.00325934 0.999625 25.3691 0.0153274 0.999878 -0.00284356 -3.51184 -0.999513 0.0152444 -0.0272166 110.141
-0.0266859 0.00147787 0.999643 26.2053 0.0126948 0.999919 -0.00113938 -3.53442 -0.999563 0.0126599 -0.0267025 110.124
-0.0257512 0.0079468 0.999637 27.0267 0.0149072 0.99986 -0.00756456 -3.56553 -0.999557 0.014707 -0.0258661 110.109
-0.0243105 0.0189056 0.999526 27.8393 0.0168153 0.999687 -0.0184997 -3.59318 -0.999563 0.0163576 -0.0246208 110.095
-0.0251561 0.0234408 0.999409 28.6499 0.0187827 0.99956 -0.0229716 -3.62562 -0.999507 0.0181937 -0.0255853 110.089
-0.0228591 0.0193264 0.999552 29.4785 0.0202994 0.999616 -0.0188634 -3.64878 -0.999533 0.0198591 -0.0232426 110.07
-0.0223096 0.0119438 0.99968 30.3187 0.0232757 0.999664 -0.0114241 -3.67437 -0.99948 0.0230134 -0.0225801 110.052
-0.0223139 0.00857506 0.999714 31.1406 0.0249787 0.999656 -0.00801703 -3.70281 -0.999439 0.0247926 -0.0225204 110.035
-0.0215723 0.00870178 0.999729 31.9383 0.0237627 0.999684 -0.00818863 -3.72976 -0.999485 0.0235796 -0.0217722 110.022
-0.0231941 0.0093717 0.999687 32.7514 0.0211512 0.999737 -0.00888143 -3.75675 -0.999507 0.0209386 -0.0233862 110.013
-0.0257764 0.0095208 0.999622 33.551 0.0181835 0.999794 -0.00905355 -3.78591 -0.999502 0.0179433 -0.0259442 110.007
-0.0279327 0.009353 0.999566 34.3328 0.0171922 0.999813 -0.00887488 -3.81039 -0.999462 0.0169369 -0.0280883 109.986
-0.0293464 0.00981389 0.999521 35.1384 0.0168386 0.999815 -0.00932238 -3.83787 -0.999428 0.0165569 -0.0295062 109.962
-0.0337742 0.0102122 0.999377 35.9188 0.0152963 0.999836 -0.00969999 -3.86088 -0.999312 0.0149592 -0.0339249 109.96
-0.0351246 0.00932282 0.999339 36.7106 0.0140237 0.999863 -0.00883479 -3.88494 -0.999285 0.0137042 -0.0352505 109.933
-0.0372943 0.00813369 0.999271 37.4976 0.0144355 0.999867 -0.00759978 -3.91391 -0.9992 0.0141416 -0.0374068 109.906
-0.0402623 0.00822534 0.999155 38.2695 0.0138798 0.999874 -0.00767196 -3.9401 -0.999093 0.0135592 -0.0403714 109.884
-0.0410778 0.00916498 0.999114 39.0361 0.0138202 0.999867 -0.00860368 -3.96338 -0.99906 0.0134545 -0.041199 109.854
-0.0425398 0.0094707 0.99905 39.8087 0.0141633 0.99986 -0.0088753 -3.9816 -0.998994 0.0137723 -0.042668 109.83
-0.0436608 0.00785209 0.999016 40.5694 0.0156702 0.999851 -0.00717381 -4.01099 -0.998924 0.0153416 -0.0437774 109.797
-0.0456648 0.00694658 0.998933 41.3112 0.0158209 0.999855 -0.00622976 -4.03955 -0.998832 0.0155196 -0.0457682 109.773
-0.0460178 0.00668073 0.998918 42.0631 0.0150032 0.999869 -0.00599594 -4.06219 -0.998828 0.014711 -0.046112 109.737
-0.0468581 0.0058241 0.998885 42.7895 0.0134246 0.999896 -0.00520024 -4.08535 -0.998811 0.013166 -0.0469314 109.711
-0.0476926 0.00505916 0.998849 43.5034 0.0132644 0.999902 -0.00443115 -4.10747 -0.998774 0.0130378 -0.0477551 109.684
-0.0485097 0.00446911 0.998813 44.2124 0.0127697 0.999911 -0.00385384 -4.12852 -0.998741 0.0125676 -0.0485625 109.652
-0.049128 0.00670618 0.99877 44.9053 0.0128626 0.999899 -0.00608106 -4.15103 -0.99871 0.012548 -0.0492093 109.626
-0.048154 0.00918306 0.998798 45.5851 0.0127952 0.999881 -0.00857615 -4.17293 -0.998758 0.0123668 -0.0482658 109.59
-0.0480274 0.011088 0.998784 46.2652 0.0110933 0.999883 -0.0105668 -4.19548 -0.998784 0.0105724 -0.0481448 109.565
-0.0483451 0.0118547 0.99876 46.9347 0.011753 0.999867 -0.011299 -4.21808 -0.998762 0.0111921 -0.048478 109.539
-0.0482424 0.0116101 0.998768 47.6217 0.0131663 0.999853 -0.0109867 -4.2419 -0.998749 0.01262 -0.0483882 109.507
-0.0489265 0.0110719 0.998741 48.2702 0.0136603 0.999852 -0.010415 -4.26783 -0.998709 0.0131335 -0.0490705 109.486
-0.0488609 0.0115266 0.998739 48.9575 0.0102056 0.999887 -0.0110405 -4.28439 -0.998753 0.00965332 -0.048973 109.454
-0.0488755 0.0115067 0.998739 49.6215 0.00771296 0.999908 -0.0111427 -4.31139 -0.998775 0.00715862 -0.0489598 109.436
-0.0482653 0.0103641 0.998781 50.2727 0.00909833 0.999909 -0.00993613 -4.3321 -0.998793 0.00860766 -0.0483552 109.4
-0.0501238 0.00945505 0.998698 50.9359 0.00893331 0.999919 -0.00901825 -4.35595 -0.998703 0.00846965 -0.0502042 109.378
-0.0526575 0.0091424 0.998571 51.602 0.00575869 0.999944 -0.0088513 -4.37792 -0.998596 0.00528437 -0.0527072 109.342
-0.0587733 0.00904342 0.99823 52.2631 0.00344206 0.999955 -0.00885638 -4.39671 -0.998265 0.00291545 -0.0588017 109.319
-0.0643905 0.0120881 0.997852 52.9139 0.00622776 0.999912 -0.0117112 -4.41986 -0.997905 0.00546029 -0.0644601 109.275
-0.0711101 0.0149109 0.997357 53.5785 0.00808415 0.999864 -0.014372 -4.43814 -0.997436 0.0070408 -0.0712209 109.226
-0.0787997 0.0163976 0.996756 54.2398 0.00691601 0.99985 -0.0159017 -4.46196 -0.996867 0.00564052 -0.0789013 109.182
-0.0853794 0.0160308 0.99622 54.9128 0.00381851 0.999868 -0.0157622 -4.48274 -0.996341 0.00245831 -0.0854293 109.131
-0.0895508 0.0147465 0.995873 55.6003 0.00349217 0.999889 -0.0144919 -4.50738 -0.995976 0.00218 -0.0895923 109.063
-0.095242 0.0149908 0.995341 56.276 0.00216099 0.999887 -0.0148525 -4.53203 -0.995452 0.000736346 -0.0952636 109.013
-0.0985512 0.0145735 0.995025 56.9597 -0.000354144 0.999892 -0.0146799 -4.552 -0.995132 -0.0017991 -0.0985354 108.946
-0.101454 0.0115417 0.994773 57.64 0.00055565 0.999933 -0.0115449 -4.57201 -0.99484 -0.000618526 -0.101454 108.883
-0.103281 0.00857936 0.994615 58.347 0.00167397 0.999963 -0.00845166 -4.59234 -0.994651 0.000792062 -0.103292 108.811
-0.105011 0.00604531 0.994453 59.0597 0.00182752 0.999981 -0.00588594 -4.61176 -0.994469 0.00119929 -0.10502 108.74
-0.105788 0.00525635 0.994375 59.7607 0.000971134 0.999986 -0.0051827 -4.629 -0.994388 0.000417408 -0.105791 108.673
-0.106622 0.00811083 0.994266 60.4746 0.00188654 0.999967 -0.00795502 -4.65077 -0.994298 0.00102754 -0.106634 108.6
-0.107037 0.0121983 0.99418 61.2102 0.00682181 0.99991 -0.0115341 -4.67361 -0.994232 0.00554753 -0.10711 108.519
-0.107157 0.0167257 0.994101 61.9309 0.013766 0.999788 -0.0153375 -4.69973 -0.994147 0.0120413 -0.107364 108.432
-0.108043 0.0180448 0.993982 62.6511 0.0151185 0.999749 -0.0165061 -4.72394 -0.994031 0.0132442 -0.108288 108.362
-0.107438 0.0161797 0.99408 63.3864 0.0132501 0.999802 -0.0148408 -4.74754 -0.994124 0.0115772 -0.107631 108.284
-0.107296 0.0120394 0.994154 64.1211 0.0138428 0.999848 -0.0106144 -4.7633 -0.994131 0.012623 -0.107446 108.206
-0.107125 0.0101834 0.994193 64.8502 0.016772 0.999824 -0.00843391 -4.78581 -0.994104 0.0157711 -0.107277 108.129
-0.108422 0.00940389 0.99406 65.5846 0.0178229 0.999813 -0.00751436 -4.81124 -0.993945 0.0169024 -0.108569 108.047
-0.110301 0.0108344 0.993839 66.3178 0.0169939 0.999815 -0.00901348 -4.82669 -0.993753 0.015895 -0.110465 107.973
-0.113552 0.0110643 0.99347 67.0556 0.0161472 0.999826 -0.00928951 -4.85188 -0.993401 0.0149869 -0.113711 107.898
-0.115533 0.0113872 0.993238 67.7589 0.0166841 0.999815 -0.00952195 -4.87287 -0.993164 0.0154712 -0.115701 107.822
-0.116483 0.0111856 0.99313 68.4827 0.0167556 0.999816 -0.00929569 -4.90066 -0.993051 0.0155577 -0.116649 107.735
-0.118404 0.0109831 0.992905 69.2149 0.0164625 0.999823 -0.00909649 -4.92482 -0.992829 0.0152686 -0.118564 107.65
-0.120576 0.011534 0.992637 69.9569 0.0150097 0.999839 -0.0097945 -4.94435 -0.992591 0.0137182 -0.12073 107.57
-0.121636 0.0128685 0.992491 70.6962 0.0148795 0.999827 -0.01114 -4.9687 -0.992463 0.0134127 -0.121807 107.483
-0.122683 0.0131272 0.992359 71.4489 0.0140906 0.999835 -0.0114841 -4.99437 -0.992346 0.012574 -0.122848 107.401
-0.124206 0.0132987 0.992167 72.1981 0.0133478 0.999842 -0.0117306 -5.01789 -0.992167 0.0117862 -0.124364 107.311
-0.125483 0.0120676 0.992022 72.9625 0.0138264 0.99985 -0.0104139 -5.03941 -0.991999 0.0124094 -0.125631 107.217
-0.126542 0.00979868 0.991913 73.7352 0.0118102 0.999895 -0.00837086 -5.06056 -0.991891 0.0106554 -0.126644 107.128
-0.127558 0.00817537 0.991797 74.5156 0.00908621 0.999934 -0.00707384 -5.07788 -0.99179 0.00810935 -0.127624 107.028
-0.13115 0.00734416 0.991335 75.2881 0.00978564 0.999933 -0.00611325 -5.0996 -0.991314 0.0088991 -0.131214 106.941
-0.132538 0.00778204 0.991147 76.0815 0.0105272 0.999924 -0.00644323 -5.11718 -0.991122 0.00957999 -0.13261 106.841
-0.134643 0.00894083 0.990854 76.8592 0.0103783 0.999917 -0.00761235 -5.14052 -0.99084 0.0092584 -0.134724 106.735
-0.136486 0.0123384 0.990565 77.6484 0.0119235 0.99987 -0.0108114 -5.16106 -0.99057 0.0103354 -0.136615 106.634
-0.136491 0.0160182 0.990512 78.4349 0.0134381 0.999807 -0.0143168 -5.18719 -0.99055 0.0113564 -0.13668 106.526
-0.138186 0.0194061 0.990216 79.2417 0.0151036 0.999733 -0.0174848 -5.21982 -0.990291 0.0125397 -0.138443 106.413
-0.137592 0.020736 0.990272 80.056 0.0169185 0.999684 -0.0185824 -5.24573 -0.990345 0.0141971 -0.137899 106.296
-0.137648 0.0202834 0.990273 80.8798 0.0209735 0.999626 -0.0175596 -5.28172 -0.990259 0.0183525 -0.138022 106.186
-0.137305 0.0186983 0.990352 81.7031 0.021557 0.999641 -0.015885 -5.30556 -0.990294 0.0191679 -0.137659 106.077
-0.13671 0.0170661 0.990464 82.5329 0.0205755 0.999685 -0.014385 -5.33263 -0.990397 0.0184127 -0.137018 105.967
-0.134692 0.0149018 0.990775 83.3621 0.0200459 0.999723 -0.0123112 -5.35749 -0.990685 0.0182028 -0.134953 105.859
-0.13274 0.0117787 0.991081 84.1999 0.0205215 0.999748 -0.00913315 -5.38275 -0.990939 0.0191261 -0.132948 105.751
-0.131566 0.00829339 0.991273 85.0416 0.0205682 0.999773 -0.0056346 -5.40657 -0.991094 0.0196474 -0.131706 105.644
-0.130126 0.00825174 0.991463 85.8787 0.0200051 0.999784 -0.00569539 -5.42832 -0.991296 0.0190932 -0.130263 105.55
-0.129163 0.0117132 0.991554 86.7063 0.02045 0.999749 -0.00914614 -5.455 -0.991412 0.0190959 -0.12937 105.448
-0.126618 0.0174051 0.991799 87.5519 0.0204643 0.999679 -0.0149308 -5.49054 -0.99174 0.018406 -0.126934 105.34
-0.125152 0.0203683 0.991928 88.398 0.01829 0.999667 -0.0182195 -5.51934 -0.991969 0.0158621 -0.125483 105.245
-0.123702 0.018844 0.99214 89.2343 0.017145 0.999711 -0.0168501 -5.54224 -0.992171 0.0149259 -0.12399 105.149
-0.12247 0.0164133 0.992336 90.1023 0.0183277 0.99973 -0.0142736 -5.57383 -0.992303 0.0164392 -0.122738 105.044
-0.122165 0.0149521 0.992397 90.9776 0.0191002 0.999737 -0.0127114 -5.59932 -0.992326 0.0174021 -0.122418 104.941
-0.121492 0.0141375 0.992492 91.8139 0.0176763 0.999771 -0.0120774 -5.63028 -0.992435 0.0160763 -0.121714 104.846
-0.12139 0.014045 0.992505 92.6674 0.0171165 0.999781 -0.0120545 -5.65879 -0.992457 0.0155249 -0.121604 104.75
-0.121488 0.0126864 0.992512 93.5089 0.0189004 0.999767 -0.0104656 -5.68291 -0.992413 0.0174874 -0.1217 104.656
-0.119907 0.0118197 0.992715 94.3626 0.0215549 0.999724 -0.00929962 -5.71075 -0.992551 0.0202828 -0.120128 104.551
-0.11924 0.0126769 0.992784 95.1994 0.0231356 0.999682 -0.00998627 -5.74366 -0.992596 0.0217779 -0.119496 104.458
-0.117653 0.0146842 0.992946 96.0524 0.0244531 0.99963 -0.0118856 -5.7739 -0.992754 0.0228823 -0.117968 104.356
-0.116562 0.0156592 0.99306 96.9074 0.0214388 0.999682 -0.0132472 -5.80424 -0.992952 0.0197459 -0.11686 104.262
-0.11648 0.0123086 0.993117 97.7663 0.016886 0.999803 -0.010411 -5.82873 -0.993049 0.0155571 -0.116665 104.172
-0.116644 0.0104484 0.993119 98.6075 0.0134554 0.99987 -0.00893908 -5.85608 -0.993083 0.0123201 -0.11677 104.087
-0.117848 0.0108131 0.992973 99.4442 0.0101078 0.999902 -0.00968891 -5.88115 -0.99298 0.00889492 -0.117946 103.999
-0.119027 0.0149177 0.992779 100.27 0.00605279 0.999879 -0.0142987 -5.91059 -0.992873 0.00430715 -0.119102 103.907
-0.118932 0.0170428 0.992756 101.089 0.00537611 0.999849 -0.0165206 -5.94209 -0.992888 0.00337234 -0.119006 103.815
-0.118981 0.0174021 0.992744 101.902 0.00595569 0.999841 -0.0168128 -5.97431 -0.992879 0.00391207 -0.119066 103.724
-0.119445 0.0167542 0.992699 102.717 0.00731282 0.999845 -0.0159949 -6.00372 -0.992814 0.00534893 -0.119549 103.63
-0.119678 0.0174876 0.992659 103.533 0.00855522 0.999826 -0.0165824 -6.03792 -0.992776 0.00650787 -0.119806 103.535
-0.121336 0.0199174 0.992412 104.338 0.00903985 0.999779 -0.01896 -6.07586 -0.99257 0.00667072 -0.121489 103.447
-0.121785 0.0213127 0.992328 105.143 0.00917231 0.999751 -0.0203464 -6.1137 -0.992514 0.00662405 -0.12195 103.356
-0.121955 0.0215818 0.992301 105.926 0.00720685 0.999756 -0.0208583 -6.1419 -0.99251 0.0046076 -0.12208 103.261
-0.124669 0.0207013 0.991982 106.716 0.00531705 0.999782 -0.0201958 -6.17357 -0.992184 0.00275663 -0.124752 103.174
-0.129915 0.0216569 0.991289 107.504 0.00509547 0.999763 -0.0211742 -6.21132 -0.991512 0.00230023 -0.129994 103.089
-0.132475 0.0237486 0.990902 108.273 0.00467087 0.999717 -0.0233354 -6.24984 -0.991175 0.00153703 -0.132548 102.99
-0.134857 0.0249984 0.99055 109.051 0.00285039 0.999687 -0.0248409 -6.28496 -0.990861 -0.000526504 -0.134886 102.881
-0.136452 0.0250706 0.990329 109.815 0.00352294 0.999686 -0.0248221 -6.32019 -0.990641 0.000101862 -0.136497 102.771
-0.140721 0.0242688 0.989752 110.566 0.00456639 0.999705 -0.0238636 -6.35452 -0.990039 0.00116148 -0.14079 102.679
-0.143985 0.0249273 0.989266 111.35 0.00598938 0.999686 -0.0243181 -6.39261 -0.989562 0.00242363 -0.144089 102.571
-0.145324 0.029087 0.988956 112.096 0.00193389 0.999574 -0.0291151 -6.43137 -0.989382 -0.00231858 -0.145318 102.465
-0.147379 0.0355226 0.988442 112.847 -8.93152e-05 0.999354 -0.0359281 -6.47465 -0.98908 -0.00538333 -0.147281 102.368
-0.149944 0.0382419 0.987955 113.593 0.00356895 0.999266 -0.0381381 -6.5159 -0.988688 -0.00219261 -0.14997 102.255
-0.153592 0.0365307 0.987459 114.363 0.00594964 0.999332 -0.0360445 -6.55972 -0.988116 0.000338861 -0.153707 102.139
-0.155562 0.0298037 0.987376 115.123 0.00487007 0.999556 -0.029404 -6.59979 -0.987814 0.000234439 -0.155638 102.016
-0.157769 0.0278594 0.987083 115.863 0.00352646 0.999611 -0.0276494 -6.63796 -0.98747 -0.0008813 -0.157806 101.903
-0.159155 0.0297504 0.986805 116.603 0.00315793 0.999556 -0.0296255 -6.68246 -0.987249 -0.00159878 -0.159178 101.781
-0.16097 0.0323831 0.986428 117.33 8.44984e-05 0.999462 -0.0327972 -6.72112 -0.986959 -0.00519603 -0.160887 101.666
-0.16364 0.0354124 0.985884 118.063 0.000284549 0.999357 -0.0358491 -6.75741 -0.98652 -0.00558581 -0.163545 101.554
-0.16701 0.0396784 0.985156 118.794 0.00370882 0.999208 -0.0396156 -6.79567 -0.985948 -0.00296245 -0.167025 101.437
-0.168345 0.0440328 0.984744 119.541 0.0039689 0.999024 -0.0439928 -6.8464 -0.98572 -0.00349762 -0.168355 101.31
-0.172267 0.0459518 0.983978 120.272 0.00278667 0.99893 -0.0461622 -6.89374 -0.985046 -0.00521018 -0.17221 101.199
-0.174535 0.0441921 0.983659 120.981 0.00444406 0.999018 -0.0440936 -6.93723 -0.984641 -0.00332444 -0.17456 101.074
-0.177255 0.0409417 0.983313 121.709 0.00825264 0.999161 -0.0401139 -6.98885 -0.98413 0.00100452 -0.177444 100.934
-0.183999 0.0394515 0.982134 122.423 0.00981934 0.999218 -0.0382981 -7.03205 -0.982877 0.00259708 -0.184243 100.81
-0.190329 0.0382243 0.980976 123.133 0.00983069 0.999266 -0.0370297 -7.07795 -0.981671 0.00259586 -0.190565 100.678
-0.197652 0.0383861 0.97952 123.856 0.00877906 0.999262 -0.0373883 -7.12078 -0.980233 0.0012094 -0.197843 100.529
-0.20747 0.0385131 0.977483 124.563 0.00829584 0.999258 -0.0376102 -7.16249 -0.978206 0.000306057 -0.207635 100.375
-0.22063 0.0391588 0.974571 125.258 0.00874616 0.999233 -0.0381697 -7.20495 -0.975318 0.000102363 -0.220803 100.221
-0.232043 0.0398146 0.97189 125.948 0.00940476 0.999207 -0.0386883 -7.25159 -0.97266 0.000163034 -0.232234 100.05
-0.243306 0.0401072 0.96912 126.643 0.0124755 0.999191 -0.0382196 -7.29491 -0.969869 0.00279115 -0.24361 99.8683
-0.254117 0.0403561 0.966331 127.326 0.0152964 0.999172 -0.0377051 -7.3338 -0.967052 0.00519991 -0.254524 99.6754
-0.2661 0.0401659 0.963108 128.02 0.0198218 0.999148 -0.0361923 -7.38147 -0.963742 0.00945973 -0.26667 99.4882
-0.273581 0.0407234 0.960987 128.696 0.0251551 0.999065 -0.0351757 -7.41974 -0.96152 0.0145504 -0.274349 99.2795
-0.282812 0.0407964 0.958307 129.371 0.0290912 0.999 -0.0339435 -7.46122 -0.958734 0.0182787 -0.283716 99.0813
-0.287804 0.0410591 0.956809 130.056 0.0297138 0.998982 -0.0339311 -7.4995 -0.957228 0.0186649 -0.288731 98.8638
-0.29245 0.039287 0.955474 130.73 0.0328746 0.998978 -0.0310136 -7.53385 -0.955716 0.0223409 -0.293442 98.6531
-0.293708 0.0370824 0.955176 131.403 0.0391935 0.998874 -0.0267273 -7.56888 -0.955091 0.0295867 -0.29483 98.4342
-0.296344 0.035485 0.954422 132.072 0.0445276 0.998736 -0.023307 -7.60286 -0.954043 0.0355913 -0.297549 98.2282
-0.29782 0.0344509 0.954 132.735 0.047429 0.998648 -0.0212568 -7.63471 -0.953443 0.0389166 -0.299052 98.0181
-0.295987 0.0383987 0.95442 133.386 0.0494118 0.998469 -0.0248473 -7.67524 -0.953913 0.0398051 -0.297431 97.8062
-0.295583 0.0411107 0.954432 134.026 0.0488407 0.998417 -0.0278795 -7.71048 -0.954068 0.0383744 -0.297123 97.623
-0.294493 0.041413 0.954756 134.683 0.0509385 0.998321 -0.0275908 -7.73924 -0.954295 0.0405086 -0.296108 97.4177
-0.292329 0.0397758 0.95549 135.326 0.0520667 0.998315 -0.0256289 -7.76992 -0.954899 0.0422571 -0.293907 97.2142
-0.291085 0.0375704 0.955959 135.969 0.0539925 0.998281 -0.0227932 -7.80273 -0.955172 0.0449799 -0.292613 97.0241
-0.289127 0.0384961 0.956516 136.606 0.0569429 0.998113 -0.0229581 -7.83194 -0.955596 0.047829 -0.290774 96.829
-0.286229 0.0405383 0.957303 137.236 0.0577267 0.998019 -0.0250025 -7.86378 -0.956421 0.0481055 -0.288002 96.6372
-0.283174 0.0419281 0.958151 137.851 0.0583616 0.997946 -0.0264211 -7.895 -0.957291 0.0484375 -0.28504 96.4664
-0.277394 0.0412012 0.959872 138.479 0.059608 0.997893 -0.025607 -7.92602 -0.958905 0.0501128 -0.279265 96.2765
-0.270995 0.0396317 0.961764 139.087 0.0606892 0.997868 -0.0240191 -7.95039 -0.960666 0.0518596 -0.272822 96.1008
-0.267263 0.0377862 0.962883 139.682 0.0606124 0.997911 -0.0223369 -7.98427 -0.961716 0.0523928 -0.268995 95.9416
-0.262708 0.0369522 0.964168 140.299 0.0607701 0.997916 -0.0216876 -8.01819 -0.96296 0.0528951 -0.264406 95.7764
-0.259555 0.0352161 0.965086 140.899 0.0607389 0.997952 -0.02008 -8.05036 -0.963816 0.0534064 -0.261162 95.6209
-0.255394 0.0339735 0.96624 141.508 0.0633435 0.997823 -0.0183412 -8.0725 -0.96476 0.0565207 -0.256991 95.4524
-0.252584 0.0323539 0.967034 142.09 0.0653685 0.997728 -0.0163069 -8.09806 -0.965364 0.0590947 -0.254125 95.3037
-0.248428 0.03087 0.968158 142.688 0.0638213 0.997842 -0.01544 -8.12526 -0.966546 0.0579534 -0.249862 95.1564
-0.246157 0.0313474 0.968723 143.265 0.0617715 0.997952 -0.0165969 -8.15187 -0.96726 0.055754 -0.247589 95.0285
-0.240311 0.0347141 0.970075 143.842 0.0632237 0.997798 -0.0200441 -8.17777 -0.968635 0.0565148 -0.241977 94.8831
-0.236051 0.0374113 0.97102 144.413 0.0641084 0.997681 -0.022854 -8.20711 -0.969624 0.0568558 -0.237903 94.7511
-0.228231 0.0383126 0.972853 144.984 0.0623203 0.997751 -0.0246728 -8.229 -0.97161 0.0549973 -0.230106 94.6151
-0.219171 0.0373246 0.974972 145.57 0.0600479 0.99789 -0.0247034 -8.25693 -0.973837 0.0531308 -0.220949 94.4952
-0.206949 0.0354048 0.977711 146.15 0.0590915 0.997973 -0.0236308 -8.28543 -0.976566 0.052884 -0.208622 94.3762
-0.196943 0.034081 0.979822 146.712 0.0595824 0.997964 -0.0227361 -8.31364 -0.978603 0.0539024 -0.198573 94.281
