1.000000e+00 -1.734723e-18 -6.776264e-21 0.000000e+00 0.000000e+00 1.000000e+00 8.673617e-19 0.000000e+00 -2.168404e-19 -8.673617e-19 1.000000e+00 0.000000e+00
9.999989e-01 -1.056743e-03 -1.014647e-03 9.366532e-03 1.055997e-03 9.999992e-01 -7.353589e-04 -1.434620e-02 1.015423e-03 7.342866e-04 9.999992e-01 4.987898e-01
9.999942e-01 -2.315873e-03 -2.504319e-03 -9.720988e-03 2.311581e-03 9.999959e-01 -1.715187e-03 -3.429963e-02 2.508281e-03 1.709388e-03 9.999954e-01 1.125759e+00
9.999835e-01 -2.100978e-03 -5.343176e-03 -1.112484e-02 2.084483e-03 9.999931e-01 -3.090824e-03 -5.118916e-02 5.349633e-03 3.079636e-03 9.999809e-01 1.688061e+00
9.999707e-01 -3.597252e-03 -6.758467e-03 -1.995490e-02 3.565012e-03 9.999822e-01 -4.776290e-03 -6.326584e-02 6.775529e-03 4.752056e-03 9.999658e-01 2.250608e+00
9.999499e-01 -6.052269e-03 -7.975985e-03 -2.712011e-02 6.004142e-03 9.999637e-01 -6.044307e-03 -8.114754e-02 8.012278e-03 5.996115e-03 9.999499e-01 2.807774e+00
9.999212e-01 -8.027636e-03 -9.650126e-03 -2.234598e-02 7.960950e-03 9.999443e-01 -6.929127e-03 -9.591565e-02 9.705214e-03 6.851757e-03 9.999294e-01 3.366807e+00
9.999053e-01 -8.227327e-03 -1.103281e-02 -2.920021e-02 8.151794e-03 9.999431e-01 -6.873908e-03 -1.085014e-01 1.108874e-02 6.783320e-03 9.999155e-01 3.955164e+00
9.998830e-01 -8.490655e-03 -1.272445e-02 -3.929359e-02 8.403424e-03 9.999409e-01 -6.893279e-03 -1.278619e-01 1.278222e-02 6.785544e-03 9.998953e-01 4.542111e+00
9.998840e-01 -8.139409e-03 -1.287141e-02 -5.330755e-02 8.020943e-03 9.999252e-01 -9.228854e-03 -1.428970e-01 1.294557e-02 9.124543e-03 9.998746e-01 5.139794e+00
9.998683e-01 -7.149604e-03 -1.457069e-02 -6.236747e-02 6.960159e-03 9.998911e-01 -1.301136e-02 -1.627941e-01 1.466213e-02 1.290823e-02 9.998092e-01 5.725117e+00
9.998625e-01 -5.084450e-03 -1.578594e-02 -8.574981e-02 4.821792e-03 9.998500e-01 -1.663244e-02 -1.814324e-01 1.586814e-02 1.655404e-02 9.997370e-01 6.341640e+00
9.998602e-01 -3.205968e-03 -1.640881e-02 -1.128964e-01 2.922425e-03 9.998465e-01 -1.727482e-02 -1.980178e-01 1.646168e-02 1.722445e-02 9.997161e-01 6.965507e+00
9.998268e-01 -1.062260e-03 -1.857898e-02 -1.278628e-01 8.647234e-04 9.999431e-01 -1.063707e-02 -2.161432e-01 1.858923e-02 1.061917e-02 9.997708e-01 7.610690e+00
9.998361e-01 -9.629520e-05 -1.810689e-02 -1.465927e-01 8.114574e-05 9.999996e-01 -8.374014e-04 -2.258466e-01 1.810696e-02 8.357948e-04 9.998357e-01 8.275310e+00
9.998112e-01 1.074424e-03 -1.940131e-02 -1.603956e-01 -9.530517e-04 9.999799e-01 6.264061e-03 -2.448175e-01 1.940765e-02 -6.244388e-03 9.997922e-01 8.945319e+00
9.997754e-01 2.816113e-03 -2.100335e-02 -1.863823e-01 -2.686316e-03 9.999771e-01 6.205506e-03 -2.619654e-01 2.102035e-02 -6.147691e-03 9.997601e-01 9.625770e+00
9.997565e-01 5.772882e-03 -2.129720e-02 -2.028585e-01 -5.779844e-03 9.999833e-01 -2.653526e-04 -2.690603e-01 2.129531e-02 3.883824e-04 9.997732e-01 1.031950e+01
9.997317e-01 5.464492e-03 -2.250946e-02 -2.244881e-01 -5.614100e-03 9.999625e-01 -6.588622e-03 -2.741202e-01 2.247262e-02 6.713225e-03 9.997249e-01 1.102072e+01
9.997276e-01 3.563650e-03 -2.306771e-02 -2.453176e-01 -3.689464e-03 9.999785e-01 -5.413847e-03 -2.854289e-01 2.304792e-02 5.497480e-03 9.997192e-01 1.173661e+01
9.996922e-01 2.678347e-03 -2.466332e-02 -2.634121e-01 -2.610681e-03 9.999927e-01 2.775392e-03 -2.960056e-01 2.467058e-02 -2.710150e-03 9.996920e-01 1.250910e+01
9.996978e-01 9.279394e-04 -2.456649e-02 -2.809120e-01 -6.741909e-04 9.999464e-01 1.033532e-02 -2.998810e-01 2.457477e-02 -1.031563e-02 9.996448e-01 1.329621e+01
9.996725e-01 6.841423e-04 -2.558224e-02 -3.109518e-01 -3.379880e-04 9.999084e-01 1.353292e-02 -3.027970e-01 2.558916e-02 -1.351984e-02 9.995811e-01 1.409252e+01
9.996655e-01 -1.194670e-03 -2.583389e-02 -3.277238e-01 1.547576e-03 9.999057e-01 1.364490e-02 -3.050462e-01 2.581515e-02 -1.368032e-02 9.995731e-01 1.487711e+01
9.996905e-01 -1.784449e-03 -2.481414e-02 -3.627821e-01 2.063439e-03 9.999349e-01 1.122215e-02 -3.110005e-01 2.479250e-02 -1.126988e-02 9.996291e-01 1.570523e+01
9.996845e-01 5.654488e-04 -2.511140e-02 -3.757525e-01 -3.739401e-04 9.999708e-01 7.630406e-03 -3.084122e-01 2.511499e-02 -7.618608e-03 9.996555e-01 1.653085e+01
9.997320e-01 -1.485467e-03 -2.310418e-02 -4.091265e-01 1.541151e-03 9.999960e-01 2.392542e-03 -3.150026e-01 2.310054e-02 -2.427508e-03 9.997302e-01 1.737876e+01
9.997258e-01 -4.256066e-03 -2.302626e-02 -4.271728e-01 4.170577e-03 9.999842e-01 -3.759447e-03 -3.322313e-01 2.304190e-02 3.662384e-03 9.997278e-01 1.825166e+01
9.997631e-01 -3.263412e-03 -2.151834e-02 -4.544622e-01 3.066400e-03 9.999531e-01 -9.182190e-03 -3.500282e-01 2.154730e-02 9.114031e-03 9.997263e-01 1.914533e+01
9.997433e-01 -2.966696e-03 -2.246350e-02 -4.803803e-01 2.740170e-03 9.999452e-01 -1.010826e-02 -3.639667e-01 2.249226e-02 1.004411e-02 9.996966e-01 2.004881e+01
9.997574e-01 -2.075742e-03 -2.192665e-02 -4.997808e-01 1.861894e-03 9.999506e-01 -9.768825e-03 -3.860354e-01 2.194584e-02 9.725630e-03 9.997119e-01 2.096250e+01
9.997567e-01 -8.365297e-04 -2.204291e-02 -5.372503e-01 6.047575e-04 9.999445e-01 -1.051916e-02 -4.135305e-01 2.205048e-02 1.050327e-02 9.997017e-01 2.191019e+01
9.997588e-01 9.881135e-04 -2.193783e-02 -5.652436e-01 -1.249032e-03 9.999286e-01 -1.188303e-02 -4.320189e-01 2.192453e-02 1.190756e-02 9.996887e-01 2.283228e+01
9.997493e-01 5.226487e-03 -2.177372e-02 -5.979534e-01 -5.521289e-03 9.998936e-01 -1.350129e-02 -4.604522e-01 2.170084e-02 1.361812e-02 9.996718e-01 2.380382e+01
9.997002e-01 6.352380e-03 -2.364530e-02 -6.211651e-01 -6.666011e-03 9.998905e-01 -1.320887e-02 -4.871580e-01 2.355881e-02 1.336253e-02 9.996331e-01 2.477853e+01
9.997231e-01 7.526764e-03 -2.229658e-02 -6.648918e-01 -7.818825e-03 9.998844e-01 -1.304079e-02 -5.138014e-01 2.219585e-02 1.321151e-02 9.996663e-01 2.575612e+01
9.996910e-01 8.334402e-03 -2.341925e-02 -6.886632e-01 -8.637366e-03 9.998799e-01 -1.286528e-02 -5.431657e-01 2.330922e-02 1.306358e-02 9.996429e-01 2.673988e+01
9.996864e-01 9.031239e-03 -2.335814e-02 -7.163492e-01 -9.309665e-03 9.998866e-01 -1.183871e-02 -5.757687e-01 2.324858e-02 1.205245e-02 9.996571e-01 2.773014e+01
9.996917e-01 9.181777e-03 -2.306935e-02 -7.647026e-01 -9.423378e-03 9.999017e-01 -1.038602e-02 -6.016374e-01 2.297172e-02 1.060021e-02 9.996799e-01 2.874912e+01
9.996700e-01 9.227091e-03 -2.397367e-02 -7.832741e-01 -9.443551e-03 9.999155e-01 -8.931600e-03 -6.244497e-01 2.388923e-02 9.155049e-03 9.996727e-01 2.975466e+01
9.996804e-01 8.391202e-03 -2.384626e-02 -8.144762e-01 -8.618670e-03 9.999182e-01 -9.452181e-03 -6.506374e-01 2.376499e-02 9.654684e-03 9.996710e-01 3.077897e+01
9.996562e-01 9.644124e-03 -2.438223e-02 -8.524080e-01 -9.897227e-03 9.998982e-01 -1.028133e-02 -6.778500e-01 2.428060e-02 1.051911e-02 9.996498e-01 3.181474e+01
9.996558e-01 1.008548e-02 -2.421900e-02 -8.770625e-01 -1.032191e-02 9.999001e-01 -9.657103e-03 -7.012902e-01 2.411918e-02 9.903766e-03 9.996600e-01 3.283617e+01
9.996730e-01 9.524915e-03 -2.373015e-02 -8.991384e-01 -9.693367e-03 9.999286e-01 -6.993750e-03 -7.346898e-01 2.366184e-02 7.221488e-03 9.996939e-01 3.389680e+01
9.996296e-01 1.026639e-02 -2.520283e-02 -9.267776e-01 -1.036178e-02 9.999396e-01 -3.657433e-03 -7.600890e-01 2.516376e-02 3.917225e-03 9.996757e-01 3.495732e+01
9.996552e-01 9.429963e-03 -2.450575e-02 -9.611567e-01 -9.459953e-03 9.999546e-01 -1.108092e-03 -7.789975e-01 2.449419e-02 1.339533e-03 9.996991e-01 3.600766e+01
9.996083e-01 9.111920e-03 -2.646020e-02 -9.986119e-01 -9.128453e-03 9.999582e-01 -5.040599e-04 -8.058475e-01 2.645450e-02 7.454031e-04 9.996497e-01 3.706393e+01
9.996247e-01 9.168003e-03 -2.581558e-02 -1.033302e+00 -9.199734e-03 9.999571e-01 -1.110588e-03 -8.227545e-01 2.580429e-02 1.347668e-03 9.996661e-01 3.813185e+01
9.995822e-01 1.012871e-02 -2.707139e-02 -1.067329e+00 -1.017066e-02 9.999473e-01 -1.412231e-03 -8.461429e-01 2.705566e-02 1.686975e-03 9.996325e-01 3.921169e+01
9.995755e-01 9.522758e-03 -2.753523e-02 -1.109964e+00 -9.547732e-03 9.999541e-01 -7.756241e-04 -8.665502e-01 2.752658e-02 1.038194e-03 9.996205e-01 4.029539e+01
9.995637e-01 1.012256e-02 -2.774740e-02 -1.144380e+00 -1.008698e-02 9.999481e-01 1.421754e-03 -8.887488e-01 2.776035e-02 -1.141246e-03 9.996140e-01 4.139065e+01
9.995279e-01 9.768309e-03 -2.913027e-02 -1.188049e+00 -9.665453e-03 9.999466e-01 3.669654e-03 -9.106454e-01 2.916456e-02 -3.386364e-03 9.995689e-01 4.246434e+01
9.995271e-01 1.012306e-02 -2.903718e-02 -1.222512e+00 -1.001258e-02 9.999421e-01 3.947805e-03 -9.300719e-01 2.907547e-02 -3.655202e-03 9.995705e-01 4.354494e+01
9.994997e-01 1.223465e-02 -2.916549e-02 -1.268501e+00 -1.222204e-02 9.999251e-01 6.104070e-04 -9.539914e-01 2.917078e-02 -2.536398e-04 9.995744e-01 4.460034e+01
9.994797e-01 1.507509e-02 -2.851516e-02 -1.300789e+00 -1.515216e-02 9.998821e-01 -2.488598e-03 -9.825182e-01 2.847428e-02 2.919369e-03 9.995903e-01 4.568613e+01
9.994076e-01 1.726138e-02 -2.977272e-02 -1.341729e+00 -1.735782e-02 9.998449e-01 -2.983640e-03 -1.004889e+00 2.971660e-02 3.498662e-03 9.995522e-01 4.675341e+01
9.994210e-01 1.665066e-02 -2.967280e-02 -1.386194e+00 -1.667235e-02 9.998609e-01 -4.834612e-04 -1.030288e+00 2.966063e-02 9.778965e-04 9.995595e-01 4.784062e+01
9.994504e-01 1.641601e-02 -2.879920e-02 -1.435489e+00 -1.638693e-02 9.998649e-01 1.245593e-03 -1.041932e+00 2.881576e-02 -7.729782e-04 9.995844e-01 4.893231e+01
9.994628e-01 1.415525e-02 -2.956065e-02 -1.465180e+00 -1.408586e-02 9.998975e-01 2.554373e-03 -1.063191e+00 2.959378e-02 -2.136613e-03 9.995597e-01 4.999621e+01
9.994742e-01 1.437931e-02 -2.906017e-02 -1.508487e+00 -1.433573e-02 9.998958e-01 1.707483e-03 -1.075891e+00 2.908169e-02 -1.289987e-03 9.995762e-01 5.107170e+01
9.994843e-01 1.475289e-02 -2.852194e-02 -1.542185e+00 -1.474083e-02 9.998911e-01 6.330578e-04 -1.109822e+00 2.852818e-02 -2.122941e-04 9.995930e-01 5.216314e+01
9.994867e-01 1.496610e-02 -2.832569e-02 -1.579915e+00 -1.501331e-02 9.998862e-01 -1.454579e-03 -1.120649e+00 2.830070e-02 1.879095e-03 9.995977e-01 5.323414e+01
9.995259e-01 1.395844e-02 -2.744321e-02 -1.620590e+00 -1.405854e-02 9.998952e-01 -3.458195e-03 -1.148939e+00 2.739206e-02 3.842367e-03 9.996174e-01 5.431058e+01
9.995074e-01 1.346601e-02 -2.834677e-02 -1.655670e+00 -1.366459e-02 9.998834e-01 -6.823642e-03 -1.181997e+00 2.825157e-02 7.207628e-03 9.995749e-01 5.538855e+01
9.995566e-01 1.198982e-02 -2.725587e-02 -1.676877e+00 -1.222606e-02 9.998890e-01 -8.517498e-03 -1.213547e+00 2.715073e-02 8.846953e-03 9.995922e-01 5.646775e+01
9.995734e-01 1.037871e-02 -2.729895e-02 -1.716320e+00 -1.056924e-02 9.999207e-01 -6.844066e-03 -1.247029e+00 2.722576e-02 7.129676e-03 9.996039e-01 5.755440e+01
9.995787e-01 9.311372e-03 -2.748998e-02 -1.753929e+00 -9.331878e-03 9.999563e-01 -6.177021e-04 -1.271054e+00 2.748303e-02 8.739749e-04 9.996219e-01 5.866117e+01
9.995856e-01 6.869952e-03 -2.795503e-02 -1.786958e+00 -6.749315e-03 9.999675e-01 4.407509e-03 -1.284989e+00 2.798441e-02 -4.217005e-03 9.995995e-01 5.973021e+01
9.996269e-01 4.407736e-03 -2.695558e-02 -1.820527e+00 -4.263374e-03 9.999763e-01 5.410692e-03 -1.302594e+00 2.697879e-02 -5.293751e-03 9.996220e-01 6.082299e+01
9.996513e-01 2.123116e-03 -2.631908e-02 -1.840964e+00 -2.041950e-03 9.999931e-01 3.110412e-03 -1.323224e+00 2.632550e-02 -3.055585e-03 9.996488e-01 6.190135e+01
9.996489e-01 1.584566e-03 -2.644992e-02 -1.882268e+00 -1.561953e-03 9.999984e-01 8.755966e-04 -1.345714e+00 2.645127e-02 -8.339757e-04 9.996498e-01 6.297976e+01
9.996432e-01 2.310539e-03 -2.661164e-02 -1.919101e+00 -2.403022e-03 9.999912e-01 -3.443807e-03 -1.369976e+00 2.660345e-02 3.506527e-03 9.996399e-01 6.405795e+01
9.996485e-01 2.167908e-03 -2.642257e-02 -1.950384e+00 -2.360890e-03 9.999708e-01 -7.274664e-03 -1.395630e+00 2.640603e-02 7.334488e-03 9.996244e-01 6.511815e+01
9.996480e-01 5.626139e-03 -2.592839e-02 -1.993160e+00 -5.832236e-03 9.999519e-01 -7.879910e-03 -1.423734e+00 2.588281e-02 8.028357e-03 9.996327e-01 6.621642e+01
9.996619e-01 8.910273e-03 -2.442823e-02 -2.040897e+00 -9.030224e-03 9.999477e-01 -4.804419e-03 -1.451630e+00 2.438415e-02 5.023387e-03 9.996900e-01 6.730659e+01
9.996384e-01 9.631957e-03 -2.510650e-02 -2.065399e+00 -9.703203e-03 9.999492e-01 -2.717464e-03 -1.475265e+00 2.507905e-02 2.960094e-03 9.996811e-01 6.840330e+01
9.996602e-01 9.491848e-03 -2.427791e-02 -2.105341e+00 -9.546315e-03 9.999522e-01 -2.128532e-03 -1.498903e+00 2.425655e-02 2.359573e-03 9.997030e-01 6.950243e+01
9.996524e-01 8.387768e-03 -2.499374e-02 -2.137593e+00 -8.412537e-03 9.999642e-01 -8.860131e-04 -1.531549e+00 2.498542e-02 1.095966e-03 9.996872e-01 7.057501e+01
9.996707e-01 7.403074e-03 -2.457051e-02 -2.173664e+00 -7.400798e-03 9.999726e-01 1.835809e-04 -1.551317e+00 2.457120e-02 -1.679054e-06 9.996981e-01 7.167390e+01
9.996519e-01 6.729208e-03 -2.550900e-02 -2.201880e+00 -6.668451e-03 9.999747e-01 2.466106e-03 -1.576642e+00 2.552495e-02 -2.295142e-03 9.996716e-01 7.276158e+01
9.996573e-01 4.425107e-03 -2.580054e-02 -2.234628e+00 -4.316853e-03 9.999817e-01 4.249998e-03 -1.593433e+00 2.581888e-02 -4.137165e-03 9.996581e-01 7.384746e+01
9.996491e-01 3.327798e-03 -2.627960e-02 -2.264516e+00 -3.233135e-03 9.999881e-01 3.643830e-03 -1.617121e+00 2.629142e-02 -3.557586e-03 9.996480e-01 7.492836e+01
9.996245e-01 3.323592e-03 -2.720023e-02 -2.306722e+00 -3.325943e-03 9.999945e-01 -4.115770e-05 -1.642537e+00 2.719995e-02 1.316086e-04 9.996300e-01 7.599574e+01
9.996119e-01 4.262268e-03 -2.753123e-02 -2.339714e+00 -4.320612e-03 9.999885e-01 -2.060028e-03 -1.666601e+00 2.752214e-02 2.178180e-03 9.996188e-01 7.706572e+01
9.995636e-01 6.605501e-03 -2.879358e-02 -2.386544e+00 -6.616661e-03 9.999781e-01 -2.922902e-04 -1.695871e+00 2.879102e-02 4.826799e-04 9.995853e-01 7.815164e+01
9.995495e-01 8.682589e-03 -2.873064e-02 -2.425985e+00 -8.576755e-03 9.999560e-01 3.804895e-03 -1.714937e+00 2.876242e-02 -3.556765e-03 9.995799e-01 7.923124e+01
9.995222e-01 8.856261e-03 -2.961405e-02 -2.477558e+00 -8.654235e-03 9.999384e-01 6.943233e-03 -1.729447e+00 2.967372e-02 -6.683628e-03 9.995373e-01 8.030887e+01
9.995145e-01 8.213815e-03 -3.005644e-02 -2.515475e+00 -7.960106e-03 9.999318e-01 8.551025e-03 -1.741541e+00 3.012463e-02 -8.307621e-03 9.995116e-01 8.136105e+01
9.995046e-01 8.368628e-03 -3.033859e-02 -2.557681e+00 -8.168236e-03 9.999440e-01 6.723131e-03 -1.757859e+00 3.039316e-02 -6.471988e-03 9.995171e-01 8.241457e+01
9.994766e-01 9.109541e-03 -3.104204e-02 -2.596158e+00 -8.922174e-03 9.999412e-01 6.169116e-03 -1.783146e+00 3.109642e-02 -5.888924e-03 9.994990e-01 8.346731e+01
9.994719e-01 9.199410e-03 -3.116516e-02 -2.632294e+00 -9.013302e-03 9.999407e-01 6.106902e-03 -1.797658e+00 3.121949e-02 -5.822777e-03 9.994956e-01 8.451527e+01
9.994378e-01 7.399213e-03 -3.270057e-02 -2.679031e+00 -7.204239e-03 9.999556e-01 6.076228e-03 -1.813585e+00 3.274408e-02 -5.837229e-03 9.994467e-01 8.552506e+01
9.994451e-01 7.177963e-03 -3.252545e-02 -2.716409e+00 -6.919493e-03 9.999436e-01 8.052323e-03 -1.836514e+00 3.258142e-02 -7.822795e-03 9.994385e-01 8.653775e+01
9.994299e-01 7.028895e-03 -3.302293e-02 -2.748817e+00 -6.681629e-03 9.999213e-01 1.061452e-02 -1.855082e+00 3.309494e-02 -1.038782e-02 9.993982e-01 8.752785e+01
9.993768e-01 5.766730e-03 -3.482536e-02 -2.796350e+00 -5.359091e-03 9.999162e-01 1.178728e-02 -1.865456e+00 3.489042e-02 -1.159330e-02 9.993239e-01 8.850247e+01
9.993393e-01 5.083671e-03 -3.598830e-02 -2.830268e+00 -4.648914e-03 9.999153e-01 1.215391e-02 -1.883437e+00 3.604704e-02 -1.197857e-02 9.992783e-01 8.946118e+01
9.992024e-01 4.402873e-03 -3.968958e-02 -2.871517e+00 -3.932468e-03 9.999212e-01 1.192241e-02 -1.900264e+00 3.973895e-02 -1.175682e-02 9.991409e-01 9.039154e+01
9.990736e-01 3.848174e-03 -4.286138e-02 -2.925015e+00 -3.383778e-03 9.999348e-01 1.090213e-02 -1.913998e+00 4.290055e-02 -1.074700e-02 9.990215e-01 9.130120e+01
9.989542e-01 4.133342e-03 -4.553545e-02 -2.974728e+00 -3.632731e-03 9.999321e-01 1.107115e-02 -1.931088e+00 4.557812e-02 -1.089415e-02 9.989014e-01 9.219165e+01
9.987640e-01 5.071075e-03 -4.944396e-02 -3.025021e+00 -4.467672e-03 9.999143e-01 1.230667e-02 -1.943779e+00 4.950213e-02 -1.207056e-02 9.987011e-01 9.303520e+01
9.986452e-01 4.639925e-03 -5.182827e-02 -3.081013e+00 -3.975099e-03 9.999086e-01 1.292319e-02 -1.950909e+00 5.188350e-02 -1.269966e-02 9.985724e-01 9.388376e+01
9.984578e-01 5.802293e-03 -5.521238e-02 -3.131329e+00 -5.021501e-03 9.998856e-01 1.426985e-02 -1.961802e+00 5.528886e-02 -1.397060e-02 9.983727e-01 9.468944e+01
9.983423e-01 7.594130e-03 -5.705243e-02 -3.188559e+00 -6.722310e-03 9.998579e-01 1.545746e-02 -1.975716e+00 5.716171e-02 -1.504831e-02 9.982515e-01 9.549735e+01
9.981110e-01 9.833207e-03 -6.064428e-02 -3.240524e+00 -8.863825e-03 9.998289e-01 1.623309e-02 -1.989128e+00 6.079353e-02 -1.566489e-02 9.980274e-01 9.624728e+01
9.980036e-01 1.126046e-02 -6.214486e-02 -3.295679e+00 -1.033499e-02 9.998312e-01 1.519366e-02 -1.999171e+00 6.230546e-02 -1.452106e-02 9.979515e-01 9.696587e+01
9.978105e-01 1.222802e-02 -6.499812e-02 -3.348641e+00 -1.147740e-02 9.998632e-01 1.190919e-02 -2.009788e+00 6.513486e-02 -1.113711e-02 9.978143e-01 9.767256e+01
9.976334e-01 1.516215e-02 -6.706532e-02 -3.399670e+00 -1.460739e-02 9.998550e-01 8.754609e-03 -2.025882e+00 6.718834e-02 -7.754241e-03 9.977102e-01 9.832767e+01
9.974470e-01 1.686228e-02 -6.939114e-02 -3.462259e+00 -1.646695e-02 9.998448e-01 6.265253e-03 -2.035029e+00 6.948602e-02 -5.106598e-03 9.975699e-01 9.897223e+01
9.973441e-01 1.863155e-02 -7.041082e-02 -3.511828e+00 -1.833029e-02 9.998199e-01 4.922322e-03 -2.048649e+00 7.048985e-02 -3.618598e-03 9.975059e-01 9.957489e+01
9.973079e-01 2.081453e-02 -7.031154e-02 -3.566040e+00 -2.048338e-02 9.997755e-01 5.427613e-03 -2.065605e+00 7.040873e-02 -3.972784e-03 9.975103e-01 1.001598e+02
9.974384e-01 2.347115e-02 -6.757065e-02 -3.613772e+00 -2.308354e-02 9.997123e-01 6.511579e-03 -2.073401e+00 6.770406e-02 -4.935130e-03 9.976932e-01 1.007345e+02
9.976923e-01 2.605677e-02 -6.269937e-02 -3.657215e+00 -2.561597e-02 9.996412e-01 7.824109e-03 -2.085536e+00 6.288075e-02 -6.199948e-03 9.980018e-01 1.012616e+02
9.980990e-01 2.778035e-02 -5.501426e-02 -3.686148e+00 -2.727645e-02 9.995790e-01 9.889355e-03 -2.094620e+00 5.526584e-02 -8.369962e-03 9.984366e-01 1.017840e+02
9.985813e-01 2.771384e-02 -4.546731e-02 -3.711040e+00 -2.719745e-02 9.995588e-01 1.193729e-02 -2.103573e+00 4.577808e-02 -1.068376e-02 9.988945e-01 1.022749e+02
9.990725e-01 2.688592e-02 -3.363318e-02 -3.721755e+00 -2.645173e-02 9.995618e-01 1.328854e-02 -2.111533e+00 3.397572e-02 -1.238656e-02 9.993459e-01 1.027496e+02
9.994523e-01 2.584168e-02 -2.067020e-02 -3.727840e+00 -2.555987e-02 9.995783e-01 1.378351e-02 -2.119692e+00 2.101767e-02 -1.324764e-02 9.996913e-01 1.031908e+02
9.996610e-01 2.556361e-02 -4.931069e-03 -3.719699e+00 -2.549652e-02 9.995875e-01 1.322006e-02 -2.131680e+00 5.266988e-03 -1.308985e-02 9.999005e-01 1.036239e+02
9.996262e-01 2.435726e-02 1.241474e-02 -3.710798e+00 -2.448952e-02 9.996437e-01 1.061528e-02 -2.139412e+00 -1.215176e-02 -1.091534e-02 9.998666e-01 1.040379e+02
9.991881e-01 2.308652e-02 3.301605e-02 -3.689564e+00 -2.331316e-02 9.997071e-01 6.496140e-03 -2.148161e+00 -3.285641e-02 -7.260575e-03 9.994337e-01 1.044576e+02
9.981005e-01 2.155088e-02 5.771359e-02 -3.653675e+00 -2.169045e-02 9.997631e-01 1.792795e-03 -2.158558e+00 -5.766129e-02 -3.041223e-03 9.983316e-01 1.048691e+02
9.961804e-01 1.983282e-02 8.503643e-02 -3.598269e+00 -1.980331e-02 9.998032e-01 -1.190647e-03 -2.171530e+00 -8.504331e-02 -4.979028e-04 9.963771e-01 1.052558e+02
9.932416e-01 1.709512e-02 1.147995e-01 -3.515269e+00 -1.690918e-02 9.998537e-01 -2.593319e-03 -2.178752e+00 -1.148271e-01 6.346259e-04 9.933853e-01 1.056508e+02
9.889692e-01 1.439538e-02 1.474200e-01 -3.444398e+00 -1.393043e-02 9.998942e-01 -4.185913e-03 -2.190232e+00 -1.474647e-01 2.086116e-03 9.890651e-01 1.060183e+02
9.830134e-01 1.110145e-02 1.831978e-01 -3.347083e+00 -1.026830e-02 9.999322e-01 -5.495798e-03 -2.195364e+00 -1.832464e-01 3.521313e-03 9.830607e-01 1.064026e+02
9.752319e-01 9.350092e-03 2.209870e-01 -3.219052e+00 -8.033453e-03 9.999442e-01 -6.856023e-03 -2.216856e+00 -2.210388e-01 4.910924e-03 9.752527e-01 1.067577e+02
9.652176e-01 6.062327e-03 2.613774e-01 -3.083839e+00 -4.236014e-03 9.999625e-01 -7.550098e-03 -2.229691e+00 -2.614134e-01 6.180290e-03 9.652071e-01 1.071197e+02
9.531680e-01 6.876272e-03 3.023631e-01 -2.943072e+00 -4.436005e-03 9.999518e-01 -8.756635e-03 -2.249237e+00 -3.024088e-01 7.005260e-03 9.531526e-01 1.074495e+02
9.379642e-01 9.291230e-03 3.466076e-01 -2.803692e+00 -6.536571e-03 9.999371e-01 -9.115715e-03 -2.258221e+00 -3.466705e-01 6.284590e-03 9.379659e-01 1.077787e+02
9.201959e-01 8.605366e-03 3.913636e-01 -2.623924e+00 -5.786368e-03 9.999481e-01 -8.381791e-03 -2.266098e+00 -3.914155e-01 5.448317e-03 9.201980e-01 1.081125e+02
9.002889e-01 8.077848e-03 4.352179e-01 -2.426657e+00 -5.210805e-03 9.999562e-01 -7.780618e-03 -2.273440e+00 -4.352617e-01 4.736969e-03 9.002915e-01 1.084207e+02
8.772676e-01 6.313683e-03 4.799602e-01 -2.232726e+00 -2.825291e-03 9.999641e-01 -7.990080e-03 -2.281873e+00 -4.799934e-01 5.653411e-03 8.772539e-01 1.087163e+02
8.525584e-01 6.317590e-03 5.225937e-01 -2.004758e+00 -1.324608e-03 9.999498e-01 -9.927344e-03 -2.302176e+00 -5.226303e-01 7.771410e-03 8.525240e-01 1.089913e+02
8.248222e-01 8.173397e-03 5.653331e-01 -1.775073e+00 -1.292365e-03 9.999201e-01 -1.257095e-02 -2.320262e+00 -5.653908e-01 9.638179e-03 8.247669e-01 1.092554e+02
7.947884e-01 1.159215e-02 6.067759e-01 -1.537142e+00 -1.805249e-03 9.998583e-01 -1.673718e-02 -2.333091e+00 -6.068840e-01 1.220713e-02 7.946967e-01 1.095054e+02
7.610232e-01 1.777430e-02 6.484811e-01 -1.294031e+00 -5.577449e-03 9.997669e-01 -2.085734e-02 -2.343242e+00 -6.487007e-01 1.225605e-02 7.609450e-01 1.097507e+02
7.241765e-01 2.216069e-02 6.892585e-01 -1.014220e+00 -8.059546e-03 9.996873e-01 -2.367360e-02 -2.350005e+00 -6.895676e-01 1.158875e-02 7.241286e-01 1.099827e+02
6.849661e-01 2.294212e-02 7.282136e-01 -7.294539e-01 -6.319079e-03 9.996536e-01 -2.554995e-02 -2.359793e+00 -7.285476e-01 1.289921e-02 6.848737e-01 1.101788e+02
6.443753e-01 1.983884e-02 7.644520e-01 -4.028025e-01 -2.604563e-03 9.997146e-01 -2.374885e-02 -2.379150e+00 -7.647050e-01 1.331211e-02 6.442430e-01 1.103876e+02
6.006395e-01 1.779491e-02 7.993219e-01 -7.853137e-02 -1.254783e-03 9.997720e-01 -2.131455e-02 -2.393213e+00 -7.995190e-01 1.179938e-02 6.005249e-01 1.105857e+02
5.546058e-01 1.626856e-02 8.319541e-01 2.536445e-01 -5.891688e-04 9.998163e-01 -1.915829e-02 -2.404593e+00 -8.321130e-01 1.013514e-02 5.545135e-01 1.107617e+02
5.066369e-01 1.392167e-02 8.620471e-01 5.999330e-01 2.141601e-04 9.998676e-01 -1.627327e-02 -2.415140e+00 -8.621595e-01 8.429258e-03 5.065668e-01 1.109355e+02
4.565398e-01 9.177345e-03 8.896556e-01 9.642916e-01 3.143644e-03 9.999239e-01 -1.192804e-02 -2.433001e+00 -8.896975e-01 8.242385e-03 4.564762e-01 1.110509e+02
4.034311e-01 8.971202e-03 9.149660e-01 1.349468e+00 1.351705e-03 9.999450e-01 -1.040042e-02 -2.451818e+00 -9.150091e-01 5.432616e-03 4.033968e-01 1.111934e+02
3.536779e-01 1.283643e-02 9.352791e-01 1.705551e+00 -1.992267e-03 9.999139e-01 -1.297014e-02 -2.459171e+00 -9.353652e-01 2.723929e-03 3.536731e-01 1.112989e+02
3.034469e-01 1.818165e-02 9.526748e-01 2.122255e+00 -4.481043e-03 9.998341e-01 -1.765437e-02 -2.470744e+00 -9.528379e-01 1.088188e-03 3.034780e-01 1.114079e+02
2.562681e-01 2.040256e-02 9.663904e-01 2.532273e+00 -2.864855e-03 9.997889e-01 -2.034797e-02 -2.479376e+00 -9.666015e-01 2.445967e-03 2.562724e-01 1.114861e+02
2.144901e-01 1.999589e-02 9.765214e-01 2.953259e+00 3.491808e-03 9.997683e-01 -2.123887e-02 -2.495594e+00 -9.767200e-01 7.965353e-03 2.143706e-01 1.115139e+02
1.790894e-01 1.990906e-02 9.836313e-01 3.389300e+00 1.166535e-02 9.996820e-01 -2.235784e-02 -2.512254e+00 -9.837637e-01 1.547846e-02 1.788002e-01 1.115712e+02
1.480767e-01 2.028052e-02 9.887679e-01 3.828485e+00 1.521373e-02 9.996247e-01 -2.278159e-02 -2.534308e+00 -9.888589e-01 1.841627e-02 1.477126e-01 1.116140e+02
1.202722e-01 1.967849e-02 9.925459e-01 4.302545e+00 1.430585e-02 9.996653e-01 -2.155316e-02 -2.559932e+00 -9.926379e-01 1.679146e-02 1.199504e-01 1.116413e+02
9.522034e-02 1.676754e-02 9.953150e-01 4.783566e+00 9.271548e-03 9.997998e-01 -1.773009e-02 -2.567956e+00 -9.954131e-01 1.091638e-02 9.504582e-02 1.116752e+02
7.058369e-02 1.340834e-02 9.974157e-01 5.289420e+00 4.642531e-03 9.998944e-01 -1.377020e-02 -2.570271e+00 -9.974951e-01 5.602485e-03 7.051398e-02 1.117215e+02
4.943876e-02 1.036141e-02 9.987234e-01 5.813138e+00 7.421833e-03 9.999148e-01 -1.074116e-02 -2.586680e+00 -9.987496e-01 7.943389e-03 4.935765e-02 1.117282e+02
2.848370e-02 1.007066e-02 9.995435e-01 6.352455e+00 1.402018e-02 9.998469e-01 -1.047324e-02 -2.602803e+00 -9.994960e-01 1.431210e-02 2.833814e-02 1.117199e+02
9.312393e-03 1.219246e-02 9.998823e-01 6.916108e+00 2.078407e-02 9.997073e-01 -1.238390e-02 -2.626770e+00 -9.997407e-01 2.089694e-02 9.056257e-03 1.117043e+02
-3.988991e-03 1.750053e-02 9.998389e-01 7.496440e+00 2.206230e-02 9.996050e-01 -1.740841e-02 -2.644736e+00 -9.997487e-01 2.198930e-02 -4.373519e-03 1.116958e+02
-1.610486e-02 2.194627e-02 9.996294e-01 8.081995e+00 1.811033e-02 9.996015e-01 -2.165388e-02 -2.655018e+00 -9.997063e-01 1.775489e-02 -1.649590e-02 1.116965e+02
-2.164274e-02 2.215597e-02 9.995202e-01 8.692025e+00 1.971825e-02 9.995694e-01 -2.173010e-02 -2.663907e+00 -9.995713e-01 1.923849e-02 -2.207030e-02 1.116756e+02
-2.470149e-02 1.922486e-02 9.995100e-01 9.327790e+00 2.524337e-02 9.995083e-01 -1.860098e-02 -2.685671e+00 -9.993762e-01 2.477153e-02 -2.517465e-02 1.116498e+02
-2.528625e-02 1.775124e-02 9.995226e-01 9.982059e+00 2.798163e-02 9.994632e-01 -1.704230e-02 -2.710914e+00 -9.992886e-01 2.753734e-02 -2.576938e-02 1.116324e+02
-2.266746e-02 1.700521e-02 9.995984e-01 1.065231e+01 2.613514e-02 9.995237e-01 -1.641128e-02 -2.736424e+00 -9.994014e-01 2.575264e-02 -2.310110e-02 1.116229e+02
-2.205066e-02 1.771416e-02 9.995999e-01 1.133944e+01 2.355850e-02 9.995746e-01 -1.719402e-02 -2.756725e+00 -9.994793e-01 2.316993e-02 -2.245860e-02 1.116260e+02
-1.960487e-02 1.826888e-02 9.996408e-01 1.204374e+01 2.298502e-02 9.995770e-01 -1.781693e-02 -2.767639e+00 -9.995436e-01 2.262747e-02 -2.001649e-02 1.116053e+02
-1.896154e-02 1.943007e-02 9.996314e-01 1.276373e+01 2.140270e-02 9.995899e-01 -1.902328e-02 -2.801834e+00 -9.995912e-01 2.103411e-02 -1.936962e-02 1.115993e+02
-1.872960e-02 1.890301e-02 9.996458e-01 1.349784e+01 2.168729e-02 9.995937e-01 -1.849569e-02 -2.826909e+00 -9.995894e-01 2.133320e-02 -1.913195e-02 1.115981e+02
-1.787293e-02 1.761815e-02 9.996850e-01 1.425687e+01 1.949611e-02 9.996608e-01 -1.726916e-02 -2.849083e+00 -9.996502e-01 1.918132e-02 -1.821035e-02 1.115867e+02
-1.791379e-02 1.635213e-02 9.997058e-01 1.503223e+01 2.033647e-02 9.996654e-01 -1.598706e-02 -2.872702e+00 -9.996327e-01 2.004410e-02 -1.824034e-02 1.115786e+02
-1.791759e-02 1.415669e-02 9.997392e-01 1.580926e+01 2.022230e-02 9.997004e-01 -1.379371e-02 -2.900798e+00 -9.996350e-01 1.996987e-02 -1.819851e-02 1.115709e+02
-1.873822e-02 1.315245e-02 9.997379e-01 1.660755e+01 2.036514e-02 9.997110e-01 -1.277039e-02 -2.924167e+00 -9.996170e-01 2.012051e-02 -1.900065e-02 1.115646e+02
-2.047721e-02 1.187152e-02 9.997198e-01 1.740358e+01 1.810315e-02 9.997700e-01 -1.150131e-02 -2.936159e+00 -9.996265e-01 1.786256e-02 -2.068741e-02 1.115529e+02
-2.076667e-02 9.666795e-03 9.997376e-01 1.822134e+01 1.832131e-02 9.997890e-01 -9.286719e-03 -2.953798e+00 -9.996165e-01 1.812365e-02 -2.093940e-02 1.115370e+02
-2.194458e-02 7.341765e-03 9.997322e-01 1.902704e+01 2.061798e-02 9.997637e-01 -6.889422e-03 -2.979420e+00 -9.995466e-01 2.046128e-02 -2.209077e-02 1.115188e+02
-2.314643e-02 6.844457e-03 9.997086e-01 1.986704e+01 1.916451e-02 9.997959e-01 -6.401334e-03 -3.002635e+00 -9.995484e-01 1.901076e-02 -2.327288e-02 1.115085e+02
-2.569214e-02 1.085954e-02 9.996109e-01 2.066683e+01 1.789564e-02 9.997858e-01 -1.040148e-02 -3.023604e+00 -9.995098e-01 1.762144e-02 -2.588098e-02 1.114980e+02
-2.666677e-02 1.507615e-02 9.995306e-01 2.149111e+01 1.674879e-02 9.997527e-01 -1.463265e-02 -3.048821e+00 -9.995041e-01 1.635073e-02 -2.691268e-02 1.114874e+02
-2.646636e-02 1.610738e-02 9.995199e-01 2.232697e+01 1.542772e-02 9.997577e-01 -1.570270e-02 -3.076471e+00 -9.995307e-01 1.500472e-02 -2.670845e-02 1.114688e+02
-2.827050e-02 1.433326e-02 9.994975e-01 2.318689e+01 1.274672e-02 9.998211e-01 -1.397736e-02 -3.106508e+00 -9.995191e-01 1.234517e-02 -2.844814e-02 1.114587e+02
-2.858109e-02 1.048584e-02 9.995364e-01 2.404750e+01 1.121413e-02 9.998854e-01 -1.016884e-02 -3.121330e+00 -9.995286e-01 1.091829e-02 -2.869541e-02 1.114461e+02
-2.947497e-02 6.222313e-03 9.995461e-01 2.490582e+01 1.023295e-02 9.999301e-01 -5.922950e-03 -3.146221e+00 -9.995132e-01 1.005373e-02 -2.953658e-02 1.114260e+02
-2.809891e-02 1.104865e-03 9.996045e-01 2.575543e+01 7.943010e-03 9.999681e-01 -8.819876e-04 -3.158041e+00 -9.995736e-01 7.915087e-03 -2.810679e-02 1.114100e+02
-2.840898e-02 -1.511003e-03 9.995952e-01 2.661103e+01 5.139043e-03 9.999854e-01 1.657647e-03 -3.178316e+00 -9.995832e-01 5.184056e-03 -2.840080e-02 1.113956e+02
-2.833845e-02 4.772679e-03 9.995869e-01 2.743147e+01 6.227006e-03 9.999700e-01 -4.597971e-03 -3.206756e+00 -9.995790e-01 6.094136e-03 -2.836732e-02 1.113723e+02
-2.783084e-02 1.554737e-02 9.994917e-01 2.824906e+01 8.861546e-03 9.998436e-01 -1.530609e-02 -3.231852e+00 -9.995734e-01 8.431061e-03 -2.796426e-02 1.113577e+02
-2.749494e-02 1.903858e-02 9.994406e-01 2.908352e+01 1.066085e-02 9.997673e-01 -1.875152e-02 -3.265356e+00 -9.995651e-01 1.013932e-02 -2.769151e-02 1.113442e+02
-2.597261e-02 1.622910e-02 9.995309e-01 2.991003e+01 1.148401e-02 9.998071e-01 -1.593518e-02 -3.287579e+00 -9.995967e-01 1.106475e-02 -2.615397e-02 1.113339e+02
-2.522209e-02 9.183515e-03 9.996396e-01 3.075642e+01 1.457482e-02 9.998549e-01 -8.817752e-03 -3.307015e+00 -9.995757e-01 1.434717e-02 -2.535228e-02 1.113166e+02
-2.512153e-02 5.799630e-03 9.996675e-01 3.159522e+01 1.676116e-02 9.998451e-01 -5.379453e-03 -3.328423e+00 -9.995439e-01 1.662045e-02 -2.521485e-02 1.112854e+02
-2.440646e-02 5.229305e-03 9.996884e-01 3.241872e+01 1.591296e-02 9.998617e-01 -4.841711e-03 -3.354094e+00 -9.995755e-01 1.578983e-02 -2.448630e-02 1.112756e+02
-2.637804e-02 5.825003e-03 9.996350e-01 3.323082e+01 1.413630e-02 9.998852e-01 -5.453436e-03 -3.375606e+00 -9.995521e-01 1.398729e-02 -2.645736e-02 1.112551e+02
-2.688505e-02 6.028316e-03 9.996203e-01 3.405707e+01 1.065564e-02 9.999267e-01 -5.743576e-03 -3.406071e+00 -9.995818e-01 1.049718e-02 -2.694731e-02 1.112493e+02
-3.010631e-02 5.978723e-03 9.995288e-01 3.485625e+01 8.649646e-03 9.999462e-01 -5.720687e-03 -3.426480e+00 -9.995093e-01 8.473343e-03 -3.015640e-02 1.112248e+02
-3.204595e-02 6.412044e-03 9.994658e-01 3.565892e+01 8.710882e-03 9.999432e-01 -6.135808e-03 -3.446754e+00 -9.994485e-01 8.509602e-03 -3.209999e-02 1.112032e+02
-3.378535e-02 6.660015e-03 9.994069e-01 3.646394e+01 7.733765e-03 9.999496e-01 -6.402188e-03 -3.473781e+00 -9.993992e-01 7.512879e-03 -3.383515e-02 1.111839e+02
-3.639813e-02 5.883695e-03 9.993200e-01 3.726237e+01 7.500127e-03 9.999561e-01 -5.614263e-03 -3.495705e+00 -9.993093e-01 7.290679e-03 -3.644066e-02 1.111606e+02
-3.675378e-02 4.575326e-03 9.993138e-01 3.805540e+01 7.610438e-03 9.999618e-01 -4.298387e-03 -3.517553e+00 -9.992954e-01 7.447235e-03 -3.678720e-02 1.111401e+02
-3.982908e-02 4.656928e-03 9.991956e-01 3.883607e+01 6.451012e-03 9.999695e-01 -4.403389e-03 -3.541225e+00 -9.991857e-01 6.270441e-03 -3.985791e-02 1.111039e+02
-4.180106e-02 5.452131e-03 9.991110e-01 3.961578e+01 6.770259e-03 9.999637e-01 -5.173527e-03 -3.564531e+00 -9.991031e-01 6.547983e-03 -4.183646e-02 1.110795e+02
-4.335469e-02 5.957874e-03 9.990419e-01 4.039895e+01 7.088635e-03 9.999589e-01 -5.655721e-03 -3.581536e+00 -9.990346e-01 6.836642e-03 -4.339514e-02 1.110539e+02
-4.395389e-02 4.100119e-03 9.990251e-01 4.116038e+01 7.861355e-03 9.999620e-01 -3.758089e-03 -3.602631e+00 -9.990027e-01 7.688509e-03 -4.398445e-02 1.110155e+02
-4.546889e-02 3.347095e-03 9.989601e-01 4.193998e+01 8.633126e-03 9.999584e-01 -2.957491e-03 -3.630518e+00 -9.989285e-01 8.489676e-03 -4.549589e-02 1.109861e+02
-4.754514e-02 2.972647e-03 9.988646e-01 4.269670e+01 7.715787e-03 9.999668e-01 -2.608661e-03 -3.648574e+00 -9.988393e-01 7.582999e-03 -4.756650e-02 1.109590e+02
-4.798136e-02 2.081282e-03 9.988460e-01 4.344282e+01 6.345744e-03 9.999783e-01 -1.778812e-03 -3.672999e+00 -9.988281e-01 6.253072e-03 -4.799353e-02 1.109272e+02
-4.928848e-02 1.726196e-03 9.987831e-01 4.417486e+01 6.570510e-03 9.999774e-01 -1.404014e-03 -3.696698e+00 -9.987630e-01 6.493313e-03 -4.929871e-02 1.109013e+02
-4.968932e-02 6.878973e-04 9.987644e-01 4.488438e+01 5.911632e-03 9.999824e-01 -3.946271e-04 -3.709421e+00 -9.987473e-01 5.884720e-03 -4.969251e-02 1.108659e+02
-5.076939e-02 3.346132e-03 9.987048e-01 4.560570e+01 5.776840e-03 9.999786e-01 -3.056732e-03 -3.731748e+00 -9.986937e-01 5.614170e-03 -5.078764e-02 1.108353e+02
-5.032071e-02 4.877471e-03 9.987212e-01 4.631065e+01 5.240618e-03 9.999756e-01 -4.619547e-03 -3.749569e+00 -9.987194e-01 5.001458e-03 -5.034505e-02 1.108073e+02
-5.072153e-02 7.202868e-03 9.986868e-01 4.698927e+01 3.267644e-03 9.999698e-01 -7.046163e-03 -3.768304e+00 -9.987075e-01 2.905961e-03 -5.074354e-02 1.107872e+02
-5.091263e-02 7.616537e-03 9.986740e-01 4.768278e+01 4.466493e-03 9.999627e-01 -7.398661e-03 -3.790970e+00 -9.986932e-01 4.083887e-03 -5.094475e-02 1.107538e+02
-5.027012e-02 7.654049e-03 9.987063e-01 4.837955e+01 5.372691e-03 9.999582e-01 -7.393207e-03 -3.810757e+00 -9.987212e-01 4.994084e-03 -5.030914e-02 1.107221e+02
-5.084915e-02 7.199322e-03 9.986804e-01 4.904956e+01 6.687293e-03 9.999541e-01 -6.868010e-03 -3.831727e+00 -9.986840e-01 6.329237e-03 -5.089496e-02 1.106980e+02
-5.058817e-02 7.677826e-03 9.986900e-01 4.973518e+01 2.850227e-03 9.999675e-01 -7.543269e-03 -3.848635e+00 -9.987156e-01 2.464895e-03 -5.060841e-02 1.106701e+02
-5.082787e-02 7.609973e-03 9.986784e-01 5.043126e+01 8.726508e-04 9.999709e-01 -7.575408e-03 -3.868523e+00 -9.987071e-01 4.864565e-04 -5.083304e-02 1.106412e+02
-5.024708e-02 6.452317e-03 9.987159e-01 5.108235e+01 1.608160e-03 9.999784e-01 -6.379563e-03 -3.892290e+00 -9.987356e-01 1.285542e-03 -5.025637e-02 1.106098e+02
-5.171478e-02 5.470300e-03 9.986469e-01 5.177431e+01 1.785323e-03 9.999839e-01 -5.385171e-03 -3.914517e+00 -9.986603e-01 1.504416e-03 -5.172371e-02 1.105772e+02
-5.534966e-02 5.222255e-03 9.984533e-01 5.244681e+01 -2.647646e-03 9.999820e-01 -5.377023e-03 -3.934566e+00 -9.984636e-01 -2.941166e-03 -5.533485e-02 1.105515e+02
-6.036391e-02 5.274511e-03 9.981625e-01 5.311825e+01 -4.415413e-03 9.999748e-01 -5.551110e-03 -3.953143e+00 -9.981667e-01 -4.742385e-03 -6.033910e-02 1.105136e+02
-6.703846e-02 7.146855e-03 9.977248e-01 5.378322e+01 -3.208586e-03 9.999676e-01 -7.378510e-03 -3.968619e+00 -9.977453e-01 -3.695928e-03 -6.701336e-02 1.104741e+02
-7.285935e-02 9.934174e-03 9.972927e-01 5.444463e+01 3.649299e-04 9.999506e-01 -9.933988e-03 -3.989511e+00 -9.973422e-01 -3.598411e-04 -7.285938e-02 1.104250e+02
-8.022343e-02 1.161558e-02 9.967092e-01 5.511918e+01 -1.876229e-03 9.999286e-01 -1.180412e-02 -4.008242e+00 -9.967752e-01 -2.817020e-03 -8.019591e-02 1.103773e+02
-8.571145e-02 1.155179e-02 9.962530e-01 5.580536e+01 -4.232997e-03 9.999195e-01 -1.195849e-02 -4.024173e+00 -9.963111e-01 -5.242114e-03 -8.565566e-02 1.103251e+02
-9.142137e-02 1.071248e-02 9.957546e-01 5.650018e+01 -4.503285e-03 9.999275e-01 -1.117082e-02 -4.042336e+00 -9.958022e-01 -5.505418e-03 -9.136650e-02 1.102625e+02
-9.631368e-02 1.046069e-02 9.952960e-01 5.718820e+01 -4.515454e-03 9.999299e-01 -1.094635e-02 -4.063215e+00 -9.953408e-01 -5.548496e-03 -9.625969e-02 1.102028e+02
-9.985131e-02 1.036510e-02 9.949483e-01 5.786581e+01 -7.668924e-03 9.999080e-01 -1.118641e-02 -4.082659e+00 -9.949729e-01 -8.747160e-03 -9.976264e-02 1.101424e+02
-1.023242e-01 7.449406e-03 9.947232e-01 5.856297e+01 -6.006254e-03 9.999491e-01 -8.106387e-03 -4.099864e+00 -9.947330e-01 -6.804038e-03 -1.022742e-01 1.100712e+02
-1.047458e-01 4.648668e-03 9.944881e-01 5.927396e+01 -5.203164e-03 9.999728e-01 -5.222335e-03 -4.111945e+00 -9.944855e-01 -5.721502e-03 -1.047187e-01 1.099977e+02
-1.061477e-01 1.865295e-03 9.943486e-01 5.998815e+01 -5.324590e-03 9.999828e-01 -2.444269e-03 -4.133340e+00 -9.943362e-01 -5.553951e-03 -1.061359e-01 1.099311e+02
-1.075067e-01 8.067502e-04 9.942040e-01 6.069712e+01 -5.697394e-03 9.999828e-01 -1.427517e-03 -4.148183e+00 -9.941881e-01 -5.817839e-03 -1.075002e-01 1.098597e+02
-1.085315e-01 2.848360e-03 9.940889e-01 6.143471e+01 -5.834686e-03 9.999768e-01 -3.502243e-03 -4.163658e+00 -9.940759e-01 -6.180300e-03 -1.085124e-01 1.097845e+02
-1.087301e-01 7.622133e-03 9.940420e-01 6.216515e+01 -1.748039e-03 9.999676e-01 -7.858771e-03 -4.179163e+00 -9.940698e-01 -2.592108e-03 -1.087132e-01 1.097008e+02
-1.081682e-01 1.191845e-02 9.940611e-01 6.290063e+01 5.156009e-03 9.999214e-01 -1.142766e-02 -4.205460e+00 -9.941193e-01 3.889278e-03 -1.082212e-01 1.096169e+02
-1.099048e-01 1.338283e-02 9.938520e-01 6.364956e+01 7.158451e-03 9.998941e-01 -1.267258e-02 -4.227086e+00 -9.939164e-01 5.721665e-03 -1.099890e-01 1.095319e+02
-1.098114e-01 1.185462e-02 9.938817e-01 6.440026e+01 6.581629e-03 9.999156e-01 -1.119941e-02 -4.247899e+00 -9.939307e-01 5.311539e-03 -1.098802e-01 1.094580e+02
-1.094751e-01 7.674072e-03 9.939599e-01 6.514470e+01 6.722004e-03 9.999530e-01 -6.979978e-03 -4.265576e+00 -9.939668e-01 5.917270e-03 -1.095216e-01 1.093827e+02
-1.093601e-01 6.658746e-03 9.939799e-01 6.589376e+01 1.019990e-02 9.999324e-01 -5.576404e-03 -4.278213e+00 -9.939499e-01 9.528657e-03 -1.094206e-01 1.093034e+02
-1.095729e-01 4.592753e-03 9.939681e-01 6.665026e+01 1.088147e-02 9.999349e-01 -3.420772e-03 -4.305934e+00 -9.939192e-01 1.044101e-02 -1.096158e-01 1.092186e+02
-1.118649e-01 6.812738e-03 9.937000e-01 6.739025e+01 1.182184e-02 9.999149e-01 -5.524513e-03 -4.311812e+00 -9.936531e-01 1.112936e-02 -1.119359e-01 1.091421e+02
-1.138390e-01 6.920800e-03 9.934751e-01 6.813364e+01 1.131220e-02 9.999199e-01 -5.669468e-03 -4.331595e+00 -9.934348e-01 1.059298e-02 -1.139082e-01 1.090609e+02
-1.167010e-01 7.358566e-03 9.931398e-01 6.887247e+01 1.115208e-02 9.999192e-01 -6.098348e-03 -4.350342e+00 -9.931045e-01 1.036389e-02 -1.167736e-01 1.089776e+02
-1.178192e-01 6.919500e-03 9.930109e-01 6.961138e+01 1.166427e-02 9.999164e-01 -5.583670e-03 -4.377659e+00 -9.929666e-01 1.092489e-02 -1.178900e-01 1.088974e+02
-1.203198e-01 6.986809e-03 9.927106e-01 7.035818e+01 1.034489e-02 9.999298e-01 -5.783783e-03 -4.395010e+00 -9.926813e-01 9.573581e-03 -1.203836e-01 1.088089e+02
-1.219507e-01 7.364864e-03 9.925088e-01 7.111171e+01 8.384499e-03 9.999444e-01 -6.389826e-03 -4.411751e+00 -9.925008e-01 7.542446e-03 -1.220057e-01 1.087240e+02
-1.231960e-01 8.445562e-03 9.923464e-01 7.186673e+01 7.561758e-03 9.999427e-01 -7.571448e-03 -4.428477e+00 -9.923536e-01 6.571112e-03 -1.232528e-01 1.086355e+02
-1.239304e-01 8.421797e-03 9.922551e-01 7.263867e+01 8.127743e-03 9.999391e-01 -7.471877e-03 -4.461276e+00 -9.922577e-01 7.138803e-03 -1.239913e-01 1.085498e+02
-1.250523e-01 8.846057e-03 9.921107e-01 7.339904e+01 7.736020e-03 9.999385e-01 -7.940752e-03 -4.482918e+00 -9.921200e-01 6.681980e-03 -1.251130e-01 1.084578e+02
-1.266165e-01 7.602479e-03 9.919226e-01 7.417428e+01 7.404038e-03 9.999500e-01 -6.718896e-03 -4.504696e+00 -9.919242e-01 6.493510e-03 -1.266665e-01 1.083602e+02
-1.273339e-01 5.325526e-03 9.918456e-01 7.494589e+01 5.899810e-03 9.999720e-01 -4.611736e-03 -4.519926e+00 -9.918424e-01 5.264471e-03 -1.273618e-01 1.082785e+02
-1.291351e-01 4.070696e-03 9.916186e-01 7.574092e+01 1.823540e-03 9.999909e-01 -3.867591e-03 -4.529312e+00 -9.916254e-01 1.308815e-03 -1.291413e-01 1.081735e+02
-1.316902e-01 2.831728e-03 9.912868e-01 7.651825e+01 3.083489e-03 9.999923e-01 -2.446960e-03 -4.551255e+00 -9.912862e-01 2.734382e-03 -1.316979e-01 1.080765e+02
