1.000000000 0.000000000 0.000000000 0.000000000 0.000000000 1.000000000 0.000000000 0.000000000 0.000000000 0.000000000 1.000000000 0.000000000
0.999996841 -0.001657455 -0.001894249 0.007142705 0.001655682 0.999998331 -0.000936915 -0.009255045 0.001895798 0.000933775 0.999997735 0.542645752
0.999994338 -0.002260847 -0.002486749 -0.008499593 0.002255142 0.999994814 -0.002294271 -0.022147125 0.002491923 0.002288650 0.999994278 1.080496311
0.999985874 -0.002529157 -0.004663807 -0.006353069 0.002510690 0.999988973 -0.003961371 -0.030120533 0.004673775 0.003949606 0.999981225 1.628349304
0.999966919 -0.004455487 -0.006805440 -0.004841026 0.004416771 0.999974012 -0.005693573 -0.042380977 0.006830631 0.005663327 0.999960661 2.148023844
0.999944508 -0.006483448 -0.008301525 -0.005871361 0.006415922 0.999946296 -0.008135020 -0.046810366 0.008353823 0.008081307 0.999932528 2.695618153
0.999933243 -0.007504363 -0.008778088 -0.030328795 0.007430045 0.999936461 -0.008468408 -0.062630810 0.008841080 0.008402623 0.999925673 3.239028215
0.999911606 -0.008091317 -0.010548675 -0.030375235 0.008011287 0.999938965 -0.007607060 -0.079943016 0.010609582 0.007521879 0.999915361 3.800723553
0.999888897 -0.008795559 -0.012036107 -0.030562783 0.008702630 0.999932051 -0.007751564 -0.096106499 0.012103466 0.007645956 0.999897480 4.371231079
0.999890149 -0.007956039 -0.012504712 -0.049270026 0.007820541 0.999910593 -0.010847456 -0.109767839 0.012589896 0.010748470 0.999862909 4.937015057
0.999878585 -0.005815537 -0.014457265 -0.057789549 0.005605347 0.999878645 -0.014536981 -0.127444506 0.014540052 0.014454176 0.999789834 5.536836147
0.999866128 -0.004591577 -0.015708124 -0.063777521 0.004297681 0.999816060 -0.018692661 -0.136239812 0.015791064 0.018622654 0.999701917 6.117337704
0.999875128 -0.002568761 -0.015592575 -0.104939803 0.002284297 0.999831140 -0.018234035 -0.152905405 0.015636783 0.018196143 0.999712169 6.716924667
0.999830902 -0.000980218 -0.018361432 -0.096661970 0.000767871 0.999932766 -0.011568295 -0.158590913 0.018371537 0.011552240 0.999764502 7.354176044
0.999808908 -0.000240608 -0.019544851 -0.102822393 0.000213859 0.999998987 -0.001370680 -0.166199312 0.019545160 0.001366239 0.999808073 8.011804581
0.999790072 0.000795729 -0.020471184 -0.115818873 -0.000680104 0.999983728 0.005654572 -0.186024755 0.020475350 -0.005639463 0.999774456 8.640391350
0.999764442 0.002663609 -0.021540623 -0.127912700 -0.002563719 0.999985874 0.004663552 -0.199220836 0.021552736 -0.004607230 0.999757111 9.300956726
0.999741554 0.005055101 -0.022164274 -0.164411381 -0.005109861 0.999983966 -0.002414669 -0.207790464 0.022151712 0.002527301 0.999751449 9.984171867
0.999719560 0.004840465 -0.023179894 -0.180205435 -0.005049655 0.999947011 -0.008974587 -0.201216757 0.023135221 0.009089122 0.999691010 10.683751106
0.999706984 0.002592705 -0.024067085 -0.206733346 -0.002763752 0.999971151 -0.007076588 -0.207249105 0.024048042 0.007141030 0.999685347 11.390445709
0.999687552 0.002005526 -0.024913523 -0.219150513 -0.001951675 0.999995649 0.002185677 -0.217377171 0.024917802 -0.002136372 0.999687254 12.138165474
0.999677062 0.001330012 -0.025377132 -0.234480679 -0.001089324 0.999954343 0.009495932 -0.222201854 0.025388600 -0.009465222 0.999632776 12.886752129
0.999653041 0.000288136 -0.026342282 -0.248593777 0.000029263 0.999927461 0.012047888 -0.225613967 0.026343845 -0.012044479 0.999580324 13.663793564
0.999630630 -0.001645972 -0.027130220 -0.254053026 0.001949351 0.999935865 0.011159672 -0.226165697 0.027110113 -0.011208436 0.999569595 14.448391914
0.999653637 -0.001882712 -0.026250016 -0.278416693 0.002117046 0.999958098 0.008902089 -0.233426780 0.026232159 -0.008954577 0.999615729 15.242299080
0.999673188 -0.000096232 -0.025561197 -0.312564373 0.000226513 0.999987006 0.005093964 -0.223876834 0.025560372 -0.005098090 0.999660254 16.029979706
0.999685347 -0.003226959 -0.024875484 -0.326804280 0.003219879 0.999994814 -0.000324669 -0.231121808 0.024876401 0.000244470 0.999690473 16.863479614
0.999700487 -0.005820374 -0.023769887 -0.348539293 0.005662240 0.999961376 -0.006714584 -0.238981083 0.023808051 0.006577983 0.999694884 17.713977814
0.999713957 -0.005019584 -0.023382187 -0.357330620 0.004725010 0.999908984 -0.012636462 -0.244358897 0.023443488 0.012522368 0.999646783 18.595472336
0.999738395 -0.002945551 -0.022677895 -0.398868144 0.002648768 0.999910593 -0.013105798 -0.266341627 0.022714473 0.013042304 0.999656916 19.436065674
0.999713957 -0.003108687 -0.023712870 -0.404339552 0.002815973 0.999919534 -0.012367472 -0.285923153 0.023749406 0.012297159 0.999642313 20.331464767
0.999727607 -0.001376930 -0.023295563 -0.442787558 0.001052501 0.999902368 -0.013933174 -0.307096779 0.023312474 0.013904860 0.999631524 21.262563705
0.999701381 0.000599551 -0.024428897 -0.444777638 -0.000996527 0.999867618 -0.016241297 -0.326671481 0.024415925 0.016260790 0.999569714 22.180299759
0.999723017 0.004690568 -0.023062415 -0.511014163 -0.005087777 0.999839127 -0.017194826 -0.349573731 0.022978056 0.017307393 0.999586105 23.092771530
0.999725640 0.006581086 -0.022479860 -0.546427727 -0.006969205 0.999827266 -0.017230676 -0.373846740 0.022362579 0.017382620 0.999598801 24.042976379
0.999701619 0.006999487 -0.023399692 -0.555689216 -0.007402955 0.999824643 -0.017200550 -0.403052419 0.023275197 0.017368650 0.999578238 24.996360779
0.999715447 0.006802362 -0.022862712 -0.587616861 -0.007197470 0.999825358 -0.017244162 -0.430473357 0.022741420 0.017403811 0.999589860 25.962680817
0.999677300 0.007628419 -0.024230747 -0.605820656 -0.008008034 0.999846101 -0.015608445 -0.467181653 0.024107950 0.015797449 0.999584556 26.918975830
0.999655485 0.008376740 -0.024876177 -0.633392096 -0.008724729 0.999865115 -0.013913391 -0.489993185 0.024756277 0.014125637 0.999593794 27.894922256
0.999651551 0.009627572 -0.024577446 -0.670861244 -0.009950947 0.999864995 -0.013069141 -0.512614369 0.024448305 0.013309156 0.999612570 28.887220383
0.999645829 0.008267884 -0.025297660 -0.690351665 -0.008631318 0.999860585 -0.014291011 -0.541423082 0.025175983 0.014504300 0.999577880 29.897121429
0.999630868 0.010140092 -0.025206141 -0.723826647 -0.010512451 0.999836922 -0.014684221 -0.575330079 0.025053134 0.014943775 0.999574423 30.880277634
0.999631763 0.009763612 -0.025317250 -0.757867455 -0.010112114 0.999855399 -0.013674047 -0.600724161 0.025180075 0.013925022 0.999585986 31.871261597
0.999602318 0.008502570 -0.026888004 -0.774567187 -0.008811649 0.999896228 -0.011397548 -0.625688374 0.026788302 0.011629943 0.999573469 32.888153076
0.999615133 0.009719751 -0.025983972 -0.815196455 -0.009924107 0.999920726 -0.007747345 -0.649464607 0.025906609 0.008002229 0.999632359 33.898387909
0.999582767 0.009305559 -0.027344925 -0.838260591 -0.009444606 0.999943078 -0.004960163 -0.679589272 0.027297214 0.005216354 0.999613762 34.936336517
0.999561489 0.009315730 -0.028109379 -0.864238441 -0.009445418 0.999945343 -0.004484447 -0.698132634 0.028066065 0.004747984 0.999594808 35.968803406
0.999561906 0.008929144 -0.028219867 -0.901193082 -0.009107377 0.999939382 -0.006193644 -0.718689024 0.028162854 0.006447938 0.999582529 37.041687012
0.999524772 0.010687973 -0.028915543 -0.941574872 -0.010898093 0.999915302 -0.007118879 -0.729385495 0.028837010 0.007430620 0.999556482 38.080009460
0.999542773 0.008669112 -0.028967680 -0.983640194 -0.008827911 0.999946654 -0.005358606 -0.754393816 0.028919682 0.005611880 0.999565959 39.099178314
0.999530435 0.008967229 -0.029301271 -1.026360154 -0.009084002 0.999951303 -0.003854568 -0.772579789 0.029265279 0.004118931 0.999563098 40.141716003
0.999484658 0.008569093 -0.030935483 -1.042611122 -0.008596225 0.999962747 -0.000744078 -0.798275948 0.030927954 0.001009623 0.999521077 41.196640015
0.999466181 0.008762290 -0.031473625 -1.078227520 -0.008796105 0.999960899 -0.000936101 -0.820608795 0.031464189 0.001212447 0.999504149 42.239540100
0.999460340 0.010205497 -0.031221500 -1.122531891 -0.010357951 0.999935269 -0.004725123 -0.843456268 0.031171251 0.005045964 0.999501288 43.261173248
0.999445200 0.011290343 -0.031334020 -1.157883525 -0.011563038 0.999896824 -0.008535326 -0.868516445 0.031234417 0.008892906 0.999472558 44.338253021
0.999416173 0.011717557 -0.032094475 -1.181889415 -0.012019436 0.999885142 -0.009229220 -0.884653091 0.031982645 0.009609591 0.999442220 45.318275452
0.999434888 0.012636606 -0.031146748 -1.232003570 -0.012850185 0.999895215 -0.006666561 -0.905856252 0.031059243 0.007063035 0.999492645 46.354503632
0.999421239 0.011884126 -0.031876195 -1.245630145 -0.012035623 0.999917150 -0.004565033 -0.927770495 0.031819303 0.004946040 0.999481440 47.398536682
0.999418795 0.011687694 -0.032022078 -1.287336230 -0.011796124 0.999925315 -0.003199314 -0.959073782 0.031982299 0.003575191 0.999482036 48.485359192
0.999448419 0.010382052 -0.031548906 -1.326139212 -0.010499697 0.999938548 -0.003565582 -0.982564449 0.031509951 0.003894869 0.999495864 49.513912201
0.999473572 0.009793860 -0.030927954 -1.359807611 -0.009970056 0.999934912 -0.005547881 -1.000450134 0.030871602 0.005853314 0.999506235 50.542472839
0.999489248 0.010407559 -0.030213302 -1.405451894 -0.010650008 0.999912262 -0.007874730 -1.023977041 0.030128695 0.008192480 0.999512434 51.596477509
0.999483407 0.009145392 -0.030810189 -1.427298188 -0.009457865 0.999905109 -0.010011474 -1.058747530 0.030715708 0.010297700 0.999475121 52.623046875
0.999503314 0.007506232 -0.030606531 -1.464394212 -0.007926747 0.999875546 -0.013641316 -1.083172560 0.030500323 0.013877152 0.999438465 53.666065216
0.999536037 0.005602089 -0.029939137 -1.506910563 -0.006062721 0.999864280 -0.015316956 -1.113527775 0.029849270 0.015491363 0.999434412 54.721015930
0.999533594 0.005212302 -0.030090997 -1.531836748 -0.005612557 0.999896705 -0.013232390 -1.145062685 0.030018916 0.013395105 0.999459624 55.731807709
0.999528170 0.004007613 -0.030450381 -1.557018757 -0.004235910 0.999963343 -0.007436583 -1.170645833 0.030419461 0.007562060 0.999508619 56.792545319
0.999546528 0.002409907 -0.030016497 -1.592503071 -0.002451117 0.999996126 -0.001336215 -1.193995476 0.030013161 0.001409183 0.999548435 57.831504822
0.999537408 0.000118077 -0.030412141 -1.607191920 -0.000127088 1.000000000 -0.000294399 -1.220467329 0.030412106 0.000298129 0.999537408 58.884124756
0.999551654 -0.002277737 -0.029855078 -1.647939682 0.002157466 0.999989450 -0.004060070 -1.230403662 0.029864009 0.003993838 0.999545991 59.947475433
0.999518394 -0.004043503 -0.030765522 -1.665770769 0.003822006 0.999966502 -0.007254920 -1.250867367 0.030793823 0.007133840 0.999500275 60.957214355
0.999581516 -0.001221852 -0.028902940 -1.738222599 0.000891366 0.999934196 -0.011444448 -1.278318644 0.028915018 0.011413895 0.999516606 61.998615265
0.999550223 -0.001656709 -0.029947655 -1.759667993 0.001203631 0.999884605 -0.015140669 -1.314000130 0.029969292 0.015097811 0.999436796 63.080032349
0.999566793 0.001598857 -0.029388852 -1.794428825 -0.002074393 0.999867320 -0.016157471 -1.335785985 0.029359121 0.016211435 0.999437451 64.128150940
0.999605656 0.005301852 -0.027577687 -1.853286147 -0.005653977 0.999903262 -0.012706253 -1.366882324 0.027507655 0.012857165 0.999538898 65.189025879
0.999571264 0.006132470 -0.028627610 -1.868661880 -0.006428155 0.999926805 -0.010248092 -1.406317472 0.028562671 0.010427720 0.999537587 66.239097595
0.999572515 0.005693317 -0.028678475 -1.899425864 -0.005974980 0.999934554 -0.009745269 -1.427069426 0.028621122 0.009912455 0.999541163 67.288505554
0.999561310 0.004221469 -0.029313633 -1.919774413 -0.004481714 0.999951065 -0.008817926 -1.458082676 0.029274976 0.008945434 0.999531329 68.362327576
0.999568403 0.003680371 -0.029149933 -1.958227038 -0.003887417 0.999967575 -0.007049309 -1.489898682 0.029123049 0.007159582 0.999550104 69.377571106
0.999559283 0.001754316 -0.029635964 -1.988585591 -0.001916739 0.999983311 -0.005453077 -1.507821083 0.029625898 0.005507478 0.999545813 70.437347412
0.999524117 0.001108171 -0.030827580 -2.021444559 -0.001237567 0.999990463 -0.004178659 -1.526952028 0.030822659 0.004214823 0.999515891 71.468704224
0.999529481 0.000914527 -0.030657230 -2.056790829 -0.001067973 0.999987006 -0.004989238 -1.565179825 0.030652266 0.005019632 0.999517500 72.528076172
0.999523044 0.001112392 -0.030859999 -2.101834774 -0.001375587 0.999962866 -0.008508775 -1.592601776 0.030849388 0.008547168 0.999487519 73.557601929
0.999497473 0.002209654 -0.031622488 -2.145310640 -0.002549374 0.999939442 -0.010706720 -1.618682027 0.031596918 0.010781957 0.999442518 74.566490173
0.999484777 0.003570224 -0.031897970 -2.180444479 -0.003856795 0.999952734 -0.008926984 -1.647778392 0.031864587 0.009045408 0.999451280 75.608055115
0.999431908 0.004442149 -0.033410180 -2.209506035 -0.004607911 0.999977469 -0.004886060 -1.669568181 0.033387724 0.005037235 0.999429822 76.610671997
0.999403954 0.006209288 -0.033958636 -2.239622355 -0.006235441 0.999980390 -0.000664279 -1.695975423 0.033953838 0.000875629 0.999423027 77.700675964
0.999383986 0.006881958 -0.034414109 -2.285588980 -0.006889910 0.999976277 -0.000112522 -1.722602606 0.034412526 0.000349563 0.999407649 78.714363098
0.999373376 0.006483108 -0.034795955 -2.322546482 -0.006576362 0.999975026 -0.002566290 -1.737645864 0.034778453 0.002793513 0.999391198 79.728446960
0.999357820 0.006883312 -0.035164241 -2.372214794 -0.006992942 0.999971032 -0.002995612 -1.766798139 0.035142593 0.003239589 0.999377072 80.759925842
0.999335527 0.006057472 -0.035940841 -2.403803110 -0.006168344 0.999976575 -0.002974742 -1.789855003 0.035921976 0.003194461 0.999349535 81.767601013
0.999309063 0.004852805 -0.036849190 -2.446142673 -0.004948508 0.999984622 -0.002506396 -1.817912817 0.036836468 0.002687013 0.999317706 82.766632080
0.999290943 0.003541652 -0.037484869 -2.480058193 -0.003587448 0.999992907 -0.001154511 -1.840673685 0.037480514 0.001288168 0.999296606 83.737586975
0.999274611 0.003903793 -0.037882321 -2.527354240 -0.003853460 0.999991596 0.001401589 -1.861967087 0.037887465 -0.001254595 0.999281287 84.719833374
0.999247015 0.003445032 -0.038645722 -2.569598198 -0.003352314 0.999991357 0.002463703 -1.885845065 0.038653869 -0.002332296 0.999249876 85.634346008
0.999169528 0.002427967 -0.040671550 -2.611950874 -0.002323884 0.999993920 0.002606173 -1.902343988 0.040677626 -0.002509493 0.999169171 86.560058594
0.999042213 0.001496908 -0.043730099 -2.653049946 -0.001395120 0.999996305 0.002358064 -1.930643916 0.043733463 -0.002294797 0.999040604 87.463066101
0.998894572 0.001659044 -0.046977200 -2.709282160 -0.001623066 0.999998271 0.000803996 -1.936056376 0.046978451 -0.000726860 0.998895764 88.319976807
0.998725832 0.001564317 -0.050439972 -2.753203154 -0.001504281 0.999998093 0.001228175 -1.956683755 0.050441802 -0.001150734 0.998726368 89.179435730
0.998536468 0.003216427 -0.053986058 -2.796162605 -0.003123736 0.999993443 0.001801249 -1.966122508 0.053991508 -0.001629975 0.998539984 90.017204285
0.998420894 0.003757911 -0.056050450 -2.859640837 -0.003588447 0.999988675 0.003123775 -1.986212254 0.056061547 -0.002917708 0.998423159 90.815086365
0.998244882 0.005065435 -0.059004750 -2.910242558 -0.004806653 0.999978125 0.004526893 -1.999956727 0.059026390 -0.004235332 0.998247445 91.599838257
0.998080492 0.006050889 -0.061633628 -2.969658136 -0.005719442 0.999968231 0.005552714 -2.018945217 0.061665267 -0.005189546 0.998083413 92.345169067
0.997889161 0.007880513 -0.064459294 -3.015293837 -0.007502208 0.999953151 0.006108813 -2.032876253 0.064504422 -0.005612332 0.997901618 93.083114624
0.997726381 0.009441639 -0.066729717 -3.078689814 -0.009135139 0.999946237 0.004896831 -2.045709133 0.066772357 -0.004276113 0.997759044 93.801643372
0.997547448 0.010967886 -0.069128476 -3.141478062 -0.010909716 0.999939680 0.001218988 -2.063055038 0.069137670 -0.000461826 0.997606993 94.479034424
0.997250557 0.013569549 -0.072850294 -3.168217897 -0.013821600 0.999900043 -0.002956809 -2.075070143 0.072802909 0.003955588 0.997338474 95.096641541
0.997057498 0.015396747 -0.075094216 -3.213573933 -0.015860800 0.999858618 -0.005587119 -2.087522745 0.074997574 0.006761733 0.997160733 95.715309143
0.996983230 0.017466683 -0.075626560 -3.273865700 -0.018041031 0.999813318 -0.006918001 -2.097584486 0.075491622 0.008261511 0.997112215 96.294990540
0.996975482 0.019375134 -0.075262159 -3.306227922 -0.019883651 0.999784231 -0.006013104 -2.124314547 0.075129412 0.007491404 0.997145653 96.881248474
0.997190475 0.023438847 -0.071146563 -3.380505323 -0.023844291 0.999704003 -0.004854656 -2.133030415 0.071011715 0.006537457 0.997453988 97.417724609
0.997495055 0.026192371 -0.065706894 -3.421302795 -0.026433142 0.999646604 -0.002797485 -2.157929659 0.065610409 0.004527316 0.997834980 97.943786621
0.997949421 0.027246177 -0.057917833 -3.456996441 -0.027374193 0.999624252 -0.001417952 -2.161927223 0.057857443 0.003000498 0.998320341 98.451530457
0.998504102 0.027231924 -0.047413647 -3.484968185 -0.027188322 0.999629140 0.001564439 -2.182409525 0.047438655 -0.000273001 0.998874068 98.923095703
0.998977363 0.026232338 -0.036823247 -3.470655680 -0.026168706 0.999655068 0.002209088 -2.187947273 0.036868498 -0.001243212 0.999319315 99.395133972
0.999407947 0.025396459 -0.023207575 -3.484569550 -0.025337957 0.999674976 0.002811486 -2.204247236 0.023271427 -0.002221790 0.999726713 99.820816040
0.999650598 0.025432989 -0.007188246 -3.489272118 -0.025422966 0.999675751 0.001482336 -2.208686590 0.007223606 -0.001299071 0.999973059 100.237434387
0.999655783 0.024497099 0.009386619 -3.457098484 -0.024487922 0.999699533 -0.001091631 -2.223983288 -0.009410540 0.000861397 0.999955356 100.630004883
0.999248564 0.023869136 0.030537661 -3.429548025 -0.023700936 0.999701858 -0.005858170 -2.233637810 -0.030668389 0.005129997 0.999516428 101.031074524
0.998252630 0.021863962 0.054897621 -3.390455723 -0.021289490 0.999712467 -0.011027629 -2.238030672 -0.055122957 0.009839616 0.998431087 101.424530029
0.996378779 0.019607119 0.082734048 -3.342265129 -0.018500572 0.999729097 -0.014120351 -2.243341446 -0.082988493 0.012538590 0.996471643 101.808883667
0.993631601 0.016863145 0.111408725 -3.262773514 -0.015350468 0.999778092 -0.014421633 -2.268734932 -0.111627206 0.012619615 0.993670046 102.185623169
0.989216268 0.014963519 0.145695910 -3.202732086 -0.012634361 0.999777377 -0.016898721 -2.273893356 -0.145916358 0.014875716 0.989185095 102.559280396
0.983751297 0.012301848 0.179114833 -3.086051941 -0.009130215 0.999786735 -0.018520886 -2.289311886 -0.179304495 0.016584590 0.983653843 102.899520874
0.976006150 0.008438067 0.217579290 -2.985469818 -0.004483738 0.999815822 -0.018661510 -2.303027391 -0.217696697 0.017238181 0.975864172 103.221549988
0.966104865 0.006707079 0.258062989 -2.865934372 -0.001642406 0.999801934 -0.019836301 -2.314238548 -0.258144915 0.018740101 0.965924442 103.565780640
0.953616142 0.007384521 0.300934702 -2.752832413 -0.001245724 0.999787331 -0.020585889 -2.331712961 -0.301022768 0.019256156 0.953422487 103.891616821
0.938668907 0.009589486 0.344686329 -2.608909607 -0.002556621 0.999779344 -0.020852437 -2.348241091 -0.344810188 0.018692300 0.938486218 104.201774597
0.921318233 0.009664373 0.388689101 -2.451301575 -0.002251120 0.999806941 -0.019523337 -2.358238220 -0.388802707 0.017112220 0.921162128 104.486236572
0.900822580 0.009157930 0.434090734 -2.289909363 -0.001554661 0.999839127 -0.017867196 -2.378860950 -0.434184551 0.015420306 0.900691926 104.774948120
0.878303707 0.007798700 0.478039473 -2.096431732 0.001259152 0.999825835 -0.018624529 -2.388448238 -0.478101403 0.016959917 0.878140867 105.034301758
0.852760732 0.008534538 0.522232056 -1.894428253 0.003067053 0.999767482 -0.021346865 -2.396580696 -0.522292733 0.019805485 0.852536201 105.322563171
0.825951040 0.010584908 0.563642442 -1.679744720 0.003501415 0.999708116 -0.023904901 -2.420887470 -0.563730955 0.021717820 0.825672925 105.572387695
0.795096040 0.015219915 0.606292486 -1.447174072 0.002563863 0.999591768 -0.028455269 -2.431654215 -0.606478155 0.024179127 0.794732451 105.837982178
0.760979712 0.021617789 0.648415327 -1.219951630 -0.001517608 0.999501228 -0.031541731 -2.452139139 -0.648773789 0.023018578 0.760633111 106.079826355
0.724336147 0.026586939 0.688934088 -0.946998596 -0.003670298 0.999390721 -0.034708992 -2.457390308 -0.689437151 0.022612382 0.723992348 106.320831299
0.686118484 0.026153253 0.727019429 -0.664600372 0.000022726 0.999352813 -0.035971411 -2.465160131 -0.727489769 0.024697173 0.685673833 106.512664795
0.643592715 0.024148254 0.764987171 -0.346557617 0.005807384 0.999319375 -0.036431208 -2.458793879 -0.765346110 0.027889438 0.643014371 106.768371582
0.600684404 0.022112686 0.799180388 -0.065128326 0.005516108 0.999478996 -0.031800844 -2.488069773 -0.799467206 0.023510631 0.600249469 106.915863037
0.553507209 0.020836541 0.832583666 0.271694183 0.006456516 0.999549627 -0.029307421 -2.497454166 -0.832819462 0.021597458 0.553123415 107.118278503
0.506243229 0.018311525 0.862196386 0.586608887 0.008172152 0.999627829 -0.026028644 -2.509431124 -0.862352133 0.020222826 0.505905271 107.248641968
0.454742491 0.015381109 0.890490174 0.915927887 0.010600172 0.999686539 -0.022680361 -2.512999058 -0.890559793 0.019753072 0.454436898 107.403152466
0.404028386 0.014734807 0.914627790 1.280086517 0.007422577 0.999784589 -0.019385556 -2.544861317 -0.914716363 0.014621207 0.403832018 107.507301331
0.352981448 0.019973438 0.935417056 1.681213379 0.005568733 0.999709487 -0.023447614 -2.541951656 -0.935613692 0.013485661 0.352767795 107.642814636
0.301431775 0.025334207 0.953151047 2.055341721 0.005871588 0.999578655 -0.028425101 -2.546756983 -0.953469753 0.014164739 0.301156014 107.755485535
0.255746633 0.026466738 0.966381431 2.443967819 0.007719438 0.999537408 -0.029417697 -2.572686195 -0.966712952 0.014983399 0.255424082 107.808898926
0.215733483 0.026241463 0.976099610 2.826395035 0.014551883 0.999441385 -0.030085178 -2.589196444 -0.976343870 0.020694466 0.215231121 107.836418152
0.180153608 0.026266605 0.983287752 3.254564285 0.022183308 0.999280632 -0.030758154 -2.605226755 -0.983388305 0.027353765 0.179441318 107.892196655
0.148793355 0.027744796 0.988479018 3.717208862 0.026785336 0.999126434 -0.032075584 -2.611798763 -0.988505423 0.031249374 0.147920251 107.958267212
0.121752195 0.026651559 0.992202640 4.143446922 0.024065444 0.999266326 -0.029794339 -2.623923779 -0.992268741 0.027505323 0.121021479 107.975616455
0.096315816 0.023011215 0.995084763 4.618788719 0.017987594 0.999529243 -0.024855040 -2.640862703 -0.995188296 0.020293113 0.095856547 108.013565063
0.072234668 0.018998330 0.997206748 5.094379425 0.012674239 0.999720275 -0.019964308 -2.657817364 -0.997307122 0.014080951 0.071973696 108.050231934
0.050034598 0.016745765 0.998607039 5.655839920 0.018037768 0.999681234 -0.017667547 -2.669192314 -0.998584628 0.018896632 0.049716599 108.062004089
0.028813764 0.016937170 0.999441266 6.198533058 0.025443781 0.999520183 -0.017672043 -2.696499109 -0.999260902 0.025938760 0.028368980 108.077316284
0.012457215 0.019831311 0.999725699 6.693217278 0.030516516 0.999330163 -0.020203717 -2.704518795 -0.999456644 0.030759826 0.011843686 108.042999268
-0.001325812 0.025507562 0.999673724 7.276424885 0.030982431 0.999195814 -0.025454270 -2.713689566 -0.999519169 0.030938569 -0.002115034 108.031143188
-0.012682711 0.030713294 0.999447823 7.823811531 0.031216705 0.999053061 -0.030305032 -2.707359552 -0.999432206 0.030815113 -0.013629471 108.034027100
-0.019868173 0.029600918 0.999364316 8.455422401 0.030719837 0.999107778 -0.028982580 -2.744600773 -0.999330580 0.030124482 -0.020759784 108.036231995
-0.022095950 0.026446436 0.999405921 9.065961838 0.036401600 0.999008596 -0.025631109 -2.768710136 -0.999092877 0.035813641 -0.023036735 108.008445740
-0.021102663 0.024954917 0.999465823 9.704890251 0.037633289 0.998999715 -0.024148701 -2.789204597 -0.999068737 0.037103578 -0.022020692 107.976699829
-0.019953767 0.024203097 0.999507904 10.333226204 0.036398634 0.999061763 -0.023465646 -2.814921141 -0.999138176 0.035912491 -0.020816006 107.988342285
-0.018507352 0.024997231 0.999516189 11.024531364 0.032783058 0.999165058 -0.024381431 -2.829358578 -0.999291062 0.032315958 -0.019311387 107.987564087
-0.016638096 0.026031926 0.999522626 11.692419052 0.031928848 0.999165058 -0.025491122 -2.850178719 -0.999351561 0.031489488 -0.017455373 107.962127686
-0.016132930 0.027011273 0.999504924 12.416903496 0.031753588 0.999144673 -0.026489003 -2.872778893 -0.999365568 0.031310514 -0.016976835 107.967918396
-0.016328644 0.026553938 0.999514043 13.139307022 0.030235400 0.999203324 -0.026051743 -2.904481888 -0.999409378 0.029795323 -0.017118502 107.983459473
-0.015015462 0.024791021 0.999579906 13.844139099 0.029284332 0.999274671 -0.024343545 -2.932073593 -0.999458313 0.028906500 -0.015730554 107.955520630
-0.014468433 0.023891512 0.999609888 14.591509819 0.029426219 0.999291599 -0.023457991 -2.952211142 -0.999462247 0.029075338 -0.015161221 107.939201355
-0.014908415 0.021592567 0.999655783 15.377537727 0.030338844 0.999316275 -0.021132775 -2.977107525 -0.999428451 0.030013343 -0.015553317 107.922386169
-0.016025271 0.019673401 0.999678016 16.104255676 0.028638177 0.999405384 -0.019208951 -3.009888649 -0.999461293 0.028321128 -0.016579153 107.920745850
-0.016919322 0.018732904 0.999681294 16.870527267 0.027473999 0.999455750 -0.018263685 -3.030723810 -0.999479294 0.027156238 -0.017424779 107.908210754
-0.018524921 0.016488122 0.999692500 17.662511826 0.030195242 0.999417186 -0.015924050 -3.050023556 -0.999372363 0.029890960 -0.019011986 107.901794434
-0.019076785 0.014792720 0.999708593 18.420421600 0.031706836 0.999396563 -0.014183062 -3.074707031 -0.999315143 0.031427030 -0.019534305 107.872749329
-0.020639690 0.014075331 0.999687970 19.214845657 0.028796427 0.999494374 -0.013478073 -3.096362352 -0.999372184 0.028509263 -0.021034572 107.856193542
-0.021566983 0.018950444 0.999587774 20.020538330 0.025730047 0.999499679 -0.018393626 -3.117193222 -0.999436319 0.025322750 -0.022043789 107.843795776
-0.022973070 0.023487922 0.999460101 20.789249420 0.026572520 0.999385118 -0.022875376 -3.143557787 -0.999382913 0.026032662 -0.023583075 107.847366333
-0.023520760 0.024685441 0.999418557 21.586408615 0.027781406 0.999325097 -0.024029320 -3.178936958 -0.999337256 0.027200062 -0.024190683 107.815452576
-0.024537984 0.022462824 0.999446571 22.406715393 0.024557503 0.999459386 -0.021860188 -3.206777573 -0.999397159 0.024007507 -0.025076348 107.792854309
-0.025280606 0.018690322 0.999505758 23.243679047 0.021321364 0.999607801 -0.018152952 -3.231200457 -0.999452949 0.020851905 -0.025669197 107.775207520
-0.026714690 0.012532257 0.999564588 24.074659348 0.019372314 0.999740064 -0.012016707 -3.272479534 -0.999455333 0.019042857 -0.026950529 107.775100708
-0.026796078 0.007235830 0.999614835 24.849910736 0.016106427 0.999847114 -0.006805759 -3.290861130 -0.999511182 0.015917854 -0.026908528 107.759086609
-0.026226720 0.005678456 0.999639809 25.651973724 0.013986643 0.999888062 -0.005312910 -3.315838814 -0.999558210 0.013842268 -0.026303204 107.729362488
-0.025327396 0.012837982 0.999596715 26.464761734 0.016862003 0.999780774 -0.012413103 -3.339674950 -0.999537110 0.016540814 -0.025538314 107.714088440
-0.023984481 0.024565162 0.999410450 27.256439209 0.017994611 0.999546707 -0.024136664 -3.358180046 -0.999550402 0.017405098 -0.024415648 107.696464539
-0.024487315 0.029926030 0.999252021 28.045310974 0.020612303 0.999354422 -0.029423980 -3.380247116 -0.999487579 0.019876374 -0.025088351 107.695419312
-0.022602485 0.024803691 0.999436796 28.852819443 0.022862460 0.999443591 -0.024286818 -3.406468391 -0.999483109 0.022300644 -0.023156982 107.664726257
-0.022017360 0.017024245 0.999612689 29.682477951 0.025014739 0.999551356 -0.016472230 -3.437953472 -0.999444604 0.024642376 -0.022433341 107.651229858
-0.021698166 0.013353105 0.999675393 30.443363190 0.025916208 0.999582291 -0.012789347 -3.472031116 -0.999428630 0.025630293 -0.022035157 107.641372681
-0.021435583 0.014023080 0.999671936 31.224884033 0.024504753 0.999608576 -0.013496748 -3.497131586 -0.999469936 0.024207402 -0.021770827 107.623107910
-0.023067741 0.014574395 0.999627650 32.029014587 0.021436982 0.999671042 -0.014080338 -3.523994684 -0.999504089 0.021104202 -0.023372581 107.621101379
-0.024968402 0.014542549 0.999582469 32.774341583 0.019175805 0.999717176 -0.014065520 -3.557711124 -0.999504328 0.018816601 -0.025240205 107.604209900
-0.027583648 0.014685682 0.999511600 33.529582977 0.018116539 0.999735177 -0.014189004 -3.581298590 -0.999455392 0.017716303 -0.027842395 107.596771240
-0.028992957 0.014940126 0.999467909 34.341697693 0.017499920 0.999742627 -0.014436588 -3.606625080 -0.999426484 0.017072054 -0.029246945 107.561714172
-0.032443233 0.015380581 0.999355257 35.094844818 0.015264319 0.999772608 -0.014891461 -3.631372929 -0.999357104 0.014771350 -0.032670625 107.573242188
-0.034235418 0.014352067 0.999310791 35.864391327 0.013187043 0.999816358 -0.013907554 -3.653424263 -0.999326766 0.012701822 -0.034418393 107.545310974
-0.036508493 0.013113925 0.999247253 36.629737854 0.014035472 0.999822021 -0.012608665 -3.687589169 -0.999234736 0.013564583 -0.036686063 107.525291443
-0.039095398 0.013148370 0.999148905 37.390808105 0.013574054 0.999828100 -0.012626174 -3.714133263 -0.999143302 0.013068878 -0.039267160 107.507736206
-0.040020987 0.014842140 0.999088705 38.123031616 0.013878912 0.999801457 -0.014296778 -3.724851370 -0.999102473 0.013294091 -0.040219035 107.463623047
-0.041414429 0.014958829 0.999030054 38.876346588 0.014201026 0.999795735 -0.014381593 -3.747296810 -0.999041200 0.013591646 -0.041618392 107.438354492
-0.042519983 0.013235034 0.999007881 39.614768982 0.016410695 0.999786615 -0.012546875 -3.781032085 -0.998960853 0.015860921 -0.042728104 107.409843445
-0.044155251 0.012438593 0.998947263 40.311344147 0.016048297 0.999802411 -0.011739877 -3.809805155 -0.998895764 0.015513026 -0.044346139 107.386863708
-0.045063794 0.012250897 0.998908997 41.051445007 0.014726719 0.999824345 -0.011597756 -3.830642223 -0.998875618 0.014188012 -0.045236282 107.352500916
-0.045902494 0.011349768 0.998881400 41.735969543 0.012785745 0.999860287 -0.010773334 -3.848508120 -0.998864055 0.012276921 -0.046041194 107.331184387
-0.046724554 0.010546589 0.998852134 42.411293030 0.012502049 0.999872088 -0.009972537 -3.867668390 -0.998829544 0.012021736 -0.046850432 107.303443909
-0.047922425 0.009724563 0.998803675 43.107894897 0.012027794 0.999885738 -0.009158005 -3.893387318 -0.998778641 0.011574530 -0.048033908 107.270576477
-0.048639443 0.011809614 0.998746634 43.763214111 0.011552016 0.999869883 -0.011260308 -3.917181492 -0.998749614 0.010989842 -0.048769534 107.255203247
-0.048572246 0.014995018 0.998707056 44.430683136 0.011798525 0.999826133 -0.014437996 -3.934191942 -0.998749971 0.011081984 -0.048740726 107.215698242
-0.048201445 0.016987640 0.998693228 45.110183716 0.009979070 0.999813676 -0.016525062 -3.953579903 -0.998787701 0.009169498 -0.048361987 107.175117493
-0.048596840 0.017919641 0.998657703 45.737705231 0.010765851 0.999790311 -0.017416079 -3.976338387 -0.998760462 0.009905035 -0.048779573 107.157730103
-0.048280932 0.017722158 0.998676598 46.411014557 0.012549789 0.999774396 -0.017134922 -3.998907328 -0.998755038 0.011705890 -0.048492454 107.116271973
-0.049113065 0.017473914 0.998640358 47.027458191 0.012440632 0.999780118 -0.016882027 -4.019928932 -0.998715758 0.011594589 -0.049319651 107.102241516
-0.048803180 0.017594047 0.998653412 47.682193756 0.009253972 0.999809921 -0.017162189 -4.041522503 -0.998765528 0.008403940 -0.048956718 107.063194275
-0.049097545 0.017642509 0.998638153 48.334537506 0.006121858 0.999830663 -0.017362598 -4.068145275 -0.998775363 0.005261060 -0.049197219 107.052085876
-0.048664123 0.016909409 0.998672009 48.959541321 0.008921972 0.999824226 -0.016494161 -4.086415768 -0.998775363 0.008107452 -0.048806436 107.010063171
-0.050152965 0.015954351 0.998614132 49.586845398 0.008303523 0.999844491 -0.015556984 -4.111483574 -0.998707056 0.007511787 -0.050277650 106.997283936
-0.053286314 0.015298420 0.998462081 50.235687256 0.005089557 0.999873817 -0.015048428 -4.131724358 -0.998566270 0.004279855 -0.053357448 106.955879211
-0.059453402 0.014546517 0.998125136 50.873237610 0.000738538 0.999894202 -0.014528309 -4.155525208 -0.998230815 -0.000126603 -0.059457853 106.951515198
-0.065059498 0.018912995 0.997702062 51.518531799 0.005123965 0.999813497 -0.018618887 -4.174401760 -0.997868240 0.003900856 -0.065144256 106.892951965
-0.071260147 0.022116248 0.997212529 52.161140442 0.008041463 0.999734461 -0.021597540 -4.189822197 -0.997425377 0.006480004 -0.071419068 106.837257385
-0.078969806 0.023584016 0.996598005 52.792522430 0.007005613 0.999708533 -0.023102507 -4.214323044 -0.996852458 0.005157379 -0.079112023 106.805435181
-0.085046850 0.022843396 0.996115088 53.438213348 0.002946050 0.999738574 -0.022674963 -4.236861706 -0.996372521 0.001006171 -0.085091919 106.745002747
-0.089730486 0.021653019 0.995730758 54.096046448 0.002683087 0.999765337 -0.021498967 -4.261366844 -0.995962441 0.000742519 -0.089767523 106.672256470
-0.095406108 0.021971898 0.995195925 54.735889435 -0.000302146 0.999755681 -0.022101535 -4.285371780 -0.995438397 -0.002409315 -0.095376156 106.639663696
-0.098716669 0.021413054 0.994885087 55.406440735 -0.001869842 0.999762714 -0.021703564 -4.305805683 -0.995113850 -0.004002782 -0.098653212 106.563232422
-0.101609729 0.017740628 0.994666100 56.051490784 -0.001403291 0.999837399 -0.017976215 -4.333909512 -0.994823396 -0.003222364 -0.101568311 106.512695312
-0.103393048 0.014930691 0.994528651 56.731628418 0.000563952 0.999888062 -0.014952525 -4.358499050 -0.994640410 -0.000985121 -0.103389919 106.431358337
-0.104948260 0.012787108 0.994395435 57.443969727 0.000716190 0.999918103 -0.012782535 -4.375253677 -0.994477391 -0.000629329 -0.104948811 106.357818604
-0.105714343 0.012029184 0.994323790 58.110961914 -0.000534335 0.999925971 -0.012153769 -4.396843433 -0.994396329 -0.001816130 -0.105700076 106.295356750
-0.106564350 0.015359116 0.994187176 58.789718628 0.000897095 0.999881744 -0.015350933 -4.420103073 -0.994305313 -0.000743982 -0.106565528 106.224632263
-0.107204251 0.019411992 0.994047523 59.505798340 0.006664952 0.999800920 -0.018805558 -4.443190575 -0.994214594 0.004609242 -0.107312299 106.146659851
-0.107475698 0.024104934 0.993915498 60.215866089 0.014170819 0.999641597 -0.022711467 -4.467681408 -0.994106650 0.011643665 -0.107778773 106.053344727
-0.108380847 0.025263777 0.993788421 60.895618439 0.014884883 0.999606133 -0.023788359 -4.493138313 -0.993997931 0.012214221 -0.108714215 106.002258301
-0.108598858 0.023620997 0.993805110 61.588207245 0.012430621 0.999671876 -0.022402076 -4.509184837 -0.994007945 0.009920775 -0.108856849 105.918518066
-0.108458593 0.018930560 0.993920624 62.318004608 0.013191371 0.999758005 -0.017602269 -4.534970284 -0.994013488 0.011202062 -0.108682059 105.834373474
-0.108874582 0.016519338 0.993918180 63.013027191 0.015646948 0.999766529 -0.014902562 -4.568078518 -0.993932366 0.013929275 -0.109107658 105.767852783
-0.108915657 0.016228557 0.993918538 63.724433899 0.016068321 0.999764919 -0.014563212 -4.592539310 -0.993921161 0.014384438 -0.109150812 105.672286987
-0.111351915 0.017331121 0.993629873 64.436561584 0.014369750 0.999771476 -0.015827887 -4.612061977 -0.993677139 0.012515748 -0.111575514 105.609970093
-0.113727927 0.017377613 0.993359864 65.161575317 0.013172649 0.999785602 -0.015981909 -4.639405727 -0.993424535 0.011267591 -0.113932438 105.527824402
-0.116018407 0.017999403 0.993083894 65.814918518 0.014795075 0.999756157 -0.016391873 -4.661754608 -0.993136883 0.012790992 -0.116256431 105.462730408
-0.116966203 0.017688381 0.992978334 66.506576538 0.014256374 0.999768257 -0.016130026 -4.690610886 -0.993033588 0.012269602 -0.117191277 105.361953735
-0.119048066 0.017311584 0.992737532 67.213951111 0.014905027 0.999766469 -0.015646761 -4.712626934 -0.992776632 0.012934064 -0.119278312 105.285186768
-0.120890558 0.017515134 0.992511153 67.930519104 0.012670365 0.999790072 -0.016100299 -4.736760139 -0.992585003 0.010629108 -0.121087112 105.207450867
-0.121872693 0.019434117 0.992355585 68.646621704 0.013033519 0.999753416 -0.017978333 -4.757380486 -0.992460310 0.010742812 -0.122095950 105.116317749
-0.122964062 0.019590985 0.992217720 69.374679565 0.010289254 0.999776483 -0.018465100 -4.780960560 -0.992357850 0.007938637 -0.123138160 105.038276672
-0.124225698 0.019816527 0.992056012 70.091743469 0.010983052 0.999766767 -0.018595245 -4.808423519 -0.992193222 0.008585796 -0.124414377 104.949127197
-0.125478148 0.018768471 0.991918862 70.848022461 0.012095061 0.999775648 -0.017387103 -4.825574875 -0.992022634 0.009815618 -0.125677019 104.857917786
-0.126308382 0.016302817 0.991857052 71.586250305 0.009247667 0.999840856 -0.015256397 -4.848663807 -0.991947830 0.007245353 -0.126439065 104.766250610
-0.127358824 0.014329123 0.991753101 72.348396301 0.006120213 0.999887884 -0.013660713 -4.868419647 -0.991837800 0.004329929 -0.127432257 104.661857605
-0.130962014 0.013896275 0.991289914 73.108894348 0.007328413 0.999887884 -0.013048630 -4.888453484 -0.991360247 0.005555707 -0.131049186 104.596771240
-0.131949887 0.014307332 0.991153121 73.831909180 0.009056614 0.999871433 -0.013227497 -4.912281036 -0.991214991 0.007231124 -0.132062510 104.484939575
-0.134174511 0.015591461 0.990835011 74.608436584 0.007884687 0.999861300 -0.014665787 -4.933325768 -0.990926266 0.005844648 -0.134278834 104.379257202
-0.136054188 0.019321973 0.990512908 75.379638672 0.009923398 0.999786317 -0.018139817 -4.953362465 -0.990651608 0.007361257 -0.136216849 104.279182434
-0.136050582 0.022986110 0.990435183 76.144660950 0.011082153 0.999703586 -0.021678921 -4.985144615 -0.990639865 0.008026725 -0.136264995 104.170722961
-0.137533084 0.026661430 0.990138233 76.941833496 0.012218750 0.999607265 -0.025219180 -5.015015602 -0.990421832 0.008629782 -0.137804821 104.063598633
-0.136932001 0.027817586 0.990189791 77.749565125 0.014363212 0.999556303 -0.026094450 -5.042536736 -0.990476370 0.010649141 -0.137270793 103.943527222
-0.136502922 0.027638659 0.990254045 78.534744263 0.018331403 0.999509990 -0.025370082 -5.069495201 -0.990469992 0.014689655 -0.136942714 103.838088989
-0.136481151 0.025578072 0.990312397 79.345420837 0.018510615 0.999557912 -0.023265811 -5.100028038 -0.990469754 0.015155946 -0.136894301 103.729759216
-0.135873899 0.023601094 0.990444899 80.169517517 0.017340411 0.999619782 -0.021440877 -5.134212494 -0.990574419 0.014261463 -0.136231482 103.621261597
-0.133706570 0.021622334 0.990785182 80.974487305 0.016873525 0.999666631 -0.019539077 -5.160487175 -0.990877330 0.014105532 -0.134026825 103.516510010
-0.131445438 0.018287294 0.991154671 81.800354004 0.017220818 0.999720991 -0.016161548 -5.186571121 -0.991173804 0.014944133 -0.131723687 103.400337219
-0.130259603 0.014971983 0.991366863 82.616447449 0.017631683 0.999762833 -0.012782082 -5.210921764 -0.991323054 0.015814483 -0.130492687 103.301284790
-0.128730372 0.014588019 0.991572261 83.438568115 0.016247595 0.999788702 -0.012599561 -5.238723755 -0.991546512 0.014488719 -0.128940165 103.209609985
-0.128177136 0.019084029 0.991567731 84.255043030 0.017114213 0.999708533 -0.017028406 -5.261752129 -0.991603613 0.014787246 -0.128466383 103.119857788
-0.125635788 0.024705142 0.991768777 85.086425781 0.018106535 0.999580443 -0.022606023 -5.302124500 -0.991911173 0.015117371 -0.126030400 103.001380920
-0.124222890 0.028816102 0.991835833 85.895881653 0.015981667 0.999506593 -0.027037334 -5.316935539 -0.992125630 0.012492534 -0.124622107 102.917243958
-0.122744054 0.026474698 0.992085099 86.704353333 0.013917019 0.999591649 -0.024953159 -5.343832016 -0.992340684 0.010744017 -0.123062402 102.828933716
