1 -1.22322e-18 -1.71789e-20 0 7.5476e-19 1 6.23824e-19 0 -2.14909e-19 -9.89981e-19 1 0
0.999998 0.00103012 0.00170339 0.000529443 -0.0010291 0.999999 -0.000599689 -0.0175027 -0.00170401 0.000597935 0.999998 0.786946
0.999996 0.00156813 0.00233303 0.00103301 -0.00156753 0.999999 -0.000256717 -0.038405 -0.00233343 0.000253059 0.999997 1.81436
0.999993 0.00118883 0.00343506 -0.0155843 -0.00118982 0.999999 0.000287634 -0.069059 -0.00343472 -0.000291719 0.999994 3.12428
0.999993 0.000825911 0.00353405 -0.02875 -0.000827752 1 0.000519484 -0.106426 -0.00353362 -0.000522406 0.999994 4.55324
0.999994 0.000353526 0.00340836 -0.0225822 -0.000355075 1 0.000454023 -0.127985 -0.0034082 -0.00045523 0.999994 5.74761
0.999993 0.000310202 0.00364985 -0.0243755 -0.000309033 1 -0.00032065 -0.157223 -0.00364995 0.00031952 0.999993 6.94803
0.999997 0.000236019 0.00262868 -0.0136995 -0.000234611 1 -0.000536093 -0.182113 -0.0026288 0.000535475 0.999996 8.10706
0.999995 2.32498e-05 0.00311967 -0.0211707 -2.54903e-05 1 0.000718165 -0.209588 -0.00311965 -0.000718241 0.999995 9.29546
0.999998 -0.000272496 0.00209167 -0.0238804 0.000269025 0.999999 0.00165933 -0.232834 -0.00209212 -0.00165876 0.999996 10.4794
0.999998 -0.00188156 -5.56874e-06 -0.0358692 0.00188156 0.999997 0.00148378 -0.257642 2.7769e-06 -0.00148379 0.999999 11.6608
0.999997 -0.00131568 -0.00216752 -0.0413875 0.00131806 0.999999 0.00109619 -0.284826 0.00216607 -0.00109905 0.999997 12.8408
0.999994 -0.0010012 -0.00324565 -0.0602594 0.00100442 0.999999 0.0009907 -0.312235 0.00324465 -0.000993954 0.999994 14.0185
0.999982 0.00036085 -0.00593713 -0.0589922 -0.000355595 1 0.00088601 -0.334456 0.00593745 -0.000883883 0.999982 15.2093
0.999984 0.000333607 -0.00571797 -0.0700059 -0.000329247 1 0.000763327 -0.353965 0.00571822 -0.000761432 0.999983 16.3896
0.999974 -0.000148881 -0.00717178 -0.0744802 0.00015752 0.999999 0.00120401 -0.380235 0.00717159 -0.00120511 0.999974 17.5736
0.999968 -0.000777078 -0.00796766 -0.0949339 0.00079319 0.999998 0.00201913 -0.408418 0.00796607 -0.00202538 0.999966 18.7419
0.99997 -0.00103665 -0.00768777 -0.110979 0.00104459 0.999999 0.00102879 -0.429571 0.0076867 -0.00103679 0.99997 19.9298
0.999973 -0.000792695 -0.00724877 -0.133057 0.000794846 1 0.000293899 -0.455768 0.00724854 -0.000299653 0.999974 21.118
0.999952 -0.000883608 -0.009783 -0.142262 0.000890606 0.999999 0.000711013 -0.483241 0.00978237 -0.000719691 0.999952 22.2882
0.99994 -0.00113976 -0.0109361 -0.155781 0.0011502 0.999999 0.000947497 -0.507259 0.0109351 -0.000960018 0.99994 23.4993
0.999936 -0.000907882 -0.0112623 -0.182004 0.000913442 0.999999 0.000488537 -0.534243 0.0112619 -0.000498793 0.999936 24.6721
0.999907 -0.000612674 -0.0135916 -0.195172 0.000625946 0.999999 0.000972272 -0.556316 0.013591 -0.000980689 0.999907 25.8769
0.999916 -0.00135679 -0.0129154 -0.220411 0.00139435 0.999995 0.00289961 -0.577792 0.0129114 -0.00291737 0.999912 27.0454
0.999889 -0.00161712 -0.0148167 -0.239254 0.00166194 0.999994 0.0030133 -0.599033 0.0148117 -0.00303759 0.999886 28.2504
0.999876 -0.00268782 -0.0154953 -0.257478 0.00272199 0.999994 0.00218452 -0.622938 0.0154893 -0.00222642 0.999878 29.4247
0.999866 -0.00269264 -0.0161458 -0.281864 0.00271398 0.999995 0.00130021 -0.647855 0.0161423 -0.00134386 0.999869 30.5898
0.999848 -0.0023454 -0.0172749 -0.310683 0.00237004 0.999996 0.00140592 -0.672879 0.0172716 -0.00144665 0.99985 31.7852
0.999836 -0.00268701 -0.0178819 -0.334687 0.00272188 0.999994 0.0019262 -0.696175 0.0178766 -0.00197455 0.999838 32.9597
0.999807 -0.00303665 -0.0194179 -0.358599 0.00308008 0.999993 0.00220672 -0.715566 0.0194111 -0.0022661 0.999809 34.1528
0.9998 -0.0038352 -0.0196092 -0.388594 0.00388005 0.99999 0.00224943 -0.742876 0.0196003 -0.00232507 0.999805 35.3202
0.999788 -0.00353587 -0.0202868 -0.42127 0.00358166 0.999991 0.00222124 -0.764622 0.0202788 -0.00229343 0.999792 36.496
0.999798 -0.00394501 -0.019703 -0.454655 0.00400222 0.999988 0.00286484 -0.789313 0.0196915 -0.00294312 0.999802 37.6944
0.99981 -0.00339155 -0.0192129 -0.483696 0.00347186 0.999985 0.00414835 -0.810386 0.0191986 -0.00421426 0.999807 38.872
0.999812 -0.00324821 -0.0190939 -0.50847 0.00334748 0.999981 0.00516964 -0.833219 0.0190767 -0.00523259 0.999804 40.0702
0.999803 -0.00246921 -0.0197129 -0.533485 0.00256429 0.999985 0.00479947 -0.854265 0.0197008 -0.00484907 0.999794 41.2652
0.999819 -0.00166621 -0.0189647 -0.564734 0.00175946 0.999986 0.00490134 -0.873876 0.0189563 -0.00493381 0.999808 42.4488
0.999836 0.00132998 -0.0180825 -0.599037 -0.00121464 0.999979 0.00638783 -0.885362 0.0180906 -0.00636482 0.999816 43.6465
0.99985 0.00118891 -0.017255 -0.622786 -0.00102001 0.999952 0.00979382 -0.908575 0.0172658 -0.00977475 0.999803 44.8365
0.999884 0.00188492 -0.0151008 -0.652421 -0.00170031 0.999924 0.012229 -0.918042 0.0151227 -0.0122019 0.999811 46.0217
0.999909 0.00185306 -0.0133366 -0.677259 -0.00164593 0.999878 0.0155248 -0.927495 0.0133638 -0.0155015 0.999791 47.2226
0.999914 0.00144923 -0.0130589 -0.691286 -0.00122234 0.999848 0.0173659 -0.934998 0.013082 -0.0173484 0.999764 48.4193
0.999942 0.000127098 -0.0107791 -0.714681 4.54143e-05 0.999872 0.0160026 -0.942176 0.0107797 -0.0160022 0.999814 49.5991
0.999956 0.00106009 -0.00927209 -0.733242 -0.00092649 0.999896 0.0144009 -0.952502 0.00928639 -0.0143917 0.999853 50.7983
0.999968 0.0012411 -0.00789619 -0.75357 -0.00113283 0.999905 0.0137019 -0.953521 0.00791245 -0.0136926 0.999875 51.9835
0.999974 0.0013379 -0.00711519 -0.772954 -0.00124407 0.999912 0.0131761 -0.962801 0.00713219 -0.0131669 0.999888 53.1819
0.999965 0.000395331 -0.00834071 -0.785378 -0.000293253 0.999925 0.0122361 -0.977651 0.00834492 -0.0122333 0.99989 54.3651
0.999951 0.00114169 -0.00984024 -0.804626 -0.00101682 0.999919 0.0126849 -0.98413 0.00985393 -0.0126743 0.999871 55.5555
0.999942 0.000647517 -0.0107391 -0.82513 -0.000498472 0.999904 0.0138756 -0.995289 0.010747 -0.0138694 0.999846 56.7458
0.999913 0.000535078 -0.0132142 -0.837901 -0.000343216 0.999895 0.0145173 -1.00625 0.0132206 -0.0145115 0.999807 57.9284
0.999907 0.00147883 -0.0135765 -0.861674 -0.00128676 0.999899 0.0141452 -1.01465 0.013596 -0.0141264 0.999808 59.1242
0.9999 0.00183499 -0.0140341 -0.888413 -0.00163767 0.9999 0.0140584 -1.02462 0.0140585 -0.014034 0.999803 60.3066
0.999895 0.00123563 -0.0144357 -0.910973 -0.00103977 0.999907 0.013568 -1.03195 0.0144511 -0.0135516 0.999804 61.4983
0.999909 0.000666836 -0.0134552 -0.939656 -0.000493827 0.999917 0.0128574 -1.04909 0.0134626 -0.0128496 0.999827 62.6834
0.999896 0.00048753 -0.0144096 -0.956598 -0.000284848 0.999901 0.0140645 -1.0622 0.014415 -0.0140589 0.999797 63.8841
0.999899 -0.000447729 -0.0141741 -0.981852 0.000669214 0.999878 0.0156252 -1.06833 0.0141654 -0.0156331 0.999777 65.0644
0.999899 -8.58537e-05 -0.0141985 -1.00849 0.000288292 0.999898 0.0142562 -1.07752 0.0141959 -0.0142589 0.999798 66.2588
0.999899 0.002 -0.0141026 -1.03675 -0.00181554 0.999913 0.0130802 -1.08826 0.0141275 -0.0130533 0.999815 67.4361
0.999909 0.00479627 -0.0125942 -1.07245 -0.00463491 0.999907 0.0128102 -1.09062 0.0126544 -0.0127507 0.999839 68.6112
0.999898 0.00612251 -0.0128829 -1.09347 -0.00595324 0.999896 0.013136 -1.09963 0.012962 -0.013058 0.999831 69.8019
0.999892 0.00786259 -0.0124133 -1.11781 -0.00769493 0.999879 0.0134972 -1.10687 0.0125179 -0.0134002 0.999832 70.9874
0.999901 0.00845521 -0.0112037 -1.14916 -0.0082926 0.999861 0.014481 -1.12228 0.0113246 -0.0143866 0.999832 72.1483
0.999913 0.0100733 -0.00856434 -1.17129 -0.00994067 0.999832 0.0153893 -1.12944 0.00871793 -0.0153028 0.999845 73.3197
0.999941 0.00857309 -0.00661279 -1.18381 -0.00848068 0.999868 0.0138774 -1.13808 0.00673089 -0.0138205 0.999882 74.4887
0.999974 0.0058643 -0.00416 -1.1907 -0.00582539 0.99994 0.00930392 -1.16175 0.00421431 -0.00927945 0.999948 75.6308
0.999971 0.00748754 -0.0014054 -1.20792 -0.00747605 0.99994 0.0080072 -1.17322 0.00146527 -0.00799646 0.999967 76.7892
0.999981 0.00606696 0.000645208 -1.20448 -0.00607405 0.999914 0.0116123 -1.1843 -0.000574701 -0.011616 0.999932 77.9459
0.999976 0.00553021 0.004289 -1.21144 -0.00558558 0.9999 0.0130065 -1.19508 -0.00421665 -0.0130301 0.999906 79.0982
0.999947 0.006491 0.00796506 -1.21465 -0.00658063 0.999915 0.0112791 -1.20272 -0.00789117 -0.0113309 0.999905 80.2586
0.999916 0.00576867 0.0116434 -1.21147 -0.00586691 0.999947 0.00842121 -1.21956 -0.0115942 -0.00848881 0.999897 81.3853
0.999879 0.00473925 0.0148464 -1.201 -0.00481894 0.999974 0.00533622 -1.23925 -0.0148207 -0.00540712 0.999876 82.5262
0.999842 0.00372937 0.0173645 -1.18711 -0.00380132 0.999984 0.00411267 -1.26 -0.0173489 -0.00417803 0.999841 83.6717
0.999778 0.00338558 0.0207883 -1.17696 -0.00350811 0.999977 0.00586042 -1.28082 -0.020768 -0.00593205 0.999767 84.8344
0.999685 0.00400719 0.0247946 -1.15723 -0.00416697 0.999971 0.00639591 -1.29575 -0.0247682 -0.00649721 0.999672 85.984
0.999586 0.00380072 0.0285171 -1.13237 -0.00393241 0.999982 0.00456315 -1.31838 -0.0284992 -0.0046734 0.999583 87.1241
0.999476 0.00388386 0.0321436 -1.10611 -0.00396734 0.999989 0.00253363 -1.34121 -0.0321334 -0.00265982 0.99948 88.261
0.999391 0.00413069 0.0346555 -1.06527 -0.00419855 0.999989 0.00188569 -1.36018 -0.0346474 -0.00203004 0.999398 89.4043
0.999282 0.0026318 0.0377947 -1.02617 -0.00275529 0.999991 0.00321568 -1.38277 -0.0377859 -0.00331751 0.99928 90.5366
0.999191 0.00203174 0.0401585 -0.988301 -0.00221778 0.999987 0.00458848 -1.40193 -0.0401486 -0.00467383 0.999183 91.6682
0.999103 0.00120111 0.0423353 -0.943809 -0.00147228 0.999979 0.00637477 -1.41999 -0.0423267 -0.00643138 0.999083 92.8109
0.998999 -0.000239557 0.0447399 -0.899221 -9.76288e-05 0.999972 0.00753424 -1.43767 -0.0447404 -0.00753106 0.99897 93.9525
0.998897 -0.00117079 0.0469436 -0.856937 0.000912126 0.999984 0.00553112 -1.45653 -0.0469493 -0.0054822 0.998882 95.0946
0.998809 -0.00260631 0.0487115 -0.793725 0.00250453 0.999995 0.00215054 -1.47629 -0.0487168 -0.00202598 0.998811 96.26
0.998722 -0.00215414 0.0504855 -0.736706 0.00218461 0.999997 -0.000548516 -1.49839 -0.0504842 0.000658107 0.998725 97.4111
0.998632 -0.00175555 0.0522561 -0.688367 0.00183526 0.999997 -0.00147745 -1.52405 -0.0522533 0.00157133 0.998633 98.565
0.998615 -0.00180704 0.0525819 -0.637181 0.00186093 0.999998 -0.000975985 -1.54611 -0.0525801 0.00107248 0.998616 99.724
0.998677 -0.00142912 0.0513937 -0.581047 0.00138246 0.999999 0.000943371 -1.56487 -0.0513949 -0.000871073 0.998678 100.879
0.998781 -0.00217382 0.0493107 -0.518447 0.00205284 0.999995 0.00250398 -1.59159 -0.0493158 -0.0023997 0.99878 102.068
0.998842 -0.00224975 0.0480596 -0.475617 0.00208957 0.999992 0.00338298 -1.60676 -0.0480669 -0.00327864 0.998839 103.254
0.998944 -0.00202612 0.0458954 -0.427818 0.00184568 0.99999 0.00397365 -1.62589 -0.045903 -0.00388474 0.998938 104.452
0.999105 -0.00123084 0.0422923 -0.382555 0.00105815 0.999991 0.00410546 -1.64712 -0.042297 -0.00405703 0.999097 105.638
0.999254 0.00060498 0.0386101 -0.341955 -0.0007385 0.999994 0.00344399 -1.66136 -0.0386078 -0.00346993 0.999248 106.847
0.999378 0.000343701 0.0352516 -0.317531 -0.00048269 0.999992 0.00393433 -1.6801 -0.0352499 -0.0039489 0.999371 108.024
0.999522 0.000893332 0.0308936 -0.290391 -0.00105254 0.999986 0.00513762 -1.69832 -0.0308886 -0.00516768 0.999509 109.218
0.999659 0.00113013 0.0260937 -0.260431 -0.00129096 0.99998 0.00614754 -1.71848 -0.0260862 -0.00617913 0.999641 110.438
0.999752 0.000875306 0.0222537 -0.243497 -0.00102978 0.999975 0.00693108 -1.73592 -0.0222471 -0.00695228 0.999728 111.634
0.99986 0.00117487 0.0166742 -0.231462 -0.00129421 0.999974 0.00714811 -1.7515 -0.0166654 -0.00716869 0.999835 112.858
0.99993 0.002016 0.0116266 -0.216316 -0.00210312 0.99997 0.00748572 -1.7714 -0.0116112 -0.00750965 0.999904 114.058
0.999974 0.00266778 0.00674664 -0.218069 -0.00271616 0.999971 0.00717319 -1.78503 -0.00672731 -0.00719132 0.999952 115.266
0.999992 0.00376275 0.00142055 -0.22024 -0.00377227 0.99997 0.0067598 -1.8044 -0.00139507 -0.00676511 0.999976 116.492
0.999983 0.00550857 -0.00204089 -0.233657 -0.0054947 0.999962 0.00673736 -1.82707 0.00207793 -0.00672603 0.999975 117.698
0.999963 0.00775245 -0.00370942 -0.257064 -0.0077272 0.999947 0.00677183 -1.83602 0.00376173 -0.00674292 0.99997 118.915
0.999951 0.00860124 -0.00482313 -0.273558 -0.00856842 0.99994 0.00678414 -1.85872 0.00488119 -0.00674249 0.999965 120.145
0.999924 0.0109025 -0.00575157 -0.288631 -0.0108622 0.999917 0.00698065 -1.87601 0.00582719 -0.00691764 0.999959 121.364
0.999903 0.0122879 -0.00656108 -0.304279 -0.012237 0.999895 0.00775457 -1.88537 0.00665568 -0.00767353 0.999948 122.601
0.999893 0.0122961 -0.0079428 -0.314852 -0.0122295 0.99989 0.00839119 -1.90573 0.0080451 -0.00829316 0.999933 123.843
0.999839 0.0157515 -0.0086162 -0.345696 -0.0156611 0.999823 0.0104545 -1.92038 0.00877935 -0.0103179 0.999908 125.077
0.999816 0.017161 -0.00855203 -0.375193 -0.017046 0.999766 0.0133455 -1.92242 0.00877905 -0.0131973 0.999874 126.32
0.999837 0.0156465 -0.00895995 -0.387129 -0.0155258 0.99979 0.0133881 -1.93377 0.00916755 -0.0132468 0.99987 127.573
0.999812 0.0156884 -0.011364 -0.396135 -0.0155484 0.999803 0.0123067 -1.94784 0.0115549 -0.0121276 0.99986 128.802
0.999853 0.0133525 -0.0107282 -0.422868 -0.0132172 0.999833 0.0125883 -1.94899 0.0108945 -0.0124447 0.999863 130.037
0.999862 0.0106604 -0.012745 -0.437853 -0.0104729 0.999837 0.0146889 -1.96339 0.0128996 -0.0145534 0.999811 131.289
0.9999 0.00796143 -0.0117072 -0.460332 -0.00776609 0.999831 0.0166375 -1.96702 0.0118376 -0.0165449 0.999793 132.554
0.99992 0.00571715 -0.0112797 -0.488196 -0.00551665 0.999828 0.017727 -1.97233 0.0113791 -0.0176633 0.999779 133.794
0.999936 0.00181061 -0.011129 -0.50179 -0.00162707 0.999863 0.0164783 -1.98179 0.0111573 -0.0164591 0.999802 135.05
0.999938 -0.000517898 -0.0111313 -0.511275 0.000690785 0.999879 0.0155335 -1.99014 0.0111219 -0.0155402 0.999817 136.299
0.999929 -0.00209406 -0.0117307 -0.528419 0.00227259 0.999881 0.0152267 -1.99874 0.0116974 -0.0152523 0.999815 137.573
0.999946 -0.00241921 -0.0101353 -0.556695 0.00257608 0.999877 0.0154929 -2.00273 0.0100966 -0.0155182 0.999829 138.814
0.999957 -0.00203559 -0.00907241 -0.576053 0.00219186 0.999849 0.0172482 -2.00903 0.00903593 -0.0172673 0.99981 140.074
0.999964 0.000591213 -0.00842531 -0.591023 -0.000431587 0.999821 0.0189352 -2.01452 0.00843499 -0.0189309 0.999785 141.346
0.999975 0.000579668 -0.00702531 -0.614711 -0.000455403 0.999844 0.0176768 -2.02288 0.00703446 -0.0176732 0.999819 142.602
0.999979 0.00150446 -0.00637488 -0.632954 -0.00140333 0.999874 0.0158379 -2.0257 0.0063979 -0.0158286 0.999854 143.87
0.999978 0.00144139 -0.00642763 -0.64274 -0.00135375 0.999906 0.0136181 -2.03539 0.00644665 -0.0136091 0.999887 145.132
0.999985 0.000612521 -0.00549599 -0.654479 -0.000560137 0.999954 0.0095278 -2.0516 0.00550157 -0.00952457 0.99994 146.387
0.99999 0.000902305 -0.00449231 -0.668338 -0.000873729 0.999979 0.00635916 -2.0712 0.00449796 -0.00635517 0.99997 147.642
0.999989 0.000525981 -0.00474319 -0.683959 -0.000500947 0.999986 0.00527767 -2.08867 0.0047459 -0.00527524 0.999975 148.897
0.99999 8.38771e-05 -0.00455475 -0.696817 -5.87719e-05 0.999985 0.00551173 -2.11107 0.00455514 -0.0055114 0.999974 150.155
0.999988 0.000654035 -0.00488285 -0.709425 -0.000624466 0.999981 0.00605466 -2.12993 0.00488672 -0.00605154 0.99997 151.403
0.999987 0.00109895 -0.0049938 -0.72681 -0.00106328 0.999974 0.00713986 -2.14944 0.00500152 -0.00713446 0.999962 152.662
0.999982 0.00164829 -0.00573306 -0.742904 -0.00160495 0.99997 0.00755497 -2.16602 0.00574534 -0.00754563 0.999955 153.905
0.999982 0.00176592 -0.00576001 -0.760583 -0.0017234 0.999971 0.0073784 -2.1836 0.00577287 -0.00736834 0.999956 155.167
0.999971 0.00251345 -0.00713562 -0.780809 -0.00245889 0.999968 0.00764433 -2.20259 0.00715461 -0.00762657 0.999945 156.416
0.999968 0.00223033 -0.00774581 -0.801344 -0.00216244 0.999959 0.00876194 -2.21831 0.00776504 -0.0087449 0.999932 157.671
0.999963 0.00262208 -0.00823206 -0.812199 -0.00254686 0.999955 0.0091352 -2.23122 0.00825564 -0.00911389 0.999924 158.905
0.999955 0.00315219 -0.00894298 -0.8275 -0.00307668 0.99996 0.00844428 -2.25152 0.00896924 -0.00841639 0.999924 160.192
0.999947 0.00411644 -0.00940486 -0.850926 -0.0040462 0.999964 0.00747546 -2.26633 0.00943529 -0.00743701 0.999928 161.427
0.999949 0.00493231 -0.00884178 -0.880371 -0.00486807 0.999962 0.00727131 -2.28352 0.0088773 -0.0072279 0.999934 162.701
0.999938 0.00449931 -0.0101791 -0.895632 -0.00443381 0.999969 0.00644825 -2.29809 0.0102078 -0.00640271 0.999927 163.952
0.999922 0.00467007 -0.0115996 -0.9073 -0.00460341 0.999973 0.00576709 -2.3242 0.0116262 -0.00571324 0.999916 165.202
0.99991 0.00531542 -0.012356 -0.935798 -0.00524758 0.999971 0.00551663 -2.33197 0.012385 -0.0054513 0.999908 166.456
0.999891 0.00529427 -0.0138117 -0.960874 -0.00519973 0.999963 0.00687211 -2.35421 0.0138476 -0.00679954 0.999881 167.703
0.999882 0.00612217 -0.0140767 -0.993415 -0.00601762 0.999954 0.00745742 -2.37399 0.0141217 -0.00737184 0.999873 168.967
0.999867 0.00625857 -0.0150371 -1.02154 -0.00613601 0.999948 0.00818325 -2.39264 0.0150876 -0.00808989 0.999853 170.207
0.999863 0.006315 -0.0152823 -1.04575 -0.00618638 0.999945 0.00844897 -2.40989 0.0153348 -0.00835328 0.999848 171.469
0.999866 0.00694228 -0.0148398 -1.08102 -0.00682838 0.999947 0.00771236 -2.42481 0.0148926 -0.00760999 0.99986 172.708
0.999841 0.00774621 -0.0160705 -1.10454 -0.00762857 0.999944 0.00736912 -2.44353 0.0161266 -0.00724536 0.999844 173.987
0.999837 0.00792524 -0.0162184 -1.13245 -0.00780483 0.999942 0.00747422 -2.4583 0.0162767 -0.00734642 0.999841 175.229
0.999837 0.00742517 -0.0164652 -1.16831 -0.00731828 0.999952 0.00654269 -2.47762 0.016513 -0.00642113 0.999843 176.463
0.999839 0.00664172 -0.0166639 -1.18978 -0.00655633 0.999965 0.00517354 -2.49771 0.0166977 -0.00506346 0.999848 177.73
0.99985 0.00406249 -0.0168585 -1.21712 -0.00397308 0.999978 0.00533348 -2.52231 0.0168798 -0.0052657 0.999844 178.965
0.999827 0.00421222 -0.0180903 -1.23725 -0.00405293 0.999953 0.00883306 -2.53885 0.0181266 -0.00875822 0.999797 180.216
0.999843 0.00259846 -0.0175116 -1.27348 -0.00236551 0.999909 0.0133104 -2.55546 0.0175446 -0.0132668 0.999758 181.463
0.999833 0.00326557 -0.0180037 -1.30026 -0.00303401 0.999913 0.0128742 -2.56836 0.0180441 -0.0128174 0.999755 182.705
0.99982 0.00458733 -0.0184032 -1.33183 -0.00440483 0.999941 0.00994505 -2.582 0.0184477 -0.00986219 0.999781 183.918
0.999823 0.00546693 -0.0179865 -1.36726 -0.00531796 0.999951 0.00832006 -2.60164 0.0180311 -0.00822294 0.999804 185.144
0.999815 0.00535972 -0.018471 -1.39301 -0.0052069 0.999952 0.00831188 -2.61659 0.0185146 -0.00821417 0.999795 186.364
0.999811 0.00541784 -0.0186593 -1.42504 -0.00524106 0.999941 0.00950964 -2.63412 0.0187097 -0.00941005 0.999781 187.623
0.999816 0.00499981 -0.018537 -1.45606 -0.00478251 0.99992 0.0117487 -2.64847 0.0185943 -0.0116579 0.999759 188.846
0.999834 0.00452927 -0.0176654 -1.48995 -0.00430747 0.999912 0.0125736 -2.66307 0.0177208 -0.0124954 0.999765 190.074
0.999864 0.00471773 -0.0158078 -1.52227 -0.00452737 0.999917 0.0120566 -2.67292 0.0158634 -0.0119834 0.999802 191.291
0.999871 0.00358874 -0.0156319 -1.52902 -0.00341827 0.999935 0.0109183 -2.69335 0.01567 -0.0108635 0.999818 192.519
0.999892 0.0036683 -0.0142497 -1.55962 -0.00353022 0.999947 0.00970308 -2.70717 0.0142845 -0.00965172 0.999851 193.73
0.999918 0.00246002 -0.0125725 -1.58335 -0.0023469 0.999957 0.00900434 -2.72744 0.0125941 -0.0089741 0.99988 194.921
0.999932 0.0026997 -0.0113082 -1.61091 -0.00259028 0.99995 0.00967991 -2.74399 0.0113337 -0.00964997 0.999889 196.128
0.99994 0.00248753 -0.0106387 -1.62101 -0.00236423 0.99993 0.0115869 -2.75799 0.0106667 -0.0115611 0.999876 197.327
0.999953 0.00271258 -0.00935096 -1.64943 -0.00259927 0.999923 0.0121083 -2.77412 0.00938309 -0.0120834 0.999883 198.515
0.99996 0.00280114 -0.00850177 -1.66918 -0.00269844 0.999924 0.0120668 -2.78594 0.00853492 -0.0120433 0.999891 199.713
0.999962 0.00312485 -0.00815992 -1.6826 -0.00302318 0.999918 0.012442 -2.80264 0.00819813 -0.0124168 0.999889 200.886
0.999976 0.00325425 -0.00613714 -1.70214 -0.00317628 0.999915 0.0126713 -2.81484 0.00617785 -0.0126515 0.999901 202.075
0.999979 0.0036589 -0.00541081 -1.71323 -0.00358979 0.999913 0.0127284 -2.82825 0.00545691 -0.0127087 0.999904 203.237
0.999984 0.00344977 -0.00455288 -1.73019 -0.003391 0.999912 0.0128539 -2.84201 0.00459682 -0.0128383 0.999907 204.399
0.999994 0.00215159 -0.00273208 -1.74449 -0.00211516 0.99991 0.0132691 -2.85847 0.00276038 -0.0132632 0.999908 205.536
0.999993 0.00234998 -0.00288842 -1.75057 -0.00231039 0.999904 0.0136365 -2.86864 0.00292019 -0.0136298 0.999903 206.673
0.999994 0.0017277 -0.00289533 -1.76199 -0.00168513 0.999891 0.0146418 -2.88478 0.00292032 -0.0146368 0.999889 207.781
0.99999 0.00188381 -0.00416994 -1.76841 -0.00182167 0.999888 0.0148542 -2.89427 0.00419746 -0.0148465 0.999881 208.889
0.999985 0.0019226 -0.00503454 -1.78352 -0.00185091 0.999897 0.014206 -2.91208 0.00506134 -0.0141964 0.999886 209.979
0.999984 0.00271792 -0.00496544 -1.80102 -0.00265149 0.999908 0.013335 -2.92363 0.00500123 -0.0133216 0.999899 211.048
0.999976 0.00220625 -0.00651957 -1.80241 -0.0021182 0.999907 0.0134822 -2.93763 0.00654871 -0.0134681 0.999888 212.096
0.999969 0.00188213 -0.00767151 -1.81341 -0.00177971 0.999909 0.0133361 -2.94788 0.00769591 -0.013322 0.999882 213.158
0.999951 0.00103222 -0.00981906 -1.82957 -0.000892393 0.999898 0.0142342 -2.96361 0.00983276 -0.0142247 0.99985 214.18
0.99994 0.000237593 -0.0109953 -1.84795 -6.55568e-05 0.999878 0.015644 -2.97536 0.0109977 -0.0156423 0.999817 215.202
0.999913 0.000454165 -0.0131702 -1.86389 -0.00022368 0.999847 0.0174967 -2.98625 0.0131761 -0.0174923 0.99976 216.23
0.999874 0.000777363 -0.0158857 -1.88517 -0.000495034 0.999842 0.0177687 -2.99622 0.015897 -0.0177586 0.999716 217.215
0.999833 0.00117873 -0.0182596 -1.90918 -0.000859443 0.999847 0.0174838 -3.00599 0.0182774 -0.0174651 0.99968 218.195
0.999752 0.000936115 -0.0222417 -1.92853 -0.000537331 0.999839 0.0179287 -3.01868 0.0222549 -0.0179124 0.999592 219.151
0.999687 0.00141988 -0.0249666 -1.9544 -0.000963243 0.999832 0.0182925 -3.02741 0.0249884 -0.0182627 0.999521 220.084
0.999615 0.00191476 -0.0276724 -1.98638 -0.00141152 0.999833 0.0181935 -3.03783 0.0277026 -0.0181474 0.999451 220.988
0.999531 0.00173923 -0.0305705 -2.02833 -0.00119209 0.999839 0.0179067 -3.04535 0.0305968 -0.0178618 0.999372 221.883
0.999406 0.00131855 -0.0344313 -2.06864 -0.000720222 0.999849 0.0173841 -3.05675 0.034449 -0.0173489 0.999256 222.74
0.999274 0.00255327 -0.0380039 -2.10564 -0.00191148 0.999855 0.0169143 -3.06038 0.0380415 -0.0168294 0.999134 223.588
0.999169 0.00267262 -0.0406704 -2.14743 -0.00200048 0.999861 0.0165582 -3.0746 0.040709 -0.0164631 0.999035 224.406
0.999108 0.00440011 -0.0420067 -2.19267 -0.00371544 0.999859 0.0163633 -3.07912 0.0420728 -0.0161926 0.998983 225.209
0.999049 0.00543151 -0.0432662 -2.23121 -0.00470066 0.999845 0.0169759 -3.08478 0.0433517 -0.0167564 0.998919 225.987
0.999103 0.00549977 -0.0419761 -2.2719 -0.00476556 0.999834 0.0175713 -3.09359 0.0420658 -0.0173555 0.998964 226.754
0.999109 0.00590666 -0.0417888 -2.30949 -0.00514393 0.999819 0.0183361 -3.09878 0.0418895 -0.0181048 0.998958 227.51
0.99906 0.00528906 -0.0430254 -2.33714 -0.00450995 0.999824 0.0181852 -3.10976 0.0431141 -0.017974 0.998908 228.23
0.999081 0.00572251 -0.0424795 -2.37446 -0.00503191 0.999854 0.0163463 -3.11656 0.0425669 -0.0161176 0.998964 228.949
0.999092 0.00571478 -0.0422155 -2.4079 -0.00511382 0.999884 0.01433 -3.12088 0.0422925 -0.0141011 0.999006 229.673
0.999183 0.0057665 -0.0399895 -2.44313 -0.00525628 0.999904 0.0128523 -3.13271 0.0400598 -0.0126316 0.999117 230.388
0.999216 0.00662365 -0.0390401 -2.46896 -0.00613822 0.999903 0.0125407 -3.13637 0.0391194 -0.0122912 0.999159 231.095
0.999338 0.00593667 -0.0358888 -2.50708 -0.00549808 0.999909 0.012307 -3.14601 0.0359586 -0.0121016 0.99928 231.791
0.999401 0.00615006 -0.0340462 -2.53345 -0.00573319 0.999908 0.0123282 -3.15584 0.0341189 -0.0121256 0.999344 232.495
0.999443 0.00571333 -0.0328907 -2.55779 -0.00531726 0.999912 0.0121171 -3.16226 0.032957 -0.0119355 0.999386 233.216
0.999495 0.00558883 -0.0312849 -2.58171 -0.00521427 0.999914 0.0120412 -3.17102 0.0313495 -0.011872 0.999438 233.915
0.999603 0.00569619 -0.0276105 -2.60776 -0.00536345 0.999912 0.0121101 -3.17458 0.0276771 -0.0119572 0.999545 234.605
0.999684 0.00469538 -0.0246927 -2.62731 -0.00438032 0.999909 0.0127981 -3.18323 0.0247505 -0.0126859 0.999613 235.301
0.999732 0.0036216 -0.0228834 -2.64069 -0.00331822 0.999906 0.0132815 -3.19534 0.0229293 -0.013202 0.99965 235.995
0.999796 0.00369864 -0.0198454 -2.658 -0.00343735 0.999907 0.0131841 -3.20195 0.0198923 -0.0131132 0.999716 236.681
0.999868 0.00312489 -0.0159239 -2.67679 -0.00291716 0.999911 0.0130518 -3.21 0.0159632 -0.0130037 0.999788 237.352
0.999902 0.00314198 -0.0136434 -2.68507 -0.00296835 0.999915 0.0127278 -3.21534 0.0136823 -0.012686 0.999826 238.027
0.999937 0.00387572 -0.0105117 -2.69846 -0.00374979 0.999921 0.0119736 -3.22245 0.0105572 -0.0119335 0.999873 238.699
0.999966 0.0039661 -0.00723922 -2.70881 -0.00388352 0.999928 0.011386 -3.22993 0.00728386 -0.0113575 0.999909 239.389
0.999981 0.00407795 -0.00457192 -2.70816 -0.00402186 0.999917 0.0122114 -3.23735 0.00462134 -0.0121928 0.999915 240.08
0.999989 0.00431792 -0.00199245 -2.71126 -0.00429227 0.99991 0.0127027 -3.23862 0.00204712 -0.012694 0.999917 240.757
0.999993 0.00369841 -0.000505625 -2.70674 -0.00369158 0.99991 0.0129011 -3.24591 0.000553293 -0.0128992 0.999917 241.445
0.99999 0.00388207 0.00211741 -2.70993 -0.00390638 0.999925 0.0115971 -3.25447 -0.00207223 -0.0116053 0.999931 242.133
0.999982 0.00403851 0.00438061 -2.7167 -0.00407826 0.99995 0.00910356 -3.26043 -0.00434363 -0.00912127 0.999949 242.778
0.999987 0.00317004 0.00396863 -2.70978 -0.00319941 0.999967 0.00741425 -3.2644 -0.003945 -0.00742685 0.999965 243.506
0.99999 0.00289079 0.00350071 -2.70304 -0.00291503 0.999972 0.00693945 -3.27195 -0.00348055 -0.00694958 0.99997 244.205
0.999989 0.00209077 0.00417766 -2.70486 -0.00211802 0.999976 0.00652967 -3.28176 -0.00416391 -0.00653844 0.99997 244.916
0.99999 0.00284154 0.0034909 -2.70287 -0.00286422 0.999975 0.00650693 -3.29436 -0.00347232 -0.00651686 0.999973 245.648
0.999988 0.00367287 0.0033242 -2.69843 -0.00369259 0.999976 0.00594625 -3.29887 -0.00330228 -0.00595845 0.999977 246.369
0.999992 0.00256756 0.0031237 -2.69949 -0.00258124 0.999987 0.00438399 -3.30657 -0.00311241 -0.00439201 0.999986 247.106
0.999993 -0.00141407 0.00355588 -2.69011 0.00140598 0.999996 0.00227569 -3.32039 -0.00355909 -0.00227067 0.999991 247.849
0.999981 -0.00364202 0.0048734 -2.69216 0.00363424 0.999992 0.00160545 -3.34186 -0.00487921 -0.00158771 0.999987 248.585
0.999986 -0.00219625 0.00483466 -2.69401 0.002173 0.999986 0.00480964 -3.34696 -0.00484515 -0.00479906 0.999977 249.356
0.999981 0.00244099 0.00557193 -2.70047 -0.00250143 0.999938 0.0108649 -3.34761 -0.00554506 -0.0108787 0.999925 250.127
0.999982 0.0012124 0.00590576 -2.69369 -0.00129893 0.999892 0.0146706 -3.35552 -0.00588734 -0.014678 0.999875 250.89
0.999973 -0.00053166 0.00729234 -2.68247 0.000434791 0.999912 0.0132789 -3.36594 -0.00729876 -0.0132753 0.999885 251.689
0.999936 0.00111828 0.0112684 -2.67689 -0.00119567 0.999976 0.00686347 -3.37187 -0.0112605 -0.0068765 0.999913 252.46
0.999862 0.00385708 0.0161469 -2.68133 -0.00390464 0.999988 0.00291504 -3.37981 -0.0161354 -0.00297768 0.999865 253.267
0.999804 0.00502183 0.0191558 -2.67083 -0.00507319 0.999984 0.00263324 -3.38433 -0.0191423 -0.0027299 0.999813 254.081
0.999745 0.00366511 0.0222714 -2.65059 -0.00378555 0.999978 0.00536782 -3.3981 -0.0222513 -0.00545076 0.999738 254.904
0.999715 0.000328423 0.0238857 -2.6214 -0.000535049 0.999962 0.00864474 -3.40996 -0.023882 -0.00865505 0.999677 255.753
0.999625 -0.00217352 0.0273111 -2.60272 0.00188456 0.999942 0.0106016 -3.41895 -0.0273326 -0.0105462 0.999571 256.568
0.999529 -0.00271618 0.0305585 -2.58646 0.00237796 0.999936 0.0110986 -3.42857 -0.0305867 -0.0110207 0.999471 257.393
0.999466 -0.000243526 0.0326881 -2.56646 -5.32962e-05 0.999959 0.00907927 -3.43486 -0.0326889 -0.00907616 0.999424 258.219
0.999416 0.000604461 0.0341635 -2.53965 -0.00084106 0.999976 0.00691153 -3.44398 -0.0341585 -0.00693623 0.999392 259.032
0.999329 0.000756425 0.0366285 -2.50843 -0.00100416 0.999977 0.00674551 -3.45636 -0.0366225 -0.00677776 0.999306 259.87
0.999261 0.00147335 0.0384135 -2.47416 -0.00180489 0.999961 0.00859759 -3.46676 -0.0383993 -0.00866057 0.999225 260.717
0.999094 0.00245577 0.0424791 -2.45231 -0.00289976 0.999942 0.0103935 -3.47624 -0.0424511 -0.0105073 0.999043 261.533
0.998972 0.00319351 0.0452124 -2.42001 -0.00366431 0.99994 0.010334 -3.48356 -0.0451767 -0.010489 0.998924 262.374
0.998861 0.0033173 0.047589 -2.38576 -0.0037954 0.999943 0.00995938 -3.49743 -0.0475533 -0.0101287 0.998817 263.2
0.998734 0.00155506 0.0502767 -2.34419 -0.00205492 0.999949 0.00989192 -3.51024 -0.0502588 -0.00998271 0.998686 264.028
0.998648 -0.000933957 0.0519659 -2.30098 0.000393 0.999946 0.0104191 -3.51889 -0.0519728 -0.0103846 0.998595 264.862
0.998646 -0.0023084 0.0519633 -2.25315 0.00176447 0.999943 0.0105111 -3.52737 -0.0519847 -0.0104052 0.998594 265.709
0.998616 -0.00316489 0.0524926 -2.21157 0.00261371 0.999941 0.0105654 -3.53693 -0.0525229 -0.0104135 0.998565 266.539
0.998577 -0.00300245 0.0532425 -2.17704 0.00244876 0.999942 0.0104617 -3.54345 -0.0532708 -0.0103164 0.998527 267.383
0.998611 -0.00320772 0.0525955 -2.13368 0.00261684 0.999933 0.0112995 -3.555 -0.0526282 -0.0111462 0.998552 268.227
0.998634 -0.00285432 0.0521727 -2.0995 0.00223335 0.999926 0.0119565 -3.56359 -0.052203 -0.0118236 0.998566 269.073
0.998691 -0.00283424 0.0510787 -2.05502 0.00226454 0.999935 0.011208 -3.57697 -0.0511071 -0.0110776 0.998632 269.922
0.998783 -0.00270302 0.0492548 -2.01397 0.00220124 0.999945 0.0102388 -3.58302 -0.0492798 -0.0101179 0.998734 270.778
0.998854 -0.00198028 0.0478282 -1.98107 0.00152561 0.999953 0.00954087 -3.59101 -0.0478449 -0.00945697 0.99881 271.615
0.998937 -0.00133426 0.0460693 -1.94648 0.000903625 0.999956 0.00936718 -3.60071 -0.0460797 -0.00931559 0.998894 272.471
0.999021 0.000383812 0.0442477 -1.91612 -0.00079073 0.999958 0.00917923 -3.60748 -0.0442423 -0.00920523 0.998978 273.297
0.999109 0.000489847 0.0421986 -1.88693 -0.000903577 0.999952 0.00978584 -3.62247 -0.0421918 -0.00981525 0.999061 274.138
0.999252 0.000614661 0.0386555 -1.85727 -0.00104906 0.999937 0.0112183 -3.63314 -0.0386462 -0.0112505 0.99919 274.989
0.999421 -0.000753515 0.0340023 -1.82925 0.000292027 0.999908 0.0135752 -3.63999 -0.0340094 -0.0135574 0.99933 275.828
0.999558 -0.0022533 0.0296363 -1.80925 0.00180388 0.999883 0.0151826 -3.64606 -0.0296671 -0.0151225 0.999445 276.655
0.999687 -0.00262728 0.0248873 -1.78951 0.00221104 0.999857 0.0167378 -3.64927 -0.0249278 -0.0166775 0.99955 277.48
0.99979 -0.00291167 0.0202759 -1.77291 0.00255709 0.999844 0.0174919 -3.65809 -0.0203237 -0.0174364 0.999641 278.285
0.999884 -0.00360904 0.0148086 -1.76051 0.00333908 0.999829 0.018214 -3.66577 -0.0148718 -0.0181624 0.999724 279.1
0.999937 -0.00426112 0.010423 -1.75802 0.00406899 0.999823 0.0183851 -3.67105 -0.0104995 -0.0183415 0.999777 279.882
0.999969 -0.00436398 0.00654066 -1.75935 0.00424379 0.999824 0.0182781 -3.6806 -0.00661928 -0.0182498 0.999812 280.636
0.999989 -0.0039753 0.00252908 -1.76268 0.00392893 0.999829 0.0180848 -3.683 -0.00260054 -0.0180746 0.999833 281.38
0.999994 -0.00354501 -0.000331899 -1.77756 0.00355037 0.999835 0.0178376 -3.69001 0.000268609 -0.0178387 0.999841 282.131
0.999983 -0.00389354 -0.00441759 -1.78163 0.00397259 0.99983 0.0180303 -3.69688 0.00434663 -0.0180475 0.999828 282.857
0.999954 -0.00480048 -0.00833106 -1.79546 0.00494125 0.999844 0.0169594 -3.69822 0.00824835 -0.0169998 0.999821 283.553
0.999905 -0.00370625 -0.0132691 -1.81124 0.00391381 0.99987 0.0156508 -3.70586 0.0132093 -0.0157012 0.999789 284.242
0.999832 -0.00217826 -0.0182124 -1.8433 0.00243454 0.999898 0.0140616 -3.7179 0.0181799 -0.0141036 0.999735 284.891
0.999629 -0.00149723 -0.0272095 -1.86713 0.00183321 0.999922 0.0123272 -3.72456 0.0271889 -0.0123725 0.999554 285.545
0.999282 -0.00132033 -0.0378695 -1.90292 0.00176014 0.999931 0.011583 -3.73732 0.0378516 -0.0116414 0.999216 286.173
0.998638 -0.00108369 -0.052168 -1.94021 0.0016678 0.999936 0.0111545 -3.74555 0.0521526 -0.0112263 0.998576 286.801
0.997599 -0.00010189 -0.0692607 -1.99602 0.000918535 0.99993 0.0117591 -3.75485 0.0692547 -0.0117945 0.997529 287.413
0.996023 0.00256727 -0.0890575 -2.07113 -0.00145321 0.99992 0.0125721 -3.76116 0.0890826 -0.0123927 0.995947 287.994
0.993663 0.00432239 -0.112318 -2.15292 -0.00296396 0.99992 0.0122587 -3.76501 0.112362 -0.0118481 0.993597 288.566
0.990605 0.00608282 -0.136622 -2.25817 -0.00438853 0.99991 0.0126991 -3.7754 0.136687 -0.0119802 0.990542 289.11
0.986334 0.00761077 -0.164583 -2.36689 -0.00554959 0.9999 0.0129798 -3.78277 0.164666 -0.0118891 0.986278 289.657
0.980731 0.00902081 -0.195156 -2.50525 -0.0062994 0.999874 0.014561 -3.78858 0.195263 -0.013051 0.980664 290.169
0.973441 0.00905964 -0.228758 -2.65405 -0.0055199 0.999855 0.0161089 -3.79112 0.22887 -0.0144183 0.97335 290.693
0.964244 0.00927962 -0.264853 -2.81496 -0.0047187 0.99983 0.0178516 -3.79508 0.264974 -0.0159636 0.964124 291.186
0.953819 0.0108115 -0.300186 -2.99952 -0.0048387 0.999775 0.0206332 -3.80169 0.300342 -0.0182278 0.953657 291.64
0.94056 0.0126802 -0.339392 -3.20018 -0.00517401 0.999722 0.0230124 -3.80242 0.339589 -0.0198885 0.940364 292.107
0.925342 0.0135373 -0.378891 -3.40958 -0.00430484 0.999673 0.0252037 -3.80412 0.379109 -0.0216909 0.925098 292.535
0.907632 0.0137107 -0.419543 -3.64579 -0.00265963 0.999634 0.0269143 -3.80226 0.419758 -0.0233125 0.907337 292.969
0.887923 0.0138331 -0.459783 -3.89807 -0.00098363 0.999603 0.0281747 -3.80106 0.45999 -0.0245647 0.887584 293.377
0.86451 0.0132015 -0.502441 -4.16093 0.00153533 0.999581 0.0289054 -3.79891 0.502613 -0.0257604 0.864128 293.766
0.838693 0.0132001 -0.544445 -4.45304 0.00363474 0.999548 0.0298333 -3.79382 0.544593 -0.0269999 0.838266 294.134
0.809103 0.0137975 -0.587505 -4.75599 0.00573638 0.999491 0.0313729 -3.79317 0.587639 -0.0287541 0.808612 294.489
0.776931 0.0154819 -0.629395 -5.06138 0.00572636 0.999482 0.0316539 -3.78485 0.629559 -0.0281971 0.776441 294.805
0.742072 0.0154061 -0.670143 -5.4092 0.00794696 0.999463 0.0317769 -3.78105 0.670273 -0.0289064 0.741551 295.111
0.702568 0.0147726 -0.711464 -5.74972 0.0128462 0.999358 0.0334359 -3.77582 0.711501 -0.0326306 0.701927 295.388
0.658866 0.0146012 -0.752119 -6.1174 0.0192262 0.999158 0.0362395 -3.77156 0.752015 -0.0383373 0.65803 295.665
0.610686 0.0157415 -0.791716 -6.47273 0.024255 0.998961 0.0385711 -3.77135 0.791501 -0.0427579 0.60967 295.879
0.559787 0.0201823 -0.828391 -6.83723 0.0244711 0.998865 0.040872 -3.77487 0.828275 -0.0431512 0.558658 296.053
0.507019 0.0264232 -0.86153 -7.25758 0.0205084 0.998877 0.042705 -3.76605 0.861691 -0.0393208 0.505908 296.212
0.451886 0.0307395 -0.891546 -7.65693 0.0181632 0.998882 0.0436464 -3.74891 0.891891 -0.0359165 0.450823 296.352
0.393744 0.0338977 -0.918595 -8.02583 0.0179618 0.998845 0.0445582 -3.74779 0.919045 -0.0340442 0.39268 296.448
0.334984 0.0364748 -0.941518 -8.4345 0.0197555 0.998759 0.0457211 -3.73717 0.942017 -0.033916 0.333847 296.535
0.276083 0.0395857 -0.960318 -8.82835 0.0226331 0.998607 0.0476708 -3.72378 0.960867 -0.0348961 0.274802 296.586
0.215397 0.0435462 -0.975555 -9.23801 0.0251188 0.998428 0.0501132 -3.70959 0.976203 -0.035299 0.213965 296.63
0.151932 0.0470983 -0.987268 -9.64482 0.028104 0.998254 0.0519474 -3.70944 0.987991 -0.0356387 0.150343 296.643
0.0868076 0.0516901 -0.994883 -10.0358 0.028778 0.998106 0.0543685 -3.69346 0.995809 -0.0333504 0.0851557 296.629
0.0222328 0.0572567 -0.998112 -10.4892 0.0311215 0.997835 0.057934 -3.67717 0.999268 -0.0323508 0.0204028 296.569
-0.045894 0.0633795 -0.996934 -10.9123 0.0336039 0.997518 0.0618697 -3.65287 0.998381 -0.0306614 -0.0479099 296.497
-0.11287 0.0699765 -0.991143 -11.3194 0.0361931 0.997145 0.0662787 -3.63245 0.99295 -0.0283917 -0.11508 296.4
-0.179427 0.0767001 -0.980777 -11.7819 0.0388254 0.996731 0.0708449 -3.61426 0.983005 -0.0253676 -0.181818 296.254
-0.244991 0.0824036 -0.966017 -12.2045 0.0429931 0.996325 0.0740855 -3.58495 0.968572 -0.0233818 -0.247633 296.09
-0.306407 0.0877977 -0.947843 -12.6492 0.0467848 0.995923 0.0771273 -3.57609 0.95075 -0.0207123 -0.309265 295.864
-0.368725 0.0904297 -0.925129 -13.0871 0.0511352 0.995723 0.0769493 -3.54949 0.928131 -0.0189335 -0.371772 295.635
-0.427622 0.0917012 -0.899295 -13.5052 0.0549013 0.995639 0.0754195 -3.5215 0.902289 -0.0171214 -0.430791 295.38
-0.483785 0.0915893 -0.870381 -13.9535 0.0577319 0.995683 0.0726855 -3.48687 0.87328 -0.0150846 -0.486984 295.076
-0.534302 0.0920864 -0.840263 -14.368 0.0601227 0.995671 0.0708874 -3.46257 0.843153 -0.0126436 -0.537525 294.771
-0.581265 0.0921114 -0.808484 -14.8202 0.0621344 0.995696 0.0687687 -3.42748 0.811338 -0.0102618 -0.584487 294.396
-0.621777 0.0932445 -0.777624 -15.2409 0.0636616 0.995619 0.0684813 -3.3966 0.780602 -0.00692461 -0.62499 293.995
-0.655613 0.0973525 -0.748795 -15.6333 0.0683958 0.995234 0.0695081 -3.37089 0.751994 -0.00564406 -0.659146 293.591
-0.691972 0.103738 -0.714432 -16.0758 0.075929 0.994591 0.0708756 -3.33979 0.717921 -0.00520224 -0.696106 293.12
-0.726272 0.109701 -0.678597 -16.5003 0.0827663 0.993957 0.0721005 -3.30697 0.682406 -0.00380045 -0.730963 292.63
-0.759285 0.111716 -0.641098 -16.9191 0.0862975 0.993739 0.0709595 -3.27091 0.645011 -0.00144664 -0.764172 292.094
-0.788966 0.108671 -0.604751 -17.3067 0.0862786 0.994078 0.0660705 -3.23385 0.608349 -4.96925e-05 -0.793669 291.53
-0.815019 0.105419 -0.569763 -17.6921 0.0867524 0.994428 0.0598968 -3.20687 0.572903 -0.000611263 -0.819623 290.911
-0.840715 0.100979 -0.531979 -18.0871 0.0860391 0.994888 0.0528744 -3.16982 0.534598 -0.00131864 -0.845105 290.251
-0.862598 0.0969286 -0.496517 -18.4519 0.084777 0.99529 0.0470148 -3.13626 0.498736 -0.00153842 -0.866753 289.575
-0.882715 0.0958575 -0.460028 -18.8048 0.0848255 0.995395 0.0446479 -3.10512 0.462189 0.000389272 -0.886781 288.837
-0.901409 0.0926169 -0.422947 -19.1248 0.0824626 0.995697 0.0422886 -3.07798 0.425044 0.00324202 -0.905167 288.091
-0.917796 0.0919557 -0.386258 -19.4283 0.08317 0.995755 0.0394354 -3.05333 0.388245 0.00406855 -0.921547 287.282
-0.933198 0.0935408 -0.346976 -19.7051 0.0857643 0.9956 0.0377382 -3.03277 0.34898 0.00545899 -0.937114 286.481
-0.945766 0.0971307 -0.309989 -19.9569 0.0900694 0.995246 0.0370477 -3.02334 0.312114 0.00711796 -0.950018 285.624
-0.957245 0.0971382 -0.272481 -20.186 0.090551 0.995216 0.036678 -2.99182 0.27474 0.0104364 -0.961462 284.723
-0.96713 0.100097 -0.233753 -20.4127 0.0941268 0.994888 0.0365866 -2.97091 0.23622 0.0133816 -0.971607 283.783
-0.97524 0.100368 -0.197063 -20.5859 0.0952897 0.99483 0.0351077 -2.95268 0.199568 0.0154604 -0.979762 282.848
-0.981738 0.098148 -0.162963 -20.7345 0.0944463 0.995068 0.0303285 -2.93443 0.165136 0.0143834 -0.986166 281.869
-0.986872 0.0964963 -0.129505 -20.8511 0.0939257 0.995244 0.0258267 -2.92266 0.131382 0.0133238 -0.991242 280.859
-0.990581 0.0957522 -0.0978822 -20.9314 0.0938128 0.995295 0.0242383 -2.91 0.0997425 0.0148274 -0.994903 279.84
-0.993248 0.0945356 -0.0672478 -20.9929 0.0931776 0.995382 0.0230584 -2.89358 0.0691171 0.0166367 -0.99747 278.788
-0.994913 0.0932422 -0.0381435 -21.0235 0.0924998 0.995496 0.0207884 -2.88221 0.03991 0.0171543 -0.999056 277.691
-0.995649 0.0924506 -0.0116687 -21.0193 0.0922127 0.995548 0.0194987 -2.87872 0.0134194 0.0183379 -0.999742 276.61
-0.995849 0.0900689 0.0130953 -20.9905 0.0903167 0.995717 0.0197538 -2.87118 -0.01126 0.0208545 -0.999719 275.478
