1.000000000 0.000000000 0.000000000 0.000000000 0.000000000 1.000000000 0.000000000 0.000000000 0.000000000 0.000000000 1.000000000 0.000000000
0.999997795 0.001092133 0.001755305 -0.001078613 -0.001090921 0.999999106 -0.000691396 -0.019589338 -0.001756059 0.000689480 0.999998212 1.162637949
0.999995172 0.001130424 0.002899957 -0.001298912 -0.001129369 0.999999285 -0.000365323 -0.037936710 -0.002900368 0.000362047 0.999995708 2.313583612
0.999992847 0.000793466 0.003703293 -0.002378645 -0.000793466 0.999999642 -0.000001299 -0.055596441 -0.003703292 -0.000001639 0.999993086 3.459923983
0.999991715 0.000168116 0.004054035 0.018933523 -0.000169050 0.999999940 0.000229982 -0.081916302 -0.004053996 -0.000230665 0.999991775 4.590315342
0.999992251 -0.000131451 0.003943417 0.035650991 0.000129536 0.999999881 0.000486072 -0.100674845 -0.003943481 -0.000485557 0.999992132 5.714149952
0.999986351 -0.000215853 0.005219071 0.045870919 0.000220286 0.999999762 -0.000848929 -0.122181378 -0.005218885 0.000850067 0.999985993 6.880797863
0.999986589 -0.000404030 0.005146335 0.062567517 0.000409048 0.999999404 -0.000974066 -0.137438938 -0.005145939 0.000976158 0.999986291 7.997016907
0.999985814 -0.001278643 0.005166454 0.064444549 0.001276909 0.999999106 0.000338874 -0.157928169 -0.005166882 -0.000332272 0.999986589 9.140841484
0.999991894 -0.001766404 0.003619443 0.070321590 0.001761326 0.999997437 0.001405739 -0.176722705 -0.003621916 -0.001399353 0.999992490 10.273397446
0.999994576 -0.002996882 0.001383148 0.067924477 0.002995357 0.999994874 0.001103124 -0.202449664 -0.001386447 -0.001098974 0.999998391 11.411944389
0.999996364 -0.002564694 -0.000888568 0.070677027 0.002565047 0.999996662 0.000396423 -0.215316683 0.000887548 -0.000398701 0.999999523 12.570479393
0.999995530 -0.002244705 -0.001954416 0.045164797 0.002245266 0.999997437 0.000284768 -0.235385343 0.001953772 -0.000289155 0.999998093 13.701796532
0.999993503 -0.000440230 -0.003577390 0.067584887 0.000439486 0.999999881 -0.000208888 -0.245529011 0.003577482 0.000207314 0.999993563 14.875592232
0.999993265 -0.000816985 -0.003578489 0.052654848 0.000815472 0.999999523 -0.000424265 -0.260225147 0.003578834 0.000421344 0.999993443 16.033308029
0.999986112 -0.001511509 -0.005060640 0.060877502 0.001511835 0.999998868 0.000060711 -0.282111228 0.005060541 -0.000068361 0.999987185 17.183141708
0.999987066 -0.002304553 -0.004525568 0.033939153 0.002308208 0.999996960 0.000802592 -0.309512585 0.004523704 -0.000813028 0.999989450 18.318820953
0.999983013 -0.002168882 -0.005430402 0.022189230 0.002165650 0.999997497 -0.000600966 -0.324563414 0.005431692 0.000589195 0.999985099 19.460025787
0.999983490 -0.001804576 -0.005459543 0.005235687 0.001800775 0.999998152 -0.000700953 -0.358711004 0.005460797 0.000691110 0.999984801 20.607997894
0.999964654 -0.002403751 -0.008052234 0.013086244 0.002400936 0.999997079 -0.000359272 -0.376873881 0.008053073 0.000339927 0.999967515 21.730234146
0.999967217 -0.001648732 -0.007925626 -0.006390423 0.001646489 0.999998629 -0.000289591 -0.398796111 0.007926092 0.000276532 0.999968529 22.937326431
0.999954820 -0.002350732 -0.009210904 -0.015615702 0.002341834 0.999996781 -0.000976689 -0.418915540 0.009213172 0.000955074 0.999957085 24.085670471
0.999950469 -0.001128422 -0.009888426 -0.032275543 0.001124076 0.999999285 -0.000445079 -0.437385023 0.009888921 0.000433941 0.999951005 25.255893707
0.999940932 -0.002479946 -0.010576331 -0.046991482 0.002494252 0.999995947 0.001339631 -0.455654293 0.010572967 -0.001365932 0.999943137 26.395805359
0.999929428 -0.002041295 -0.011694936 -0.058768541 0.002058282 0.999996781 0.001440621 -0.474463403 0.011691959 -0.001464591 0.999930501 27.590993881
0.999910116 -0.003706604 -0.012885557 -0.059628904 0.003715280 0.999992847 0.000649395 -0.492357880 0.012883056 -0.000697210 0.999916732 28.716770172
0.999888122 -0.004464127 -0.014277892 -0.075043738 0.004457396 0.999989986 -0.000503261 -0.506658554 0.014279995 0.000439562 0.999897957 29.844818115
0.999888957 -0.003452026 -0.014492625 -0.104487598 0.003454387 0.999994040 0.000137841 -0.533288956 0.014492058 -0.000187889 0.999894977 31.019441605
0.999864221 -0.004249930 -0.015921125 -0.115079880 0.004257374 0.999990821 0.000433694 -0.546826422 0.015919136 -0.000501417 0.999873161 32.168922424
0.999856532 -0.004809484 -0.016246997 -0.139376581 0.004823543 0.999987960 0.000826190 -0.571707964 0.016242832 -0.000904439 0.999867678 33.329277039
0.999829650 -0.005582984 -0.017592221 -0.152615219 0.005590520 0.999984324 0.000379232 -0.588505387 0.017589828 -0.000477517 0.999845207 34.446598053
0.999828279 -0.005764592 -0.017613081 -0.184562922 0.005778957 0.999983013 0.000764830 -0.617710650 0.017608376 -0.000866483 0.999844611 35.626964569
0.999812007 -0.006337537 -0.018324785 -0.204659879 0.006368656 0.999978423 0.001640377 -0.638337135 0.018313993 -0.001756773 0.999830723 36.764385223
0.999832451 -0.005508066 -0.017456271 -0.235654742 0.005555097 0.999981046 0.002646903 -0.653761625 0.017441358 -0.002743430 0.999844134 37.954708099
0.999836326 -0.005322579 -0.017300291 -0.266780794 0.005381853 0.999979734 0.003381416 -0.667542934 0.017281946 -0.003473968 0.999844611 39.115982056
0.999833822 -0.004795366 -0.017589197 -0.279733390 0.004849917 0.999983549 0.003060010 -0.690532029 0.017574238 -0.003144809 0.999840617 40.271717072
0.999838054 -0.003983085 -0.017554646 -0.304052263 0.004029654 0.999988496 0.002618279 -0.697066486 0.017544018 -0.002688594 0.999842525 41.447715759
0.999862134 -0.000534438 -0.016594287 -0.341539651 0.000602745 0.999991298 0.004111549 -0.705277324 0.016591946 -0.004120984 0.999853849 42.628787994
0.999876499 -0.001113201 -0.015670700 -0.357452303 0.001230836 0.999971151 0.007499069 -0.724725723 0.015661901 -0.007517431 0.999849081 43.786830902
0.999915898 -0.000188808 -0.012968321 -0.392348617 0.000321537 0.999947548 0.010233515 -0.734614134 0.012965710 -0.010236823 0.999863565 44.947608948
0.999936581 0.000575608 -0.011249047 -0.418145180 -0.000422073 0.999906838 0.013646333 -0.740204990 0.011255854 -0.013640719 0.999843657 46.106296539
0.999949872 -0.000183938 -0.010003724 -0.428333610 0.000332532 0.999889612 0.014854293 -0.744497240 0.009999886 -0.014856876 0.999839604 47.271835327
0.999959707 -0.002092050 -0.008725205 -0.439810127 0.002204648 0.999914110 0.012915255 -0.742680550 0.008697437 -0.012933969 0.999878526 48.414299011
0.999973357 -0.000595570 -0.007275607 -0.453184068 0.000679575 0.999933183 0.011549166 -0.747715354 0.007268240 -0.011553804 0.999906778 49.601398468
0.999979734 -0.000482498 -0.006349965 -0.469562292 0.000551270 0.999941170 0.010833087 -0.751352370 0.006344364 -0.010836367 0.999921083 50.777992249
0.999981523 -0.000588034 -0.006045546 -0.489589393 0.000649615 0.999947906 0.010189221 -0.754059672 0.006039239 -0.010192961 0.999929786 51.933094025
0.999974132 -0.001680032 -0.006992399 -0.499480247 0.001743990 0.999956608 0.009150688 -0.767400026 0.006976724 -0.009162646 0.999933660 53.084499359
0.999958992 -0.000925767 -0.008999064 -0.513608098 0.001010515 0.999955177 0.009417435 -0.768551767 0.008989939 -0.009426145 0.999915183 54.258426666
0.999950469 -0.001461329 -0.009840180 -0.529081047 0.001565457 0.999942720 0.010582454 -0.781677425 0.009824153 -0.010597333 0.999895573 55.411525726
0.999919176 -0.002128435 -0.012537275 -0.526995838 0.002266429 0.999936879 0.011002799 -0.791738391 0.012513067 -0.011030328 0.999860883 56.554443359
0.999925613 -0.000257429 -0.012194901 -0.557424009 0.000387764 0.999942780 0.010686553 -0.797360897 0.012191454 -0.010690489 0.999868453 57.735797882
0.999911487 -0.000342457 -0.013303595 -0.574991047 0.000484734 0.999942660 0.010692834 -0.804754853 0.013299173 -0.010698336 0.999854267 58.872581482
0.999911070 0.000045844 -0.013337662 -0.594479322 0.000087657 0.999949932 0.010008559 -0.809736371 0.013337455 -0.010008837 0.999860942 60.044975281
0.999920011 -0.001162593 -0.012594054 -0.635239840 0.001276180 0.999958575 0.009014797 -0.821320653 0.012583052 -0.009030148 0.999880016 61.184112549
0.999897361 -0.002384202 -0.014122225 -0.627190232 0.002538151 0.999937415 0.010893331 -0.835810781 0.014095367 -0.010928058 0.999840915 62.361034393
0.999895573 -0.002637307 -0.014199758 -0.652116239 0.002811437 0.999920845 0.012256902 -0.841038823 0.014166310 -0.012295542 0.999824047 63.511341095
0.999893963 -0.001577593 -0.014474968 -0.674726188 0.001724779 0.999946833 0.010161491 -0.839660227 0.014458171 -0.010185380 0.999843597 64.702339172
0.999895215 0.000285538 -0.014471831 -0.704120517 -0.000153137 0.999958158 0.009149167 -0.845852315 0.014473837 -0.009145991 0.999853432 65.829292297
0.999889433 0.003058153 -0.014551237 -0.727217555 -0.002929439 0.999956489 0.008858691 -0.847311080 0.014577696 -0.008815086 0.999854803 66.993270874
0.999887705 0.004969531 -0.014139216 -0.756405294 -0.004846478 0.999950290 0.008723922 -0.849947214 0.014181864 -0.008654418 0.999862015 68.149650574
0.999875546 0.006960739 -0.014157367 -0.774949193 -0.006828992 0.999933124 0.009333024 -0.863909304 0.014221385 -0.009235180 0.999856234 69.298545837
0.999890804 0.007646012 -0.012647095 -0.808689952 -0.007517835 0.999920189 0.010151612 -0.873742163 0.012723707 -0.010055427 0.999868512 70.415336609
0.999899924 0.009129568 -0.010806741 -0.824788392 -0.009005374 0.999893427 0.011485577 -0.887276709 0.010910450 -0.011387108 0.999875665 71.573303223
0.999936283 0.007995508 -0.007964217 -0.840416074 -0.007923219 0.999927461 0.009067172 -0.894442260 0.008036136 -0.009003493 0.999927163 72.699264526
0.999969006 0.005313402 -0.005812597 -0.843338013 -0.005290923 0.999978602 0.003875925 -0.908311784 0.005833066 -0.003845050 0.999975562 73.809257507
0.999965489 0.007922809 -0.002499607 -0.866942167 -0.007915772 0.999964714 0.002813271 -0.913145363 0.002521807 -0.002793388 0.999992907 74.910697937
0.999990761 0.004240877 -0.000612711 -0.855811834 -0.004236245 0.999963820 0.007374553 -0.938843310 0.000643963 -0.007371891 0.999972641 76.044479370
0.999985874 0.004125118 0.003345039 -0.859665155 -0.004153271 0.999955595 0.008453410 -0.949558496 -0.003310019 -0.008467183 0.999958634 77.148139954
0.999962449 0.005298510 0.006854657 -0.853408635 -0.005343861 0.999963820 0.006614667 -0.956827462 -0.006819361 -0.006651049 0.999954581 78.258560181
0.999933958 0.004267243 0.010678159 -0.851454735 -0.004303276 0.999985039 0.003353716 -0.968366385 -0.010663688 -0.003399446 0.999937356 79.344161987
0.999899566 0.003315264 0.013780366 -0.827870846 -0.003316652 0.999994516 0.000077898 -0.981297791 -0.013780030 -0.000123595 0.999904990 80.469940186
0.999852896 0.002523426 0.016966656 -0.806020141 -0.002505344 0.999996305 -0.001086913 -1.000459433 -0.016969336 0.001044246 0.999855459 81.539192200
0.999786317 0.002077502 0.020563863 -0.791101933 -0.002103877 0.999996960 0.001261033 -1.028300285 -0.020561183 -0.001304027 0.999787748 82.689720154
0.999686897 0.003161254 0.024820153 -0.779812098 -0.003187321 0.999994457 0.001010729 -1.035319805 -0.024816820 -0.001089522 0.999691427 83.798744202
0.999590218 0.002854167 0.028482260 -0.752593994 -0.002840612 0.999995828 -0.000516373 -1.069366097 -0.028483616 0.000435254 0.999594092 84.910842896
0.999474645 0.003065719 0.032264568 -0.736825943 -0.002982191 0.999992073 -0.002636665 -1.089809299 -0.032272395 0.002539061 0.999475837 86.034141541
0.999397397 0.002390588 0.034627933 -0.681108475 -0.002286079 0.999992728 -0.003057328 -1.111405849 -0.034634992 0.002976324 0.999395609 87.147529602
0.999298155 0.001486733 0.037429184 -0.645166636 -0.001422116 0.999997437 -0.001752948 -1.132886648 -0.037431702 0.001698489 0.999297678 88.243957520
0.999196291 0.000700943 0.040077318 -0.597964287 -0.000688193 0.999999702 -0.000331931 -1.152545094 -0.040077530 0.000304083 0.999196529 89.354904175
0.999108672 -0.000025719 0.042212397 -0.550331593 -0.000022427 0.999999344 0.001140096 -1.167667747 -0.042212397 -0.001140027 0.999108016 90.465560913
0.999003530 -0.001532241 0.044606123 -0.514092445 0.001430335 0.999996364 0.002316405 -1.186370730 -0.044609509 -0.002250294 0.999001980 91.561965942
0.998886466 -0.002622152 0.047106147 -0.452322483 0.002607990 0.999996483 0.000362098 -1.218658686 -0.047106925 -0.000238842 0.998889804 92.717674255
0.998785496 -0.003915398 0.049115766 -0.395024776 0.004099696 0.999984920 -0.003652160 -1.225600243 -0.049100731 0.003849084 0.998786449 93.849838257
0.998677552 -0.003513217 0.051291641 -0.336367607 0.003811981 0.999976277 -0.005728140 -1.258305073 -0.051270295 0.005916088 0.998667300 94.994194031
0.998602450 -0.003509112 0.052733470 -0.280791759 0.003861336 0.999970913 -0.006578928 -1.280813932 -0.052708853 0.006773355 0.998586953 96.126586914
0.998586535 -0.003337410 0.053044938 -0.226335526 0.003651310 0.999976397 -0.005821819 -1.307187319 -0.053024258 0.006007274 0.998575151 97.268394470
0.998652577 -0.002620842 0.051826715 -0.169374943 0.002858297 0.999985754 -0.004508115 -1.321202755 -0.051814154 0.004650178 0.998645902 98.389282227
0.998694658 -0.004214860 0.050904457 -0.105886459 0.004370213 0.999986053 -0.002940941 -1.347890854 -0.050891355 0.003159565 0.998699188 99.579414368
0.998799384 -0.003991020 0.048824400 -0.055834770 0.004106197 0.999988973 -0.002258926 -1.363415599 -0.048814848 0.002456696 0.998804808 100.743331909
0.998903930 -0.003604169 0.046671055 -0.003969193 0.003697973 0.999991298 -0.001923714 -1.379301906 -0.046663720 0.002094192 0.998908460 101.927436829
0.999069452 -0.002844571 0.043039162 0.053996086 0.002919111 0.999994278 -0.001669173 -1.406104922 -0.043034174 0.001793255 0.999072015 103.100357056
0.999230683 -0.001059010 0.039203525 0.092073441 0.001149396 0.999996722 -0.002283099 -1.422616601 -0.039200984 0.002326403 0.999228656 104.258964539
0.999368250 -0.001027767 0.035525780 0.121476650 0.001084032 0.999998212 -0.001564556 -1.445635319 -0.035524104 0.001602079 0.999367535 105.406021118
0.999515057 -0.000638508 0.031134533 0.160943985 0.000658332 0.999999523 -0.000626459 -1.468753457 -0.031134117 0.000646653 0.999515057 106.582946777
0.999642432 -0.000589843 0.026730809 0.192300081 0.000586831 0.999999821 0.000120514 -1.482906342 -0.026730873 -0.000104784 0.999642670 107.795211792
0.999741137 -0.000938010 0.022733124 0.212479591 0.000905923 0.999998510 0.001421698 -1.512612820 -0.022734422 -0.001400735 0.999740541 108.938880920
0.999852717 -0.000837282 0.017143793 0.235277414 0.000817972 0.999998987 0.001133376 -1.523647189 -0.017144725 -0.001119186 0.999852419 110.173545837
0.999930203 0.000143464 0.011813479 0.257773757 -0.000158249 0.999999225 0.001250679 -1.547670960 -0.011813294 -0.001252461 0.999929428 111.348762512
0.999975741 0.000215398 0.006965770 0.261828125 -0.000222026 0.999999583 0.000950815 -1.561893702 -0.006965563 -0.000952339 0.999975264 112.519638062
0.999997556 0.001506537 0.001630909 0.284456879 -0.001506972 0.999998808 0.000265978 -1.583665252 -0.001630506 -0.000268435 0.999998629 113.737686157
0.999992132 0.003797489 -0.001141343 0.259113193 -0.003797203 0.999992788 0.000252805 -1.610396624 0.001142295 -0.000248469 0.999999285 114.883522034
0.999976456 0.006024282 -0.003272713 0.244971514 -0.006023171 0.999981821 0.000349239 -1.627100825 0.003274757 -0.000329519 0.999994576 116.069335938
0.999967337 0.006786790 -0.004397475 0.234579206 -0.006784644 0.999976873 0.000502452 -1.651068449 0.004400782 -0.000472600 0.999990284 117.288803101
0.999947369 0.008742624 -0.005366876 0.223593295 -0.008740590 0.999961734 0.000402802 -1.667699218 0.005370192 -0.000355871 0.999985516 118.483528137
0.999929845 0.009827958 -0.006616949 0.217290938 -0.009822996 0.999951482 0.000782317 -1.677008390 0.006624317 -0.000717264 0.999977827 119.673278809
0.999921679 0.009605454 -0.008027799 0.224301994 -0.009594535 0.999952972 0.001397510 -1.698054075 0.008040846 -0.001320378 0.999966800 120.920837402
0.999876201 0.013885750 -0.007394200 0.169489801 -0.013859995 0.999897718 0.003523157 -1.717535257 0.007442367 -0.003420237 0.999966443 122.112342834
0.999850154 0.015049400 -0.008555513 0.151372313 -0.014992238 0.999865115 0.006706587 -1.729376197 0.008655288 -0.006577316 0.999940932 123.315582275
0.999870718 0.013341610 -0.008973751 0.143932700 -0.013290658 0.999895334 0.005713686 -1.733575344 0.009049043 -0.005593681 0.999943376 124.582122803
0.999863088 0.013769080 -0.009176427 0.120257735 -0.013728246 0.999895632 0.004498073 -1.752902508 0.009237403 -0.004371481 0.999947786 125.773948669
0.999892592 0.010948407 -0.009740301 0.097559810 -0.010897452 0.999926686 0.005269093 -1.757898808 0.009797278 -0.005162382 0.999938667 126.988517761
0.999892652 0.008721852 -0.011771747 0.100643635 -0.008637121 0.999936581 0.007229438 -1.774031639 0.011834053 -0.007126988 0.999904513 128.200027466
0.999928415 0.005069113 -0.010831296 0.081147313 -0.004968059 0.999944031 0.009336405 -1.787908316 0.010878017 -0.009281927 0.999897718 129.438034058
0.999938369 0.003550907 -0.010518968 0.053642035 -0.003443341 0.999941766 0.010226374 -1.793115854 0.010554668 -0.010189525 0.999892354 130.656280518
0.999939978 -0.000854298 -0.010923554 0.046448946 0.000946724 0.999963760 0.008458824 -1.806340337 0.010915932 -0.008468658 0.999904573 131.878967285
0.999934614 -0.003901968 -0.010746383 0.033978343 0.003984599 0.999962568 0.007678633 -1.817988753 0.010716019 -0.007720952 0.999912798 133.096969604
0.999927461 -0.004408218 -0.011210888 0.034355640 0.004489149 0.999963999 0.007204159 -1.826184511 0.011178724 -0.007253964 0.999911189 134.337982178
0.999931991 -0.004907545 -0.010579068 0.007544398 0.004986359 0.999959826 0.007436641 -1.833928823 0.010542150 -0.007488887 0.999916375 135.563476562
0.999940574 -0.003806841 -0.010216040 0.000915885 0.003902873 0.999948204 0.009396714 -1.846916199 0.010179739 -0.009436029 0.999903679 136.814331055
0.999957561 -0.001192288 -0.009133388 -0.024950624 0.001293796 0.999937296 0.011116138 -1.856733441 0.009119562 -0.011127482 0.999896467 138.035644531
0.999964476 -0.001112964 -0.008354256 -0.044365883 0.001190346 0.999956310 0.009263291 -1.866555929 0.008343582 -0.009272906 0.999922216 139.288070679
0.999975204 -0.000960079 -0.006977305 -0.075875342 0.001014142 0.999969482 0.007749104 -1.878370404 0.006969652 -0.007755989 0.999945641 140.521408081
0.999972582 -0.000811927 -0.007356324 -0.069183230 0.000847642 0.999987841 0.004853126 -1.887724161 0.007352294 -0.004859228 0.999961078 141.758041382
0.999977350 -0.002000976 -0.006431571 -0.085267425 0.002006726 0.999997616 0.000887685 -1.905945063 0.006429779 -0.000900570 0.999978900 142.981292725
0.999978364 -0.001581644 -0.006387554 -0.093251705 0.001565229 0.999995470 -0.002573932 -1.929058790 0.006391596 0.002563879 0.999976277 144.201965332
0.999981582 -0.001785184 -0.005807288 -0.114692926 0.001764567 0.999992192 -0.003553438 -1.947216988 0.005813586 0.003543126 0.999976754 145.423141479
0.999978364 -0.001997937 -0.006260804 -0.114715457 0.001975417 0.999991477 -0.003601086 -1.972133875 0.006267946 0.003588640 0.999973834 146.672073364
0.999980092 -0.001430535 -0.006145967 -0.133119404 0.001412698 0.999994755 -0.002905655 -1.998899698 0.006150092 0.002896914 0.999976873 147.889358521
0.999980986 -0.000851925 -0.006111050 -0.152547002 0.000839819 0.999997616 -0.001983216 -2.019730806 0.006112726 0.001978046 0.999979377 149.123764038
0.999979734 -0.000264432 -0.006363440 -0.169274867 0.000254438 0.999998689 -0.001571395 -2.043672562 0.006363849 0.001569744 0.999978542 150.329711914
0.999974370 0.000082797 -0.007146661 -0.174228311 -0.000097260 0.999997973 -0.002023438 -2.063881874 0.007146476 0.002024082 0.999972343 151.578201294
0.999965191 0.000997233 -0.008279785 -0.186361909 -0.001013229 0.999997675 -0.001928018 -2.081143141 0.008277842 0.001936340 0.999963820 152.788024902
0.999962866 0.000368618 -0.008610361 -0.206111550 -0.000373437 0.999999762 -0.000558117 -2.105734348 0.008610154 0.000561312 0.999962747 154.018783569
0.999956489 0.000875083 -0.009286253 -0.224321127 -0.000880159 0.999999464 -0.000542510 -2.122302532 0.009285772 0.000550659 0.999956727 155.210311890
0.999948502 0.002048657 -0.009942190 -0.229007721 -0.002058542 0.999997377 -0.000984107 -2.151376009 0.009940150 0.001004523 0.999950051 156.506423950
0.999937356 0.002939020 -0.010807784 -0.251036286 -0.002965568 0.999992609 -0.002441143 -2.168502092 0.010800531 0.002473040 0.999938667 157.717666626
0.999934852 0.003563112 -0.010844311 -0.282440305 -0.003589904 0.999990523 -0.002451998 -2.190527678 0.010835468 0.002490769 0.999938190 158.994934082
0.999926746 0.003199394 -0.011671499 -0.298499107 -0.003244542 0.999987304 -0.003851270 -2.206470728 0.011659029 0.003888856 0.999924421 160.233840942
0.999909878 0.002919101 -0.013102191 -0.299778342 -0.002982351 0.999983966 -0.004810478 -2.232203007 0.013087940 0.004849119 0.999902606 161.463439941
0.999900758 0.003629754 -0.013610907 -0.325504184 -0.003699264 0.999980211 -0.005085318 -2.247375011 0.013592181 0.005135165 0.999894440 162.680282593
0.999879599 0.003612326 -0.015090097 -0.343482971 -0.003665468 0.999987125 -0.003495514 -2.281546831 0.015077276 0.003550406 0.999880016 163.884613037
0.999875247 0.004992875 -0.014986467 -0.376813173 -0.005028520 0.999984622 -0.002341793 -2.313097239 0.014974543 0.002416861 0.999884903 165.105804443
0.999858916 0.005825670 -0.015753174 -0.408403397 -0.005853502 0.999981463 -0.001721274 -2.338471889 0.015742853 0.001813243 0.999874473 166.315246582
0.999847889 0.005543290 -0.016535953 -0.421658039 -0.005576742 0.999982476 -0.001977618 -2.356579542 0.016524700 0.002069534 0.999861300 167.544097900
0.999845147 0.006570370 -0.016323937 -0.462682009 -0.006616188 0.999974310 -0.002754313 -2.382257938 0.016305421 0.002861889 0.999862909 168.745834351
0.999821544 0.006920230 -0.017573616 -0.465942621 -0.006976164 0.999970794 -0.003123570 -2.408816099 0.017551485 0.003245610 0.999840617 170.060455322
0.999816000 0.006838601 -0.017920887 -0.501229286 -0.006889820 0.999972343 -0.002797887 -2.434732914 0.017901253 0.002920844 0.999835491 171.223556519
0.999810934 0.006537645 -0.018312210 -0.525034904 -0.006611398 0.999970257 -0.003969972 -2.456974506 0.018285710 0.004090291 0.999824405 172.437011719
0.999812365 0.005371519 -0.018611411 -0.543483019 -0.005479511 0.999968410 -0.005756339 -2.480790138 0.018579902 0.005857240 0.999810219 173.658111572
0.999830604 0.002910882 -0.018169060 -0.577631235 -0.003020785 0.999977291 -0.006024396 -2.501736641 0.018151110 0.006078261 0.999816716 174.864852905
0.999813735 0.002399023 -0.019147851 -0.592123985 -0.002434117 0.999995410 -0.001809687 -2.539076805 0.019143419 0.001855958 0.999815166 176.100204468
0.999818504 0.000751777 -0.019037049 -0.619958401 -0.000695894 0.999995410 0.002941958 -2.566790581 0.019039175 -0.002928176 0.999814451 177.300903320
0.999808431 0.001747213 -0.019496012 -0.634768009 -0.001712543 0.999996901 0.001794859 -2.581428289 0.019499090 -0.001761127 0.999808252 178.502578735
0.999800742 0.002823632 -0.019764718 -0.664147377 -0.002853276 0.999994814 -0.001471819 -2.603494406 0.019760456 0.001527920 0.999803543 179.664230347
0.999798477 0.003915876 -0.019690009 -0.702101469 -0.003973364 0.999987960 -0.002881401 -2.627544641 0.019678488 0.002959055 0.999801993 180.860656738
0.999795556 0.002965921 -0.020004738 -0.713801384 -0.003018962 0.999992013 -0.002621761 -2.653429508 0.019996801 0.002681618 0.999796510 182.036376953
0.999792635 0.003763793 -0.020013606 -0.745687723 -0.003792120 0.999991834 -0.001377658 -2.678335905 0.020008262 0.001453266 0.999798775 183.266052246
0.999800682 0.003763153 -0.019610515 -0.777364969 -0.003756630 0.999992788 0.000369453 -2.696043968 0.019611765 -0.000295711 0.999807715 184.477020264
0.999811888 0.003174450 -0.019133005 -0.790123224 -0.003149130 0.999994040 0.001353388 -2.721083164 0.019137185 -0.001292881 0.999816060 185.638259888
0.999845147 0.003438825 -0.017249400 -0.825385809 -0.003427847 0.999993801 0.000665983 -2.737279892 0.017251585 -0.000606752 0.999851048 186.819610596
0.999862671 0.002098628 -0.016439494 -0.840273857 -0.002112091 0.999997377 -0.000801631 -2.763378620 0.016437765 0.000836243 0.999864519 188.009979248
0.999885619 0.001529931 -0.015047352 -0.867901444 -0.001563220 0.999996305 -0.002200819 -2.784951210 0.015043927 0.002224090 0.999884307 189.185409546
0.999906301 0.001178683 -0.013634921 -0.899622440 -0.001218204 0.999995053 -0.002890623 -2.813331604 0.013631447 0.002906962 0.999902844 190.370193481
0.999925673 0.001477663 -0.012098018 -0.924683690 -0.001504941 0.999996305 -0.002246021 -2.837264299 0.012094654 0.002264061 0.999924242 191.546112061
0.999936581 0.000966157 -0.011221262 -0.930461645 -0.000969532 0.999999464 -0.000295271 -2.862128019 0.011220970 0.000306131 0.999936998 192.696594238
0.999951303 0.001547873 -0.009744184 -0.953864515 -0.001551541 0.999998808 -0.000368839 -2.880936384 0.009743599 0.000383940 0.999952435 193.869720459
0.999960780 0.001915995 -0.008647811 -0.968643606 -0.001916386 0.999998152 -0.000037044 -2.903350592 0.008647724 0.000053615 0.999962628 195.036941528
0.999961615 0.002017253 -0.008520827 -0.971361220 -0.002017702 0.999997973 -0.000044089 -2.926805258 0.008520721 0.000061280 0.999963641 196.182449341
0.999975860 0.001870220 -0.006690241 -0.986805797 -0.001867950 0.999998212 0.000345549 -2.950245380 0.006690876 -0.000333044 0.999977589 197.350219727
0.999980092 0.002304932 -0.005881887 -1.000163794 -0.002303946 0.999997377 0.000174350 -2.969964027 0.005882274 -0.000160795 0.999982715 198.478240967
0.999985814 0.001775609 -0.005023767 -1.009104371 -0.001774219 0.999998391 0.000281208 -2.995871067 0.005024259 -0.000272290 0.999987364 199.629928589
0.999990463 0.001029142 -0.004246238 -1.022860408 -0.001028327 0.999999464 0.000194069 -3.016813278 0.004246435 -0.000189700 0.999990940 200.722396851
0.999992192 0.001017572 -0.003812440 -1.037880659 -0.001014838 0.999999166 0.000718989 -3.033231974 0.003813167 -0.000715114 0.999992430 201.830429077
0.999992609 0.000253968 -0.003822358 -1.047553182 -0.000246617 0.999998093 0.001923292 -3.061660290 0.003822839 -0.001922335 0.999990821 202.888381958
0.999986529 0.000283968 -0.005179817 -1.040892363 -0.000272594 0.999997556 0.002196420 -3.084059954 0.005180428 -0.002194979 0.999984145 203.983673096
0.999983311 0.000167249 -0.005777196 -1.044993639 -0.000161545 0.999999583 0.000987807 -3.105458736 0.005777358 -0.000986858 0.999982774 205.058990479
0.999977112 0.001303082 -0.006633239 -1.048511744 -0.001301051 0.999999106 0.000310470 -3.123243809 0.006633637 -0.000301832 0.999977946 206.077636719
0.999973595 0.000843684 -0.007220283 -1.061130404 -0.000842066 0.999999583 0.000227188 -3.144251347 0.007220472 -0.000221102 0.999973893 207.096939087
0.999963164 -0.000109678 -0.008584908 -1.072566509 0.000109760 0.999999940 0.000009149 -3.165571451 0.008584907 -0.000010091 0.999963164 208.124145508
0.999947011 -0.000819022 -0.010264826 -1.086591005 0.000830937 0.999998987 0.001156525 -3.190099478 0.010263868 -0.001164993 0.999946654 209.132064819
0.999933302 -0.001632703 -0.011434763 -1.116697431 0.001661078 0.999995589 0.002472379 -3.203054190 0.011430675 -0.002491208 0.999931514 210.121276855
0.999902427 -0.001224248 -0.013914988 -1.129498124 0.001282279 0.999990463 0.004162228 -3.227925777 0.013909761 -0.004179664 0.999894500 211.129760742
0.999861538 -0.000574001 -0.016625971 -1.149675131 0.000642947 0.999991238 0.004141843 -3.243916035 0.016623449 -0.004151959 0.999853134 212.094650269
0.999819398 -0.000321383 -0.019001072 -1.170553446 0.000394606 0.999992609 0.003850027 -3.265154839 0.018999696 -0.003856830 0.999811947 213.054641724
0.999752462 -0.000428647 -0.022244610 -1.190510988 0.000519925 0.999991477 0.004097767 -3.281092167 0.022242662 -0.004108320 0.999744117 213.962112427
0.999685526 -0.000267000 -0.025074337 -1.212105274 0.000379436 0.999989867 0.004479467 -3.297277451 0.025072882 -0.004487572 0.999675572 214.877761841
0.999613822 0.000135309 -0.027786775 -1.242780209 -0.000014697 0.999990642 0.004340788 -3.315882921 0.027787097 -0.004338705 0.999604464 215.746261597
0.999529302 0.000808775 -0.030666392 -1.281057358 -0.000691038 0.999992371 0.003849685 -3.330703259 0.030669270 -0.003826682 0.999522209 216.631118774
0.999416173 0.000050527 -0.034166574 -1.321640015 0.000062549 0.999994516 0.003308458 -3.352256775 0.034166560 -0.003308664 0.999410689 217.465438843
0.999291062 0.001363173 -0.037624057 -1.349786758 -0.001254447 0.999994874 0.002913253 -3.365695715 0.037627835 -0.002863990 0.999287784 218.292953491
0.999187410 0.001238507 -0.040286440 -1.391882420 -0.001125316 0.999995291 0.002832229 -3.392403603 0.040289760 -0.002784593 0.999184191 219.077026367
0.999086499 0.003512941 -0.042588457 -1.428061962 -0.003424875 0.999991834 0.002140638 -3.399727106 0.042595636 -0.001992822 0.999090433 219.861373901
0.999043405 0.004079695 -0.043536771 -1.457401276 -0.003963385 0.999988317 0.002757516 -3.413811445 0.043547511 -0.002582326 0.999048054 220.628570557
0.999099135 0.004112994 -0.042238262 -1.508285046 -0.003970299 0.999986112 0.003461647 -3.429070711 0.042251915 -0.003290831 0.999101579 221.361328125
0.999101818 0.005123776 -0.042061176 -1.547369003 -0.004951221 0.999978900 0.004205629 -3.436867237 0.042081825 -0.003993597 0.999106228 222.106857300
0.999069273 0.004106536 -0.042938542 -1.557435036 -0.003950952 0.999985337 0.003707614 -3.453860283 0.042953137 -0.003534515 0.999070823 222.796569824
0.999065816 0.004629062 -0.042967241 -1.578949928 -0.004549701 0.999987781 0.001944605 -3.468139410 0.042975727 -0.001747301 0.999074519 223.498596191
0.999078393 0.004467173 -0.042689018 -1.603558540 -0.004484965 0.999989927 -0.000321007 -3.476153851 0.042687163 0.000512171 0.999088287 224.213195801
0.999159634 0.004565148 -0.040730361 -1.644224644 -0.004646820 0.999987364 -0.001910760 -3.492477417 0.040721130 0.002098421 0.999168336 224.875701904
0.999178350 0.005323108 -0.040180720 -1.654836655 -0.005422526 0.999982476 -0.002365673 -3.506275654 0.040167421 0.002581611 0.999189615 225.570053101
0.999303997 0.004791701 -0.036994405 -1.706321716 -0.004886153 0.999985099 -0.002463159 -3.522791386 0.036982041 0.002642206 0.999312401 226.239303589
0.999366641 0.005479602 -0.035161201 -1.726911068 -0.005568232 0.999981582 -0.002423264 -3.540061951 0.035147272 0.002617516 0.999378681 226.908126831
0.999420345 0.004282936 -0.033771269 -1.746413231 -0.004387059 0.999985814 -0.003009655 -3.547495365 0.033757899 0.003156067 0.999424994 227.609069824
0.999483407 0.004126425 -0.031874087 -1.759080887 -0.004230187 0.999985993 -0.003188646 -3.563178301 0.031860478 0.003321833 0.999486804 228.292282104
0.999594152 0.004160746 -0.028182080 -1.798708439 -0.004256503 0.999985397 -0.003338631 -3.569457531 0.028167773 0.003457233 0.999597311 228.973602295
0.999676347 0.002931695 -0.025270507 -1.809872627 -0.002986487 0.999993384 -0.002130743 -3.592184067 0.025264088 0.002205523 0.999678373 229.657424927
0.999714971 0.002359070 -0.023757914 -1.799783945 -0.002390609 0.999996305 -0.001299197 -3.613908529 0.023754764 0.001355623 0.999716818 230.285736084
0.999780476 0.002118612 -0.020845108 -1.809702158 -0.002152688 0.999996364 -0.001612385 -3.622791767 0.020841617 0.001656904 0.999781370 230.973129272
0.999838769 0.002016509 -0.017842507 -1.828410149 -0.002049775 0.999996126 -0.001846313 -3.638368607 0.017838715 0.001882588 0.999839067 231.584381104
0.999887824 0.001946181 -0.014848562 -1.837553620 -0.001978155 0.999995768 -0.002138956 -3.650551319 0.014844337 0.002168089 0.999887526 232.267761230
0.999927640 0.002705761 -0.011712128 -1.844210625 -0.002738426 0.999992371 -0.002773921 -3.667818308 0.011704532 0.002805793 0.999927580 232.902709961
0.999954879 0.002612972 -0.009135239 -1.845046282 -0.002647000 0.999989569 -0.003714859 -3.676374197 0.009125437 0.003738871 0.999951363 233.551239014
0.999976933 0.003366529 -0.005901579 -1.851651549 -0.003385016 0.999989331 -0.003125250 -3.688534021 0.005890996 0.003145155 0.999977708 234.245300293
0.999989271 0.003229651 -0.003330845 -1.851387262 -0.003238315 0.999991417 -0.002599220 -3.697509766 0.003322422 0.002609978 0.999991119 234.862991333
0.999994457 0.002954027 -0.001539680 -1.839158654 -0.002957442 0.999993086 -0.002221074 -3.717199802 0.001533109 0.002225615 0.999996305 235.498153687
0.999993920 0.003454382 0.000426662 -1.831669807 -0.003452627 0.999985814 -0.004046181 -3.730860949 -0.000440633 0.004044684 0.999991715 236.192550659
0.999987721 0.003956651 0.002971658 -1.849838972 -0.003937158 0.999970794 -0.006537541 -3.739763260 -0.002997438 0.006525762 0.999974191 236.765945435
0.999989629 0.003010684 0.003412236 -1.832385302 -0.002982243 0.999961019 -0.008309931 -3.751374483 -0.003437122 0.008299670 0.999959648 237.452026367
0.999991179 0.002883254 0.003063941 -1.820503712 -0.002856188 0.999957144 -0.008801581 -3.768073559 -0.003089187 0.008792751 0.999956489 238.123886108
0.999992907 0.001319675 0.003534538 -1.825429678 -0.001288503 0.999960363 -0.008807147 -3.788637638 -0.003546021 0.008802528 0.999954998 238.798873901
0.999993265 0.001902985 0.003131829 -1.813292503 -0.001875188 0.999959052 -0.008854491 -3.807199001 -0.003148551 0.008848558 0.999955893 239.494827271
0.999991238 0.002742812 0.003166898 -1.799834251 -0.002712938 0.999952257 -0.009399387 -3.824545622 -0.003192527 0.009390711 0.999950767 240.184814453
0.999994159 0.001536031 0.003098241 -1.787944436 -0.001500672 0.999934077 -0.011382950 -3.840482235 -0.003115522 0.011378235 0.999930441 240.910064697
0.999992251 -0.002104331 0.003337739 -1.775278568 0.002151230 0.999898136 -0.014110187 -3.848934889 -0.003307706 0.014117258 0.999894917 241.651458740
0.999976397 -0.005627062 0.003944963 -1.779728889 0.005683498 0.999879539 -0.014443545 -3.877277851 -0.003863212 0.014465626 0.999887824 242.340896606
0.999985874 -0.003167237 0.004271872 -1.769947410 0.003212310 0.999938846 -0.010585949 -3.891656876 -0.004238083 0.010599522 0.999934793 243.085830688
0.999987245 0.001061935 0.004932553 -1.781173348 -0.001040673 0.999990225 -0.004311190 -3.905648947 -0.004937082 0.004306003 0.999978483 243.849197388
0.999983549 -0.000464309 0.005713950 -1.781581044 0.000466512 0.999999940 -0.000384212 -3.937320709 -0.005713771 0.000386871 0.999983609 244.592041016
0.999973118 -0.001200960 0.007225801 -1.760014772 0.001220906 0.999995470 -0.002756616 -3.947324991 -0.007222457 0.002765364 0.999970138 245.360046387
0.999936461 -0.000655784 0.011251261 -1.749097109 0.000761019 0.999955952 -0.009351406 -3.958479643 -0.011244632 0.009359376 0.999893010 246.107406616
0.999864817 0.002584642 0.016234739 -1.780362606 -0.002374451 0.999913275 -0.012952961 -3.967404842 -0.016266808 0.012912662 0.999784291 246.875930786
0.999811292 0.004506730 0.018895842 -1.762573719 -0.004260409 0.999905586 -0.013055773 -3.980802059 -0.018952902 0.012972806 0.999736249 247.668685913
0.999754965 0.002480199 0.021996973 -1.736600876 -0.002251402 0.999943197 -0.010419962 -4.002955914 -0.022021564 0.010367885 0.999703765 248.466262817
0.999692678 -0.000628032 0.024782259 -1.709522247 0.000797341 0.999976397 -0.006822560 -4.032914162 -0.024777392 0.006840225 0.999669611 249.264038086
0.999617159 -0.002974199 0.027506508 -1.677781582 0.003126099 0.999980032 -0.005480997 -4.047409058 -0.027489653 0.005564888 0.999606669 250.070999146
0.999522448 -0.003083136 0.030745978 -1.668204308 0.003230492 0.999983549 -0.004744174 -4.071851254 -0.030730844 0.004841233 0.999515891 250.873794556
0.999419689 -0.000482231 0.034059223 -1.664086342 0.000710123 0.999977469 -0.006679271 -4.089710712 -0.034055240 0.006699582 0.999397516 251.671447754
0.999366224 0.000314725 0.035596035 -1.623318672 0.000016573 0.999956787 -0.009306490 -4.102309227 -0.035597421 0.009301183 0.999322951 252.481002808
0.999275446 -0.000330366 0.038058870 -1.584018707 0.000675102 0.999958932 -0.009045470 -4.129182816 -0.038054321 0.009064611 0.999234557 253.301254272
0.999154210 0.001488821 0.041093323 -1.559029579 -0.001205954 0.999975383 -0.006907464 -4.145902634 -0.041102599 0.006852065 0.999131382 254.119201660
0.999018073 0.002766822 0.044217348 -1.526472092 -0.002525805 0.999981642 -0.005505672 -4.162686825 -0.044231772 0.005388582 0.999006808 254.932708740
0.998891652 0.003413503 0.046944886 -1.487400055 -0.003136767 0.999977291 -0.005967314 -4.179213047 -0.046964187 0.005813445 0.998879671 255.763122559
0.998739719 0.003379118 0.050075177 -1.461940765 -0.003087707 0.999977827 -0.005895678 -4.200109005 -0.050093986 0.005733631 0.998728037 256.540985107
0.998621464 0.001848357 0.052456658 -1.413673401 -0.001521461 0.999979138 -0.006270979 -4.215603352 -0.052467156 0.006182524 0.998603523 257.360046387
0.998531759 -0.000887141 0.054160088 -1.373579979 0.001203289 0.999982297 -0.005804964 -4.229349136 -0.054153990 0.005861612 0.998515368 258.163879395
0.998483479 -0.001605169 0.055028439 -1.325096130 0.001930869 0.999980927 -0.005866101 -4.248734951 -0.055017974 0.005963457 0.998467565 258.991119385
0.998468876 -0.002293732 0.055269223 -1.272811890 0.002631861 0.999978185 -0.006045836 -4.264980793 -0.055254158 0.006182041 0.998453200 259.813293457
0.998427331 -0.001998536 0.056026787 -1.244039536 0.002351328 0.999977827 -0.006231639 -4.278380394 -0.056013085 0.006353576 0.998409867 260.641998291
0.998463631 -0.002382682 0.055359628 -1.185314178 0.002663399 0.999983847 -0.004997565 -4.307744980 -0.055346835 0.005137332 0.998453915 261.449676514
0.998444498 -0.001877011 0.055722877 -1.161420822 0.002126737 0.999987960 -0.004422624 -4.327369690 -0.055713903 0.004534252 0.998436451 262.275512695
0.998524725 -0.002202884 0.054253407 -1.112037659 0.002487165 0.999983490 -0.005172916 -4.344954491 -0.054241113 0.005300222 0.998513699 263.090637207
0.998608649 -0.002335680 0.052681349 -1.070147514 0.002659977 0.999977946 -0.006086538 -4.362867355 -0.052665979 0.006218201 0.998592854 263.942749023
0.998714685 -0.001155196 0.050671712 -1.018776894 0.001513319 0.999974132 -0.007029700 -4.379205227 -0.050662287 0.007097348 0.998690665 264.759368896
0.998786390 -0.000793196 0.049244862 -0.988480568 0.001137310 0.999975145 -0.006960188 -4.405734062 -0.049238116 0.007007746 0.998762488 265.583770752
0.998912513 0.000931613 0.046616279 -0.942426682 -0.000578741 0.999971092 -0.007582645 -4.419612885 -0.046622001 0.007547421 0.998884082 266.408233643
0.999006271 0.001013766 0.044559065 -0.910238266 -0.000736756 0.999980330 -0.006232664 -4.451838493 -0.044564508 0.006193640 0.998987317 267.236572266
0.999108791 0.001353571 0.042187840 -0.888293266 -0.001133137 0.999985576 -0.005248537 -4.463156700 -0.042194337 0.005196054 0.999095917 268.071716309
0.999296069 -0.000208388 0.037515361 -0.845826149 0.000333681 0.999994397 -0.003333566 -4.475328445 -0.037514459 0.003343736 0.999290586 268.892852783
0.999482870 -0.001236393 0.032131046 -0.818122864 0.001280347 0.999998271 -0.001347429 -4.499786377 -0.032129325 0.001387871 0.999482691 269.698699951
0.999597967 -0.001460799 0.028316615 -0.805541515 0.001459817 0.999998927 0.000055374 -4.515548229 -0.028316665 -0.000014014 0.999598980 270.484436035
0.999725819 -0.001786097 0.023349864 -0.786205292 0.001774290 0.999998271 0.000526381 -4.528157711 -0.023350764 -0.000484807 0.999727190 271.275146484
0.999820769 -0.002931738 0.018700279 -0.773976326 0.002905988 0.999994814 0.001404080 -4.545401096 -0.018704295 -0.001349486 0.999824107 272.063262939
0.999901831 -0.003780105 0.013486633 -0.753641844 0.003763445 0.999992132 0.001260444 -4.555885315 -0.013491292 -0.001209564 0.999908209 272.837402344
0.999943674 -0.004616861 0.009549918 -0.749528408 0.004603723 0.999988437 0.001397275 -4.575422764 -0.009556257 -0.001353231 0.999953449 273.577636719
0.999975979 -0.004145375 0.005538793 -0.744382977 0.004139711 0.999990880 0.001033775 -4.586028576 -0.005543028 -0.001010821 0.999984145 274.307067871
