1 -1.22322e-18 -1.71789e-20 0 7.5476e-19 1 6.23824e-19 0 -2.14909e-19 -9.89981e-19 1 0
0.99998 0.000449555 -0.00633919 -0.00903664 -0.000447921 1 0.000259218 -0.000703273 0.0063393 -0.000256374 0.99998 0.0891982
0.999913 0.0013555 -0.0130899 -0.0212154 -0.00135265 0.999999 0.000226721 -0.00155661 0.0130901 -0.000208996 0.999914 0.180734
0.999796 0.00126733 -0.0201681 -0.0329582 -0.00127234 0.999999 -0.000235805 -0.00217075 0.0201677 0.000261417 0.999797 0.268911
0.999576 0.00151514 -0.0290791 -0.0483298 -0.00155283 0.999998 -0.00127373 -0.00521145 0.0290771 0.00131834 0.999576 0.37867
0.999184 0.00154278 -0.0403601 -0.067228 -0.00165852 0.999995 -0.00283445 -0.00641534 0.0403555 0.00289908 0.999181 0.492637
0.998573 0.00168012 -0.0533835 -0.0911216 -0.00188291 0.999991 -0.00374866 -0.00710382 0.0533767 0.00384383 0.998567 0.620028
0.997567 0.00152805 -0.0696966 -0.119318 -0.00179188 0.999991 -0.00372311 -0.00894082 0.0696904 0.00383894 0.997561 0.757161
0.996118 0.000342381 -0.0880248 -0.150564 -0.000677267 0.999993 -0.00377461 -0.00682342 0.0880228 0.00381957 0.996111 0.901567
0.994166 -0.000579015 -0.107862 -0.187541 0.000186073 0.999993 -0.00365303 -0.0112294 0.107864 0.00361165 0.994159 1.05894
0.991525 -0.000688129 -0.129912 -0.232131 0.000171812 0.999992 -0.00398551 -0.017757 0.129914 0.00392941 0.991517 1.22383
0.988016 0.00262338 -0.154331 -0.289565 -0.00343867 0.999982 -0.00501607 -0.0274191 0.154315 0.00548665 0.988007 1.39239
0.98368 0.00663129 -0.179804 -0.358609 -0.00796277 0.999946 -0.00668442 -0.0313217 0.17975 0.00800707 0.98368 1.56526
0.978286 0.00968419 -0.207033 -0.430227 -0.0114925 0.999906 -0.00753361 -0.0375963 0.206941 0.00974936 0.978305 1.74421
0.971533 0.010969 -0.23665 -0.512986 -0.0131329 0.999885 -0.00756931 -0.0411028 0.23654 0.0104617 0.971565 1.9365
0.963518 0.0126458 -0.267344 -0.596902 -0.0150436 0.999863 -0.00692256 -0.0461088 0.26722 0.0106918 0.963576 2.11219
0.95415 0.0146863 -0.298969 -0.698248 -0.0172238 0.999835 -0.00585408 -0.0484617 0.298834 0.0107351 0.954245 2.30263
0.942801 0.0165716 -0.332945 -0.805005 -0.0191795 0.999806 -0.00454764 -0.0538988 0.332804 0.0106732 0.942935 2.48558
0.930269 0.0191123 -0.366381 -0.912589 -0.0220886 0.999748 -0.00393255 -0.0567686 0.366213 0.0117512 0.930457 2.66466
0.916559 0.0218659 -0.399302 -1.04283 -0.0252902 0.999675 -0.00330853 -0.0576412 0.3991 0.0131309 0.916813 2.85739
0.900434 0.0228089 -0.434394 -1.17569 -0.0264231 0.999648 -0.00228224 -0.0569171 0.434189 0.0135331 0.90072 3.03783
0.881807 0.0190183 -0.471227 -1.30319 -0.0230755 0.99973 -0.00283303 -0.0545308 0.471045 0.013372 0.882008 3.21143
0.860322 0.0154725 -0.509517 -1.44785 -0.0196414 0.999803 -0.00280359 -0.0611404 0.509373 0.0124196 0.860456 3.39357
0.835393 0.0166045 -0.549402 -1.61851 -0.0197049 0.999806 0.000254789 -0.0693335 0.5493 0.010613 0.835558 3.56689
0.806642 0.021936 -0.590633 -1.81867 -0.0242318 0.999698 0.00403458 -0.0686608 0.590544 0.0110577 0.80693 3.73454
0.773987 0.0253131 -0.632695 -2.02149 -0.0273513 0.999605 0.00653314 -0.0742214 0.63261 0.0122485 0.774374 3.88968
0.737875 0.0246659 -0.674486 -2.22573 -0.0270078 0.999611 0.00700969 -0.069112 0.674397 0.0130441 0.738254 4.03718
0.696994 0.0215753 -0.716752 -2.45024 -0.0224043 0.999714 0.00830623 -0.0713004 0.716727 0.0102689 0.697278 4.19851
0.655964 0.0192479 -0.754547 -2.6951 -0.0180095 0.999789 0.00984734 -0.075077 0.754578 0.00712949 0.656172 4.34241
0.611107 0.0187768 -0.791325 -2.94224 -0.0152829 0.999812 0.0119215 -0.0757938 0.7914 0.00480846 0.611279 4.46695
0.563947 0.0193687 -0.825584 -3.22818 -0.0131441 0.999809 0.0144776 -0.0711035 0.825707 0.00268698 0.564093 4.59428
0.514392 0.020458 -0.857311 -3.52605 -0.0118351 0.99979 0.0167568 -0.070377 0.857474 0.00152677 0.514526 4.70293
0.461412 0.0221145 -0.88691 -3.81488 -0.0107506 0.999755 0.0193352 -0.0664615 0.887121 0.000613324 0.461537 4.79315
0.406749 0.0244161 -0.913214 -4.15321 -0.00977591 0.999702 0.0223743 -0.0616323 0.913488 -0.000173229 0.406866 4.88158
0.351473 0.0267568 -0.935816 -4.47889 -0.00875046 0.999642 0.0252953 -0.0612921 0.936157 -0.000701781 0.351581 4.94356
0.294073 0.0298359 -0.955317 -4.86349 -0.00687438 0.999553 0.0291013 -0.0556664 0.955758 -0.00199071 0.294147 5.02404
0.243397 0.0319593 -0.9694 -5.23149 -0.00312978 0.999478 0.032165 -0.0520511 0.969922 -0.00479488 0.24337 5.05736
0.19189 0.0326142 -0.980874 -5.60636 -0.000663687 0.999452 0.0331021 -0.0472694 0.981416 -0.00570095 0.191806 5.08363
0.144383 0.0338623 -0.988942 -6.01593 -0.00199137 0.999422 0.0339304 -0.0428466 0.98952 -0.00292962 0.144367 5.08726
0.0999136 0.0340506 -0.994413 -6.44415 -0.00338589 0.99942 0.0338818 -0.0238292 0.99499 -1.82816e-05 0.0999709 5.10242
0.0631178 0.0329586 -0.997462 -6.88122 -0.00469738 0.999453 0.0327271 -0.0101276 0.997995 0.00261979 0.0632381 5.08257
0.0278809 0.0306389 -0.999142 -7.3355 -0.00386295 0.999526 0.0305429 -0.00449953 0.999604 0.00300807 0.027986 5.07729
-0.00335446 0.0280992 -0.999599 -7.78969 -0.00347426 0.999599 0.0281108 0.00337198 0.999988 0.00356716 -0.00325549 5.04863
-0.0290339 0.0266696 -0.999223 -8.24524 -0.00409561 0.999632 0.0267995 0.00622788 0.99957 0.00487051 -0.028914 4.99751
-0.0505349 0.0243022 -0.998427 -8.75252 -0.00442926 0.999689 0.0245571 0.0180736 0.998713 0.00566328 -0.0504116 4.96035
-0.0665273 0.0236224 -0.997505 -9.26233 -0.00461471 0.999702 0.0239822 0.031137 0.997774 0.00619867 -0.0663984 4.91301
-0.0787962 0.0238283 -0.996606 -9.8243 -0.00361159 0.999701 0.0241879 0.0393152 0.996884 0.00550525 -0.0786865 4.85023
-0.0881874 0.0249973 -0.99579 -10.3563 -0.00467951 0.999664 0.025509 0.0408043 0.996093 0.00690938 -0.0880407 4.78736
-0.0965099 0.0260405 -0.994991 -10.9307 -0.00594399 0.999625 0.0267383 0.0479218 0.995314 0.00849472 -0.0963189 4.73116
-0.100187 0.0274357 -0.99459 -11.4962 -0.0052327 0.999591 0.0281008 0.0533422 0.994955 0.00801972 -0.100002 4.66281
-0.102868 0.0279241 -0.994303 -12.1057 -0.00380741 0.999587 0.0284665 0.0655171 0.994688 0.00671401 -0.10272 4.60798
-0.10102 0.0300321 -0.994431 -12.7135 -0.00196243 0.999536 0.0303856 0.0736076 0.994883 0.00502105 -0.100914 4.5404
-0.100348 0.0321422 -0.994433 -13.3489 -0.00142687 0.999472 0.032449 0.0817334 0.994951 0.00467513 -0.100249 4.47993
-0.096854 0.0324108 -0.994771 -13.9828 -0.00211764 0.999461 0.0327697 0.0897408 0.995296 0.00528045 -0.0967332 4.39792
-0.0967197 0.0303121 -0.99485 -14.644 -0.00385783 0.999517 0.0308294 0.0973164 0.995304 0.00681977 -0.0965561 4.33896
-0.0954414 0.0301068 -0.99498 -15.3213 -0.0052436 0.999513 0.030747 0.108427 0.995421 0.00815181 -0.0952371 4.27113
-0.0943923 0.0327348 -0.994997 -16.016 -0.00525381 0.999429 0.0333791 0.126631 0.995521 0.00837825 -0.0941664 4.20314
-0.0921153 0.0360404 -0.995096 -16.7222 -0.00582362 0.999308 0.0367321 0.144537 0.995731 0.00917865 -0.0918417 4.13298
-0.0896152 0.0377735 -0.99526 -17.4514 -0.00624193 0.99924 0.0384866 0.161825 0.995957 0.00966132 -0.0893113 4.05551
-0.0883789 0.037319 -0.995388 -18.1802 -0.00743483 0.999245 0.0381238 0.175683 0.996059 0.0107699 -0.0880348 3.98922
-0.0865391 0.0345009 -0.995651 -18.9253 -0.0100774 0.999319 0.0355039 0.190109 0.996198 0.0131061 -0.0861325 3.91273
-0.084785 0.0338422 -0.995824 -19.6843 -0.0123585 0.99931 0.0350128 0.208403 0.996323 0.0152755 -0.0843083 3.83924
-0.0824987 0.0358121 -0.995947 -20.4519 -0.0101229 0.999272 0.0367701 0.228932 0.99654 0.0131153 -0.0820762 3.77222
-0.0816403 0.0380708 -0.995934 -21.2369 -0.00777516 0.999215 0.0388335 0.244187 0.996632 0.0109139 -0.0812803 3.70865
-0.0802161 0.0396086 -0.99599 -22.0267 -0.00574016 0.999175 0.0401976 0.261727 0.996761 0.00894163 -0.0799226 3.63957
-0.0789142 0.035507 -0.996249 -22.8095 -0.00504037 0.999338 0.0360163 0.274363 0.996869 0.00786366 -0.0786831 3.56414
-0.0793441 0.0289034 -0.996428 -23.5888 -0.00499922 0.999555 0.0293922 0.286587 0.996835 0.00731346 -0.0791643 3.50556
-0.0800413 0.0245995 -0.996488 -24.3994 -0.00307272 0.999685 0.0249252 0.299356 0.996787 0.00505697 -0.0799405 3.44373
-0.0808667 0.0250636 -0.99641 -25.2116 -0.00291847 0.999674 0.0253826 0.306984 0.996721 0.0049606 -0.0807671 3.37483
-0.0806224 0.0320802 -0.996228 -26.0597 -0.00220487 0.999474 0.0323631 0.323586 0.996742 0.00480574 -0.0805093 3.30161
-0.0811403 0.0388086 -0.995947 -26.9007 -0.00251272 0.999231 0.0391413 0.344748 0.9967 0.00567847 -0.0809804 3.2309
-0.0807537 0.0442664 -0.995751 -27.7179 -0.00300568 0.998998 0.0446545 0.363526 0.99673 0.00659892 -0.0805397 3.1459
-0.0819531 0.0451457 -0.995613 -28.5368 -0.0044912 0.998947 0.0456665 0.377694 0.996626 0.008214 -0.081664 3.07749
-0.0823479 0.0423458 -0.995704 -29.3502 -0.00668481 0.999051 0.043041 0.39347 0.996581 0.0102004 -0.0819866 3.00244
-0.0820131 0.0398519 -0.995834 -30.1878 -0.00675336 0.999155 0.0405409 0.409138 0.996608 0.0100501 -0.0816747 2.92032
-0.0821237 0.0408734 -0.995784 -31.0328 -0.00758515 0.999104 0.0416352 0.431037 0.996593 0.0109724 -0.0817401 2.83961
-0.0814154 0.0427001 -0.995765 -31.8465 -0.00819675 0.999019 0.0435098 0.45053 0.996647 0.0117044 -0.0809856 2.76434
-0.0810477 0.0413314 -0.995853 -32.6642 -0.00793463 0.999081 0.0421111 0.465744 0.996679 0.0113147 -0.0806453 2.69175
-0.0806476 0.0365911 -0.996071 -33.4683 -0.0100026 0.999246 0.0375176 0.475845 0.996693 0.012989 -0.0802208 2.61581
-0.0810368 0.0327277 -0.996174 -34.2829 -0.0122115 0.999353 0.0338255 0.487809 0.996636 0.0149059 -0.0805848 2.54797
-0.0805507 0.0331654 -0.996199 -35.1086 -0.0122528 0.999338 0.0342607 0.501406 0.996675 0.014966 -0.080091 2.47378
-0.0799429 0.0354749 -0.996168 -35.9513 -0.0108595 0.999276 0.0364571 0.517129 0.99674 0.0137324 -0.0794998 2.40408
-0.0784186 0.0405046 -0.996097 -36.7627 -0.0115887 0.99907 0.0415378 0.527101 0.996853 0.0148008 -0.0778762 2.32901
-0.0779825 0.0460389 -0.995891 -37.5934 -0.00991384 0.998848 0.0469519 0.548022 0.996905 0.0135345 -0.0774363 2.26362
-0.0781027 0.0487908 -0.995751 -38.4174 -0.00926185 0.998723 0.0496629 0.573325 0.996902 0.0131013 -0.0775511 2.19593
-0.0772536 0.0487535 -0.995819 -39.2441 -0.00822451 0.998739 0.0495345 0.593279 0.996978 0.0120168 -0.0767552 2.12218
-0.0782561 0.044815 -0.995925 -40.0604 -0.00831818 0.998925 0.0456035 0.607703 0.996899 0.011853 -0.0777992 2.06348
-0.0783539 0.0408966 -0.996086 -40.8705 -0.00935975 0.999084 0.041756 0.62491 0.996882 0.0125949 -0.0778993 1.99798
-0.0774489 0.0380831 -0.996269 -41.6894 -0.012764 0.99915 0.0391855 0.642301 0.996915 0.0157512 -0.0768971 1.91745
-0.0772438 0.0363428 -0.99635 -42.508 -0.0160857 0.99916 0.0376924 0.658959 0.996883 0.0189384 -0.0765943 1.83436
-0.078585 0.0347659 -0.996301 -43.3206 -0.0147995 0.999241 0.0360358 0.671618 0.996798 0.0175766 -0.0780108 1.77251
-0.08037 0.0311156 -0.996279 -44.1306 -0.011003 0.999424 0.0321015 0.681558 0.996704 0.013542 -0.0799813 1.70987
-0.0808521 0.0297189 -0.996283 -44.9475 -0.0074461 0.999509 0.0304194 0.689602 0.996698 0.0098779 -0.0805911 1.63889
-0.0822089 0.0331386 -0.996064 -45.7638 -0.00644491 0.999408 0.0337818 0.69658 0.996594 0.00919671 -0.0819467 1.56567
-0.0841366 0.0387737 -0.9957 -46.5543 -0.00472864 0.999216 0.0393102 0.715713 0.996443 0.00801573 -0.0838873 1.49952
-0.0868445 0.0420612 -0.995334 -47.3645 -0.0036404 0.999088 0.0425375 0.736041 0.996215 0.00731756 -0.0866122 1.43562
-0.0888149 0.0415716 -0.99518 -48.168 -0.00444509 0.999102 0.0421321 0.748264 0.996038 0.00816562 -0.0885503 1.36645
-0.0887553 0.0382196 -0.99532 -48.9492 -0.00692931 0.999216 0.0389871 0.755493 0.996029 0.0103572 -0.0884208 1.27644
-0.0906599 0.0346799 -0.995278 -49.7352 -0.0113413 0.999293 0.0358529 0.767513 0.995817 0.0145382 -0.0902025 1.1977
-0.0923558 0.0333329 -0.995168 -50.5207 -0.0144565 0.999289 0.0348126 0.7779 0.995621 0.0176018 -0.0918083 1.11629
-0.0926065 0.0342973 -0.995112 -51.3221 -0.0150175 0.999245 0.0358373 0.788918 0.99559 0.0182629 -0.0920215 1.02934
-0.0934026 0.0355462 -0.994994 -52.0901 -0.0154733 0.99919 0.0371486 0.801662 0.995508 0.0188656 -0.092777 0.948145
-0.0943676 0.0353531 -0.994909 -52.849 -0.0166522 0.999173 0.0370841 0.808548 0.995398 0.0200669 -0.0937009 0.867545
-0.0953799 0.0353701 -0.994812 -53.6144 -0.0172347 0.99916 0.0371771 0.820442 0.995292 0.0206913 -0.0946902 0.791684
-0.0949365 0.0370849 -0.994792 -54.3732 -0.0161757 0.999116 0.0387898 0.833711 0.995352 0.019774 -0.0942527 0.706373
-0.0957809 0.0397956 -0.994607 -55.1377 -0.0151996 0.999026 0.0414361 0.845832 0.995286 0.0190864 -0.0950827 0.62895
-0.0956757 0.0440513 -0.994437 -55.8747 -0.0153034 0.998837 0.0457186 0.863135 0.995295 0.0195924 -0.0948903 0.552923
-0.0965426 0.0464389 -0.994245 -56.6352 -0.0152225 0.998725 0.0481263 0.878805 0.995212 0.0197811 -0.0957127 0.482641
-0.096332 0.0464002 -0.994267 -57.3886 -0.0147216 0.998737 0.0480352 0.896976 0.99524 0.0192646 -0.0955272 0.400863
-0.0965901 0.044481 -0.99433 -58.1293 -0.013978 0.998842 0.0460407 0.91431 0.995226 0.0183458 -0.0958564 0.322921
-0.0967955 0.0410948 -0.994456 -58.8515 -0.0134732 0.999002 0.0425941 0.927368 0.995213 0.0175214 -0.0961452 0.245173
-0.0963276 0.0386785 -0.994598 -59.5668 -0.0148209 0.999078 0.0402881 0.936903 0.995239 0.0186217 -0.0956655 0.167891
-0.0951573 0.0363047 -0.9948 -60.277 -0.0150275 0.999168 0.0379016 0.947022 0.995349 0.018556 -0.0945326 0.0919368
-0.092656 0.0354269 -0.995068 -60.9532 -0.0160072 0.999185 0.037064 0.953224 0.99557 0.0193625 -0.0920134 0.0218924
-0.0884585 0.03644 -0.995413 -61.6085 -0.0168315 0.999133 0.038072 0.9599 0.995938 0.0201221 -0.0877685 -0.0438756
-0.0838376 0.0376616 -0.995767 -62.2825 -0.0160269 0.999105 0.0391372 0.972846 0.996351 0.0192402 -0.083159 -0.0946461
-0.075615 0.0394004 -0.996358 -62.9088 -0.0155636 0.999051 0.040688 0.977114 0.997016 0.0185836 -0.0749301 -0.148368
-0.0672997 0.0404953 -0.996911 -63.535 -0.0170863 0.998983 0.0417329 0.990357 0.997587 0.0198422 -0.0665393 -0.187506
-0.0560129 0.0422156 -0.997537 -64.1432 -0.0192052 0.998875 0.0433506 1.00184 0.998245 0.0215861 -0.0551391 -0.219621
-0.0406078 0.0435872 -0.998224 -64.7344 -0.0226334 0.998752 0.0445309 1.01439 0.998919 0.0244015 -0.0395706 -0.245942
-0.0228465 0.0449484 -0.998728 -65.3129 -0.0244627 0.998665 0.0455052 1.02311 0.99944 0.0254712 -0.0217164 -0.249069
0.000273669 0.0455412 -0.998962 -65.8741 -0.0252268 0.998645 0.0455198 1.03634 0.999682 0.0251882 0.00142216 -0.243278
0.0259467 0.0457502 -0.998616 -66.4151 -0.0250543 0.998668 0.0451016 1.0444 0.999349 0.0238494 0.0270584 -0.212812
0.0559447 0.0455248 -0.997395 -66.9231 -0.0242934 0.998726 0.0442229 1.05531 0.998138 0.0217561 0.0569794 -0.166524
0.0908346 0.0451787 -0.994841 -67.4144 -0.0229654 0.9988 0.0432617 1.06487 0.995601 0.0189172 0.0917631 -0.11117
0.128392 0.0452231 -0.990692 -67.885 -0.0225615 0.998834 0.0426709 1.07507 0.991467 0.0168729 0.129263 -0.0222849
0.169584 0.044826 -0.984496 -68.3443 -0.0226418 0.998879 0.0415807 1.08075 0.985256 0.0152394 0.170409 0.087526
0.214611 0.045586 -0.975635 -68.7749 -0.0223481 0.998878 0.0417561 1.08699 0.976444 0.0128423 0.215389 0.217147
0.264559 0.044045 -0.963363 -69.2121 -0.0200123 0.998992 0.0401782 1.09923 0.964162 0.00864962 0.265174 0.37366
0.311441 0.0392074 -0.949456 -69.6134 -0.0120197 0.999231 0.0373201 1.09631 0.95019 -0.000210861 0.311673 0.571624
0.360758 0.0341953 -0.932033 -69.9972 -0.00631298 0.999394 0.0342232 1.09166 0.932638 -0.00646239 0.360755 0.790764
0.411411 0.0292869 -0.910979 -70.3813 -0.00106485 0.999498 0.0316517 1.09727 0.911449 -0.0120518 0.411236 1.02491
0.462885 0.0279945 -0.885976 -70.7494 -0.000415721 0.999508 0.0313646 1.10479 0.886418 -0.0141499 0.462669 1.27518
0.511398 0.0267312 -0.858928 -71.1039 9.50135e-05 0.999514 0.031163 1.11911 0.859344 -0.0160183 0.511147 1.53038
0.55728 0.0226155 -0.830017 -71.4425 0.00620513 0.999488 0.0313992 1.1327 0.830302 -0.0226485 0.556854 1.80884
0.599383 0.0162026 -0.800299 -71.7425 0.0167809 0.999321 0.0328 1.12303 0.800287 -0.0330894 0.598704 2.12571
0.642448 0.0103756 -0.766259 -72.0341 0.0196157 0.999358 0.0299782 1.11796 0.766078 -0.0342901 0.641832 2.42681
0.683391 0.00534747 -0.730033 -72.3099 0.016562 0.999602 0.022826 1.12152 0.729865 -0.0276899 0.683031 2.75619
0.723125 -0.000630905 -0.690716 -72.564 0.0128204 0.99984 0.0125087 1.11805 0.690598 -0.0179006 0.723018 3.07462
0.763024 -0.00437912 -0.646355 -72.8419 0.00885756 0.999954 0.00368158 1.11948 0.646309 -0.00853427 0.763028 3.45593
0.799328 -0.00579864 -0.600867 -73.0771 0.00712924 0.999975 -0.000166234 1.12693 0.600852 -0.00415085 0.799349 3.84623
0.833885 -0.00747768 -0.551887 -73.3161 0.00771019 0.999968 -0.00189901 1.12467 0.551884 -0.0026716 0.833916 4.27271
0.864065 -0.00700649 -0.503332 -73.5335 0.00566867 0.999975 -0.00418853 1.11936 0.503349 0.000765937 0.864083 4.73222
0.889649 -0.00593481 -0.456607 -73.7282 0.00493897 0.999982 -0.00337436 1.11317 0.456619 0.000746821 0.889662 5.20635
0.910819 -0.00167594 -0.412804 -73.9157 0.000512744 0.999996 -0.00292855 1.10332 0.412807 0.00245572 0.910815 5.68719
0.928274 0.00295325 -0.371885 -74.0958 -0.00485073 0.99998 -0.00416691 1.09931 0.371865 0.00567195 0.928269 6.1995
0.941831 0.00679626 -0.336019 -74.2681 -0.00849507 0.999957 -0.00358594 1.09625 0.33598 0.00623185 0.941848 6.73711
0.951965 0.007346 -0.306118 -74.4302 -0.0082544 0.999965 -0.00167311 1.08188 0.306095 0.00411956 0.951992 7.29375
0.959396 0.00613689 -0.281995 -74.5796 -0.0065467 0.999978 -0.000511084 1.0828 0.281985 0.00233647 0.959416 7.86313
0.965822 0.00674871 -0.25912 -74.7394 -0.00660302 0.999977 0.00143259 1.06588 0.259123 0.000327351 0.965844 8.46467
0.970647 0.00923635 -0.240333 -74.888 -0.0085497 0.999956 0.00389965 1.05885 0.240359 -0.0017304 0.970683 9.05311
0.974392 0.0131793 -0.224471 -75.0322 -0.0122604 0.99991 0.00548699 1.05279 0.224523 -0.00259438 0.974465 9.6712
0.977114 0.0157341 -0.212135 -75.1751 -0.0147667 0.999872 0.00614415 1.05402 0.212205 -0.00287099 0.977221 10.3145
0.980275 0.0158351 -0.197001 -75.3132 -0.0148892 0.999869 0.00628175 1.04598 0.197075 -0.00322465 0.980383 10.9488
0.982919 0.0166659 -0.183281 -75.4268 -0.0158256 0.999856 0.00604655 1.04051 0.183356 -0.00304274 0.983042 11.6174
0.985585 0.0162855 -0.168397 -75.5355 -0.0153924 0.99986 0.00660728 1.03902 0.168481 -0.00391999 0.985697 12.3071
0.987943 0.0168188 -0.153899 -75.6481 -0.0159516 0.999849 0.00686808 1.03363 0.153991 -0.00433034 0.988063 13.0053
0.990013 0.0178148 -0.139849 -75.7502 -0.0173645 0.999839 0.00443967 1.01854 0.139905 -0.00196692 0.990163 13.7079
0.991288 0.0182751 -0.130437 -75.8462 -0.0185189 0.999828 -0.00065669 1.01084 0.130402 0.00306652 0.991456 14.4551
0.99242 0.0178345 -0.121591 -75.9291 -0.0187678 0.999803 -0.00653494 0.995897 0.12145 0.0087674 0.992559 15.1915
0.993256 0.0180481 -0.114527 -76.0098 -0.0190154 0.999792 -0.00735828 0.988206 0.114371 0.00948643 0.993393 15.9461
0.994058 0.0186988 -0.107233 -76.0925 -0.018981 0.999819 -0.00161123 0.975397 0.107183 0.00363704 0.994233 16.6997
0.994699 0.0226756 -0.100301 -76.1882 -0.0221964 0.999736 0.00589117 0.970905 0.100409 -0.0036336 0.99494 17.4558
0.995075 0.0240436 -0.096169 -76.2638 -0.0232141 0.999683 0.00973476 0.957817 0.0963726 -0.00745433 0.995317 18.2163
0.995482 0.0238634 -0.0919028 -76.3488 -0.0230944 0.999689 0.00942161 0.9437 0.092099 -0.0072566 0.995723 18.98
0.995699 0.0223218 -0.0899146 -76.412 -0.0216375 0.999729 0.0085775 0.934213 0.0900817 -0.00659508 0.995913 19.7336
0.996001 0.0215981 -0.0866939 -76.4757 -0.0207787 0.999731 0.0103432 0.926341 0.0868939 -0.00850041 0.996181 20.4921
0.996302 0.0194614 -0.0836817 -76.5465 -0.0184535 0.999748 0.0128017 0.918827 0.0839097 -0.0112101 0.99641 21.2575
0.996576 0.0166868 -0.080986 -76.6083 -0.0155637 0.999774 0.0144788 0.910814 0.0812093 -0.0131688 0.99661 22.022
0.996773 0.0151565 -0.0788272 -76.6678 -0.0142957 0.999832 0.0114731 0.902739 0.0789879 -0.0103092 0.996822 22.7908
0.996826 0.0186434 -0.0773985 -76.7312 -0.0183873 0.999823 0.00402038 0.892993 0.0774598 -0.00258447 0.996992 23.5128
0.99689 0.0201942 -0.0761706 -76.7918 -0.0205066 0.999784 -0.00332067 0.874552 0.0760871 0.00487234 0.997089 24.2596
0.997025 0.0213466 -0.0740591 -76.8615 -0.0219531 0.999732 -0.0073837 0.856005 0.0738816 0.00898756 0.997227 24.9957
0.99709 0.0228868 -0.0727147 -76.9104 -0.0233715 0.99971 -0.00582092 0.838582 0.0725604 0.00750343 0.997336 25.7395
0.997182 0.0252786 -0.070638 -76.9693 -0.0254935 0.999673 -0.00214103 0.822768 0.0705607 0.0039358 0.9975 26.484
0.997319 0.0270622 -0.0679944 -77.0285 -0.0269487 0.999633 0.00258681 0.811538 0.0680395 -0.000747513 0.997682 27.2162
0.997472 0.0271839 -0.0656576 -77.0792 -0.0269177 0.999625 0.00493573 0.795303 0.0657672 -0.0031559 0.99783 27.9665
0.997655 0.0237309 -0.0641984 -77.1309 -0.0234764 0.999713 0.00471594 0.783526 0.0642919 -0.00319773 0.997926 28.7068
0.997782 0.0233927 -0.0623134 -77.1925 -0.0231392 0.999721 0.00478607 0.770833 0.062408 -0.00333357 0.998045 29.4281
0.997872 0.0218512 -0.0614374 -77.2356 -0.0216842 0.999759 0.00338292 0.761616 0.0614965 -0.00204349 0.998105 30.1725
0.997926 0.0200271 -0.0611842 -77.2807 -0.0199254 0.999799 0.0022727 0.750392 0.0612174 -0.00104887 0.998124 30.9222
0.998011 0.019411 -0.0599742 -77.3368 -0.019305 0.999811 0.00234764 0.737136 0.0600084 -0.00118517 0.998197 31.6672
0.998116 0.0212686 -0.0575506 -77.3979 -0.0211299 0.999772 0.00301789 0.728096 0.0576017 -0.00179616 0.998338 32.4058
0.998071 0.0217034 -0.0581735 -77.442 -0.0216042 0.999764 0.0023336 0.7171 0.0582104 -0.0010723 0.998304 33.1851
0.997971 0.0219423 -0.0597747 -77.4911 -0.0218514 0.999759 0.00217369 0.703571 0.059808 -0.000863118 0.99821 33.9589
0.997906 0.0197522 -0.0615903 -77.5451 -0.0196221 0.999804 0.00271756 0.689754 0.0616319 -0.00150335 0.998098 34.7362
0.997741 0.0214909 -0.063645 -77.6063 -0.0213571 0.999768 0.00278206 0.678829 0.06369 -0.00141651 0.997969 35.5076
0.997427 0.0258916 -0.0668542 -77.6673 -0.0257841 0.999664 0.0024717 0.66962 0.0668958 -0.000741565 0.99776 36.2926
0.99725 0.0262548 -0.0693091 -77.7283 -0.0264333 0.999649 -0.0016594 0.652628 0.0692412 0.00348691 0.997594 37.0856
0.997125 0.0264917 -0.0709883 -77.7995 -0.026946 0.999622 -0.00545027 0.640912 0.0708171 0.00734746 0.997462 37.866
0.996909 0.0263375 -0.0740237 -77.863 -0.0269268 0.999613 -0.0069744 0.623525 0.0738114 0.00894607 0.997232 38.6717
0.996755 0.0263208 -0.076072 -77.9362 -0.0268494 0.999622 -0.00593379 0.608938 0.0758871 0.00795702 0.997085 39.4837
0.99665 0.0233613 -0.0783726 -78.0021 -0.0238026 0.999706 -0.00470093 0.581799 0.0782397 0.00655066 0.996913 40.3094
0.99652 0.0229407 -0.080134 -78.0738 -0.0232534 0.999725 -0.00297053 0.563969 0.0800438 0.00482358 0.99678 41.1213
0.996401 0.0229029 -0.0816169 -78.1477 -0.0229579 0.999736 0.000264419 0.553518 0.0816014 0.00161029 0.996664 41.9525
0.996409 0.0216755 -0.0818486 -78.2265 -0.0213843 0.999761 0.00443394 0.54328 0.0819252 -0.00266775 0.996635 42.7907
0.996413 0.0212723 -0.0819016 -78.2988 -0.0207411 0.999758 0.00733105 0.531345 0.0820377 -0.00560603 0.996613 43.6301
0.996558 0.0232606 -0.0795641 -78.3788 -0.0227123 0.999712 0.00778903 0.521726 0.0797224 -0.00595514 0.996799 44.4805
0.996783 0.0238728 -0.0765151 -78.4562 -0.0234307 0.999703 0.00667115 0.511942 0.0766516 -0.00485689 0.997046 45.3252
0.996877 0.0221966 -0.075786 -78.5252 -0.0219334 0.99975 0.00430456 0.502686 0.0758626 -0.00262887 0.997115 46.1829
0.997064 0.0185943 -0.0742764 -78.5875 -0.0184182 0.999826 0.00305593 0.483985 0.0743203 -0.00167892 0.997233 47.0468
0.997231 0.0179481 -0.0721712 -78.6533 -0.0177994 0.999838 0.00270221 0.470533 0.072208 -0.00141012 0.997389 47.9063
0.997271 0.0156045 -0.0721645 -78.7136 -0.0152976 0.999871 0.00480274 0.462139 0.0722301 -0.00368568 0.997381 48.7706
0.997387 0.0132345 -0.0710194 -78.7807 -0.0127328 0.999891 0.00751205 0.446164 0.0711111 -0.00658814 0.997447 49.6259
0.997476 0.0129043 -0.0698254 -78.846 -0.0124156 0.999895 0.00742943 0.43761 0.0699139 -0.00654375 0.997532 50.4945
0.997492 0.013538 -0.0694693 -78.9096 -0.0132424 0.999901 0.00471422 0.419719 0.0695263 -0.00378245 0.997573 51.3472
0.997518 0.0167705 -0.068387 -78.9793 -0.0168359 0.999858 -0.000379453 0.400836 0.068371 0.00152987 0.997659 52.1916
0.997426 0.0189595 -0.069147 -79.047 -0.0193815 0.999797 -0.00543754 0.37714 0.0690299 0.00676372 0.997592 53.0405
0.997405 0.0231778 -0.0681674 -79.1178 -0.0239936 0.99965 -0.0111734 0.353181 0.0678845 0.0127799 0.997611 53.8872
0.997494 0.0237833 -0.0666402 -79.1843 -0.0246664 0.999618 -0.0124604 0.325415 0.0663184 0.014073 0.997699 54.7437
0.997581 0.0218754 -0.065975 -79.2467 -0.0223772 0.999726 -0.00687711 0.302612 0.0658065 0.00833682 0.997798 55.6021
0.997537 0.0203303 -0.0671362 -79.3051 -0.0202114 0.999793 0.00244945 0.281869 0.0671721 -0.0010865 0.997741 56.4563
0.997492 0.0170096 -0.0687039 -79.3598 -0.0164412 0.999826 0.0088309 0.280626 0.0688422 -0.00767918 0.997598 57.2965
0.997364 0.0155008 -0.0708793 -79.4219 -0.015008 0.999859 0.00747864 0.265412 0.0709852 -0.00639517 0.997457 58.1312
0.997198 0.0120817 -0.0738283 -79.4806 -0.0117381 0.999918 0.00508549 0.238853 0.0738837 -0.00420463 0.997258 58.95
0.997084 0.0107569 -0.0755534 -79.5517 -0.0105114 0.999938 0.00364595 0.22195 0.0755879 -0.00284114 0.997135 59.7726
0.996884 0.0114302 -0.078047 -79.626 -0.0113612 0.999935 0.00132914 0.20507 0.0780571 -0.000438297 0.996949 60.5812
0.996538 0.013336 -0.082056 -79.6951 -0.0135264 0.999907 -0.00176562 0.185922 0.0820248 0.00286943 0.996626 61.3761
0.996232 0.014374 -0.0855306 -79.7749 -0.0148847 0.999875 -0.00533555 0.167426 0.0854432 0.00658854 0.996321 62.1793
0.995948 0.0168421 -0.0883376 -79.8586 -0.0176687 0.999807 -0.0085833 0.137623 0.088176 0.0101093 0.996054 62.982
0.995582 0.0216319 -0.0913681 -79.947 -0.0225463 0.999705 -0.00898834 0.115887 0.0911467 0.0110086 0.995777 63.7811
0.995031 0.0248674 -0.0964078 -80.0279 -0.0257119 0.999641 -0.00752629 0.0972632 0.096186 0.00996771 0.995313 64.5817
0.99462 0.0276585 -0.0998292 -80.1195 -0.0280144 0.999605 -0.00216526 0.0801196 0.0997299 0.00495027 0.995002 65.3585
0.994264 0.028392 -0.103114 -80.2123 -0.0281636 0.999597 0.00367014 0.0604873 0.103177 -0.000745021 0.994663 66.1422
0.993847 0.026883 -0.107452 -80.3055 -0.0262701 0.99963 0.00711547 0.0449082 0.107604 -0.00424891 0.994185 66.9246
0.99298 0.0277109 -0.114991 -80.3985 -0.0269056 0.999601 0.00854957 0.0336442 0.115182 -0.00539566 0.99333 67.6967
0.992384 0.0260304 -0.120398 -80.4986 -0.0247814 0.999623 0.0118593 0.0223525 0.120661 -0.00878539 0.992655 68.4744
0.991587 0.0265059 -0.126702 -80.6067 -0.0251837 0.999611 0.012026 0.013586 0.126972 -0.00873402 0.991868 69.2419
0.990679 0.0308321 -0.132679 -80.7202 -0.0295834 0.999498 0.0113732 -0.00114981 0.132963 -0.00734206 0.991094 69.9979
0.98983 0.0343762 -0.138041 -80.8418 -0.0335628 0.999403 0.00821663 -0.0164986 0.138241 -0.00350003 0.990392 70.7455
0.988922 0.0333595 -0.144637 -80.9568 -0.0328849 0.999443 0.005672 -0.0260259 0.144746 -0.000852791 0.989468 71.5051
0.988109 0.0341942 -0.149903 -81.0865 -0.0338778 0.999415 0.00466459 -0.0376288 0.149975 0.000469264 0.98869 72.2699
0.987378 0.0361714 -0.154197 -81.2139 -0.0352313 0.99934 0.00882546 -0.0428377 0.154414 -0.00328151 0.988001 73.021
0.986488 0.0354228 -0.159957 -81.3507 -0.0337812 0.999345 0.0129713 -0.0483316 0.160312 -0.00739252 0.987039 73.7763
0.985597 0.0333438 -0.16579 -81.4899 -0.0312206 0.999394 0.0153968 -0.0621576 0.166203 -0.00999898 0.986041 74.5073
0.984361 0.0324321 -0.173151 -81.6234 -0.0308354 0.999454 0.011904 -0.0689984 0.173443 -0.00637869 0.984823 75.2438
0.982825 0.0322924 -0.18169 -81.7686 -0.0318593 0.999478 0.00530271 -0.084469 0.181766 0.000576884 0.983342 75.9643
0.981102 0.0310285 -0.190985 -81.9237 -0.0310826 0.999513 0.00271362 -0.0902435 0.190977 0.00327398 0.981589 76.7019
0.979009 0.030139 -0.201576 -82.0862 -0.0294997 0.999546 0.00617568 -0.100319 0.201671 -9.9601e-05 0.979453 77.4297
0.976806 0.0296644 -0.21206 -82.2606 -0.0277779 0.999544 0.0118701 -0.103366 0.212315 -0.0057042 0.977185 78.1514
0.974292 0.0321568 -0.222981 -82.4469 -0.0285391 0.999404 0.0194287 -0.0974816 0.223473 -0.0125656 0.974629 78.8803
0.971605 0.0323817 -0.234382 -82.6298 -0.0275644 0.999337 0.023801 -0.109594 0.234997 -0.0166645 0.971853 79.5969
0.968816 0.0349149 -0.245308 -82.8267 -0.03096 0.999321 0.0199614 -0.111003 0.245838 -0.0117441 0.96924 80.2865
0.965604 0.035359 -0.257602 -83.0323 -0.033711 0.999373 0.010813 -0.116634 0.257823 -0.00175707 0.966191 80.9897
0.962287 0.0330986 -0.270015 -83.2361 -0.0327137 0.999447 0.0059268 -0.123077 0.270062 0.00312992 0.962838 81.6856
0.959085 0.0330359 -0.281185 -83.4577 -0.0315646 0.999454 0.0097611 -0.11464 0.281354 -0.000486229 0.959604 82.3903
0.955143 0.0343833 -0.294141 -83.6782 -0.0305577 0.999378 0.0175936 -0.123033 0.294563 -0.00781613 0.9556 83.1043
0.951651 0.034367 -0.305251 -83.9146 -0.0285505 0.999316 0.0234998 -0.131911 0.30585 -0.0136485 0.951982 83.8054
0.947916 0.0320148 -0.316908 -84.1583 -0.0262513 0.999403 0.0224408 -0.137665 0.317437 -0.0129527 0.948191 84.4906
0.943758 0.0296294 -0.329308 -84.4064 -0.0251147 0.999523 0.0179562 -0.139244 0.329683 -0.00867583 0.944052 85.1924
0.940598 0.0257798 -0.338541 -84.6602 -0.0234209 0.999665 0.0110518 -0.142309 0.338713 -0.00246637 0.940887 85.8862
0.93777 0.021869 -0.346567 -84.9265 -0.0212744 0.999758 0.00552047 -0.14923 0.346604 0.0021961 0.938009 86.5845
0.935615 0.0216508 -0.352358 -85.2072 -0.021775 0.999756 0.00361142 -0.161578 0.35235 0.0042937 0.935858 87.2696
0.932353 0.025856 -0.360623 -85.4919 -0.0263089 0.999647 0.00365382 -0.166647 0.36059 0.00608096 0.932705 87.9664
0.928987 0.0276365 -0.369079 -85.7817 -0.0274199 0.999607 0.00583327 -0.179012 0.369095 0.00470105 0.92938 88.6727
0.925692 0.0280929 -0.377234 -86.0657 -0.0254292 0.999604 0.0120407 -0.18026 0.377423 -0.00155328 0.92604 89.3608
0.922917 0.0306519 -0.383777 -86.3579 -0.0248817 0.99949 0.0199922 -0.181555 0.384195 -0.00890209 0.923209 90.0563
0.92043 0.0369619 -0.389155 -86.6747 -0.0285069 0.999216 0.0274809 -0.179067 0.389866 -0.0142007 0.920762 90.7534
0.917604 0.042137 -0.395256 -86.998 -0.0349298 0.999067 0.0254163 -0.180894 0.395958 -0.00951583 0.918219 91.4506
0.915484 0.0417074 -0.400188 -87.3133 -0.037898 0.99913 0.0174322 -0.179695 0.400566 -0.000792538 0.916267 92.1256
0.913352 0.0359614 -0.40558 -87.6184 -0.0347614 0.999342 0.0103268 -0.194088 0.405684 0.00466653 0.914001 92.8093
0.911671 0.0359535 -0.409344 -87.9439 -0.0353507 0.999334 0.00904229 -0.195028 0.409397 0.00622699 0.912335 93.5019
0.909308 0.0411257 -0.414087 -88.2706 -0.0389214 0.999147 0.0137632 -0.191968 0.4143 0.00360184 0.910133 94.191
0.907284 0.0433161 -0.418282 -88.6052 -0.0392098 0.999061 0.0184111 -0.197082 0.418687 -0.000303327 0.908131 94.8729
0.90464 0.0407607 -0.424223 -88.9347 -0.0369264 0.999169 0.0172592 -0.208613 0.424574 5.17428e-05 0.905393 95.563
0.903125 0.0384378 -0.427654 -89.2824 -0.0373742 0.999242 0.0108854 -0.213264 0.427749 0.00615238 0.903877 96.2562
0.899922 0.0356325 -0.434592 -89.6126 -0.0372643 0.999294 0.00476864 -0.222943 0.434455 0.0119033 0.900615 96.9373
0.897439 0.03674 -0.439606 -89.9535 -0.0394088 0.999218 0.003058 -0.228085 0.439374 0.0145799 0.898186 97.6109
0.895901 0.0393818 -0.442504 -90.3119 -0.0402913 0.999161 0.00734849 -0.241872 0.442422 0.0112456 0.896736 98.2939
0.893696 0.0413982 -0.44676 -90.6615 -0.0413554 0.999096 0.00985249 -0.251039 0.446764 0.0096708 0.8946 98.9755
0.891203 0.042324 -0.451625 -91.0117 -0.0421825 0.999056 0.0103865 -0.260118 0.451639 0.00979418 0.892147 99.6508
0.888891 0.0409532 -0.456285 -91.365 -0.0409219 0.999113 0.00995368 -0.266459 0.456287 0.00982431 0.889778 100.328
0.886685 0.0382903 -0.460787 -91.7126 -0.0382317 0.999224 0.00946438 -0.277849 0.460792 0.00922475 0.88746 101.001
0.884455 0.0379225 -0.465081 -92.0646 -0.0375192 0.999245 0.0101268 -0.286232 0.465114 0.00849279 0.88521 101.644
0.882639 0.0396065 -0.46838 -92.4327 -0.0392896 0.999173 0.0104514 -0.293091 0.468407 0.00917764 0.883465 102.298
0.880055 0.0398762 -0.473195 -92.7892 -0.039578 0.99916 0.0105916 -0.299105 0.47322 0.00940691 0.880894 102.957
0.87786 0.0370516 -0.477482 -93.1449 -0.0383598 0.999239 0.00701363 -0.31117 0.477379 0.0121592 0.878613 103.591
0.875509 0.0336933 -0.482026 -93.5052 -0.0367866 0.999319 0.00303596 -0.326616 0.4818 0.0150741 0.876152 104.235
0.87221 0.0330394 -0.488014 -93.8496 -0.0375043 0.999296 0.000623949 -0.34432 0.487691 0.0177584 0.872835 104.883
0.8707 0.0344218 -0.490609 -94.2307 -0.0374571 0.999292 0.00363525 -0.346957 0.490387 0.0152116 0.871372 105.52
0.868836 0.0372886 -0.493694 -94.5943 -0.0360895 0.999277 0.0119623 -0.352571 0.493783 0.00742387 0.869554 106.153
0.867253 0.0389338 -0.496344 -94.9479 -0.0326278 0.999239 0.0213716 -0.356244 0.496798 -0.00233995 0.867863 106.769
0.865785 0.0383746 -0.498942 -95.3044 -0.0293652 0.999233 0.0258973 -0.35605 0.499554 -0.00776992 0.866248 107.385
0.864189 0.036032 -0.501875 -95.6452 -0.0265134 0.999308 0.0260911 -0.360479 0.502468 -0.00924123 0.864546 107.969
0.862861 0.0346645 -0.504251 -95.9886 -0.0267206 0.999379 0.0229782 -0.364854 0.504735 -0.00635309 0.863251 108.536
0.861839 0.0326277 -0.506131 -96.3425 -0.0261949 0.99946 0.0198255 -0.361878 0.506505 -0.00382829 0.862229 109.107
0.85956 0.0314073 -0.510068 -96.6633 -0.0251261 0.9995 0.0192016 -0.369932 0.510416 -0.00368894 0.859919 109.662
0.858504 0.0295393 -0.511955 -96.9811 -0.0230708 0.999554 0.0189856 -0.376798 0.512287 -0.00448797 0.858802 110.178
0.856242 0.0299747 -0.515704 -97.2892 -0.0229036 0.999536 0.0200692 -0.382735 0.516067 -0.00537261 0.856532 110.704
0.85539 0.0298152 -0.517125 -97.5937 -0.0219137 0.999531 0.0213806 -0.383251 0.51752 -0.00695667 0.855643 111.197
0.853527 0.0285577 -0.520265 -97.8862 -0.019927 0.999555 0.0221748 -0.387336 0.520667 -0.0085595 0.853717 111.687
0.85227 0.027466 -0.522381 -98.161 -0.0185167 0.999579 0.0223463 -0.391998 0.522774 -0.00937235 0.85242 112.132
0.850349 0.0262506 -0.525564 -98.4274 -0.0174998 0.999613 0.0216139 -0.399798 0.525928 -0.00918213 0.85048 112.571
0.849776 0.0260149 -0.526501 -98.6968 -0.0192622 0.999647 0.0183041 -0.404349 0.526792 -0.00541279 0.849977 112.977
0.848235 0.0246353 -0.529046 -98.9477 -0.01978 0.999694 0.0148372 -0.415558 0.52925 -0.00212092 0.848463 113.374
0.845745 0.0210614 -0.533172 -99.1943 -0.0169864 0.999777 0.0125486 -0.420611 0.533317 -0.00155625 0.845914 113.757
0.842783 0.0170588 -0.537982 -99.4221 -0.0120159 0.999845 0.0128802 -0.421216 0.538119 -0.00439091 0.842858 114.12
0.8402 0.0178706 -0.541983 -99.6617 -0.0120222 0.999825 0.0143298 -0.427585 0.542144 -0.00552408 0.840267 114.46
0.835653 0.0211965 -0.548848 -99.8814 -0.0148605 0.999762 0.0159847 -0.427696 0.549056 -0.00520149 0.835769 114.787
0.832449 0.0266736 -0.55346 -100.102 -0.0184228 0.999621 0.0204667 -0.429516 0.553796 -0.0068412 0.832625 115.082
0.828532 0.0323868 -0.559004 -100.317 -0.0205753 0.999413 0.0274068 -0.423485 0.559564 -0.0112057 0.828712 115.378
0.823435 0.0343305 -0.566372 -100.507 -0.0201919 0.999309 0.0312164 -0.425173 0.567052 -0.0142685 0.823558 115.64
0.818691 0.0315625 -0.573366 -100.702 -0.0158069 0.999349 0.0324418 -0.427677 0.574016 -0.0174967 0.818657 115.892
0.81311 0.0297169 -0.581351 -100.885 -0.0124594 0.999356 0.0336577 -0.429018 0.581977 -0.0201241 0.812956 116.118
0.804456 0.0284969 -0.593329 -101.052 -0.0095222 0.999339 0.0350865 -0.431788 0.593937 -0.0225757 0.804195 116.333
0.793632 0.0289337 -0.607709 -101.228 -0.00877645 0.999309 0.0361166 -0.431357 0.608335 -0.0233298 0.793338 116.545
0.782081 0.0302665 -0.622442 -101.404 -0.0101168 0.999305 0.03588 -0.427971 0.623095 -0.0217639 0.781843 116.715
0.768357 0.0297912 -0.639328 -101.568 -0.0104004 0.999365 0.0340686 -0.434329 0.639937 -0.0195276 0.768179 116.883
0.753521 0.0279549 -0.656829 -101.733 -0.0110713 0.999493 0.0298377 -0.441059 0.657331 -0.0152114 0.753449 117.041
0.738156 0.0243442 -0.674191 -101.885 -0.0104791 0.999642 0.0246225 -0.44222 0.674549 -0.0111103 0.738146 117.175
0.722887 0.0247662 -0.690523 -102.055 -0.0140294 0.999678 0.0211673 -0.444143 0.690824 -0.00561395 0.723001 117.313
0.707611 0.0282975 -0.706035 -102.232 -0.0209686 0.999599 0.0190479 -0.434886 0.706291 0.00132606 0.70792 117.438
0.69216 0.0301515 -0.721114 -102.403 -0.0238337 0.999537 0.0189163 -0.418785 0.72135 0.00409371 0.692558 117.553
0.673274 0.0289653 -0.738825 -102.566 -0.0206907 0.999579 0.0203331 -0.418481 0.739103 0.00159708 0.67359 117.679
0.653036 0.028344 -0.756796 -102.737 -0.017884 0.999598 0.0220055 -0.416289 0.757116 -0.000835892 0.65328 117.806
0.630346 0.0300188 -0.775734 -102.919 -0.0175122 0.999548 0.0244497 -0.414257 0.776117 -0.00182692 0.630586 117.922
0.606409 0.0348676 -0.794388 -103.108 -0.0202459 0.999391 0.0284107 -0.405793 0.794895 -0.00114539 0.606746 118.021
0.582427 0.0386951 -0.811962 -103.3 -0.0222092 0.999251 0.0316898 -0.395603 0.81258 -0.000423949 0.58285 118.114
0.557734 0.0423233 -0.82894 -103.486 -0.0235849 0.999104 0.0351428 -0.396764 0.829684 -4.98484e-05 0.558233 118.194
0.533734 0.0457464 -0.844414 -103.686 -0.0267133 0.998949 0.0372336 -0.394553 0.845231 0.00268428 0.534395 118.267
0.507107 0.0503478 -0.860411 -103.875 -0.0303481 0.998716 0.0405544 -0.392362 0.861349 0.0055464 0.507984 118.338
0.480756 0.0537711 -0.875204 -104.072 -0.0326304 0.998524 0.0434236 -0.386124 0.876247 0.00768209 0.481801 118.398
0.451314 0.0537918 -0.890743 -104.275 -0.0310693 0.998524 0.0445588 -0.388464 0.891824 0.00756475 0.452319 118.462
0.420044 0.0515141 -0.906041 -104.48 -0.0309052 0.99862 0.04245 -0.391776 0.906978 0.0101705 0.421056 118.515
0.385904 0.0481041 -0.921284 -104.71 -0.0293779 0.998774 0.0398445 -0.389929 0.922071 0.0116892 0.386844 118.579
0.34678 0.0457593 -0.93683 -104.944 -0.0289047 0.998856 0.0380896 -0.380416 0.937501 0.0138701 0.347706 118.631
0.305528 0.0446925 -0.951134 -105.224 -0.027312 0.998898 0.0381636 -0.368321 0.951791 0.0143173 0.306412 118.682
0.262694 0.0434331 -0.963901 -105.515 -0.025206 0.998954 0.0381431 -0.363058 0.96455 0.0142761 0.263514 118.716
0.215812 0.041112 -0.975569 -105.801 -0.0235723 0.999041 0.0368865 -0.349012 0.97615 0.0150358 0.216575 118.727
0.166785 0.039407 -0.985205 -106.119 -0.0218832 0.999103 0.0362583 -0.340479 0.98575 0.0155121 0.167498 118.732
0.116103 0.0391972 -0.992463 -106.452 -0.0200621 0.99911 0.0371128 -0.33026 0.993035 0.015602 0.116786 118.729
0.0645077 0.0403848 -0.9971 -106.785 -0.0183888 0.999059 0.0392745 -0.311267 0.997748 0.015802 0.0651896 118.701
0.0119439 0.043072 -0.999001 -107.146 -0.0139806 0.998981 0.042904 -0.301429 0.999831 0.0134542 0.0125339 118.66
-0.0419696 0.0452321 -0.998094 -107.492 -0.00953934 0.998911 0.0456702 -0.289223 0.999073 0.0114379 -0.0414924 118.599
-0.0945197 0.0468804 -0.994419 -107.893 -0.00427513 0.998862 0.0474963 -0.272306 0.995514 0.0087406 -0.0942117 118.519
-0.146909 0.0487558 -0.987948 -108.272 -0.000477908 0.998781 0.0493615 -0.262447 0.98915 0.00772379 -0.146707 118.415
-0.199735 0.0501213 -0.978567 -108.658 0.00273052 0.998715 0.0505959 -0.243537 0.979846 0.0074338 -0.199616 118.298
-0.248478 0.0511814 -0.967284 -109.067 0.00673208 0.99867 0.0511127 -0.221865 0.968614 0.00618857 -0.248492 118.145
-0.296461 0.0530884 -0.953568 -109.484 0.0129745 0.998586 0.051561 -0.208169 0.954957 0.00291373 -0.296731 117.978
-0.343538 0.0537355 -0.9376 -109.908 0.0175247 0.998555 0.0508079 -0.185551 0.938975 0.00102326 -0.343984 117.789
-0.388398 0.0561839 -0.919777 -110.326 0.0237943 0.998418 0.0509399 -0.178942 0.921185 -0.00210053 -0.38912 117.567
-0.431361 0.057775 -0.900327 -110.765 0.0285455 0.998322 0.0503867 -0.157169 0.901728 -0.00396545 -0.432287 117.326
-0.469785 0.058931 -0.880811 -111.202 0.0318128 0.998251 0.0498209 -0.137971 0.882207 -0.00461598 -0.470839 117.051
-0.502748 0.0592607 -0.862399 -111.636 0.0333432 0.998234 0.0491569 -0.120207 0.86379 -0.00404162 -0.503836 116.754
-0.530946 0.0591949 -0.845336 -112.09 0.0338188 0.998243 0.0486611 -0.101009 0.846731 -0.00275184 -0.532015 116.432
