1.000000e+00 -1.734723e-18 -6.776264e-21 0.000000e+00 0.000000e+00 1.000000e+00 8.673617e-19 0.000000e+00 -2.168404e-19 -8.673617e-19 1.000000e+00 0.000000e+00
9.999813e-01 5.215118e-04 -6.096570e-03 -7.893251e-03 -5.203759e-04 9.999998e-01 1.879140e-04 -1.760533e-03 6.096668e-03 -1.847380e-04 9.999814e-01 8.809910e-02
9.999143e-01 1.638679e-03 -1.298800e-02 -1.557601e-02 -1.635583e-03 9.999986e-01 2.489584e-04 -5.784219e-03 1.298839e-02 -2.276941e-04 9.999156e-01 1.817699e-01
9.997875e-01 1.349008e-03 -2.056970e-02 -2.383242e-02 -1.351799e-03 9.999991e-01 -1.218097e-04 -3.886633e-03 2.056952e-02 1.495899e-04 9.997884e-01 2.662505e-01
9.995640e-01 1.340418e-03 -2.949667e-02 -3.770596e-02 -1.371442e-03 9.999985e-01 -1.031565e-03 -2.522525e-03 2.949525e-02 1.071569e-03 9.995643e-01 3.841464e-01
9.991755e-01 9.673856e-04 -4.058754e-02 -5.311716e-02 -1.075277e-03 9.999959e-01 -2.636494e-03 -7.928209e-03 4.058483e-02 2.677963e-03 9.991725e-01 5.020768e-01
9.985149e-01 1.476234e-03 -5.445862e-02 -7.380259e-02 -1.677647e-03 9.999919e-01 -3.652922e-03 -8.033450e-03 5.445279e-02 3.738860e-03 9.985093e-01 6.321808e-01
9.974618e-01 1.061185e-03 -7.119583e-02 -1.018244e-01 -1.344852e-03 9.999913e-01 -3.936507e-03 -9.053796e-03 7.119104e-02 4.022263e-03 9.974546e-01 7.740103e-01
9.960017e-01 -3.025403e-04 -8.933353e-02 -1.242536e-01 -4.666586e-05 9.999924e-01 -3.906901e-03 -4.985655e-03 8.933404e-02 3.895449e-03 9.959941e-01 9.200079e-01
9.940234e-01 -7.379235e-04 -1.091648e-01 -1.632181e-01 3.474232e-04 9.999935e-01 -3.596139e-03 -9.753064e-03 1.091668e-01 3.536720e-03 9.940172e-01 1.075924e+00
9.913323e-01 -1.091911e-03 -1.313742e-01 -2.048669e-01 5.625532e-04 9.999916e-01 -4.066437e-03 -1.771466e-02 1.313775e-01 3.957285e-03 9.913245e-01 1.252378e+00
9.878414e-01 1.533910e-03 -1.554575e-01 -2.657789e-01 -2.365143e-03 9.999839e-01 -5.162185e-03 -2.598306e-02 1.554471e-01 5.467099e-03 9.878291e-01 1.429765e+00
9.834635e-01 5.288964e-03 -1.810291e-01 -3.330420e-01 -6.624026e-03 9.999551e-01 -6.771070e-03 -3.348269e-02 1.809852e-01 7.858242e-03 9.834544e-01 1.608625e+00
9.781318e-01 8.760913e-03 -2.078012e-01 -4.076259e-01 -1.067917e-02 9.999101e-01 -8.111147e-03 -3.686689e-02 2.077115e-01 1.015291e-02 9.781375e-01 1.788359e+00
9.712948e-01 1.009185e-02 -2.376649e-01 -4.888879e-01 -1.232659e-02 9.998927e-01 -7.918652e-03 -4.207376e-02 2.375595e-01 1.062094e-02 9.713149e-01 1.985021e+00
9.634812e-01 1.145476e-02 -2.675310e-01 -5.797960e-01 -1.396873e-02 9.998743e-01 -7.495517e-03 -4.858482e-02 2.674115e-01 1.095886e-02 9.635201e-01 2.169147e+00
9.538730e-01 1.365415e-02 -2.998998e-01 -6.669952e-01 -1.635894e-02 9.998450e-01 -6.509901e-03 -5.328025e-02 2.997644e-01 1.111566e-02 9.539485e-01 2.358660e+00
9.427335e-01 1.518877e-02 -3.332010e-01 -7.903448e-01 -1.807085e-02 9.998213e-01 -5.552017e-03 -5.452119e-02 3.330572e-01 1.125530e-02 9.428395e-01 2.553798e+00
9.301856e-01 1.761753e-02 -3.666666e-01 -9.035787e-01 -2.087863e-02 9.997699e-01 -4.929633e-03 -5.939852e-02 3.664954e-01 1.224097e-02 9.303393e-01 2.748319e+00
9.161406e-01 2.000342e-02 -4.003577e-01 -1.018068e+00 -2.384906e-02 9.997049e-01 -4.624786e-03 -5.987509e-02 4.001471e-01 1.378511e-02 9.163473e-01 2.943967e+00
9.006376e-01 2.123801e-02 -4.340516e-01 -1.163791e+00 -2.537707e-02 9.996709e-01 -3.742692e-03 -5.591298e-02 4.338293e-01 1.438577e-02 9.008802e-01 3.143609e+00
8.823897e-01 1.753005e-02 -4.701926e-01 -1.298060e+00 -2.223614e-02 9.997428e-01 -4.456480e-03 -5.389731e-02 4.699936e-01 1.438762e-02 8.825526e-01 3.323697e+00
8.613042e-01 1.478473e-02 -5.078744e-01 -1.433040e+00 -1.992959e-02 9.997904e-01 -4.693705e-03 -5.670265e-02 5.076986e-01 1.416444e-02 8.614183e-01 3.502596e+00
8.365090e-01 1.557749e-02 -5.477317e-01 -1.620592e+00 -1.982450e-02 9.998018e-01 -1.842095e-03 -6.882166e-02 5.475945e-01 1.239944e-02 8.366520e-01 3.694129e+00
8.076586e-01 2.052651e-02 -5.892929e-01 -1.812640e+00 -2.378706e-02 9.997146e-01 2.221018e-03 -7.533334e-02 5.891704e-01 1.222372e-02 8.079164e-01 3.865072e+00
7.754986e-01 2.400130e-02 -6.308929e-01 -2.025177e+00 -2.706900e-02 9.996223e-01 4.755585e-03 -8.009652e-02 6.307688e-01 1.338969e-02 7.758553e-01 4.028783e+00
7.400229e-01 2.323790e-02 -6.721801e-01 -2.228904e+00 -2.699543e-02 9.996239e-01 4.837881e-03 -7.316006e-02 6.720398e-01 1.456565e-02 7.403718e-01 4.179739e+00
7.009611e-01 1.987941e-02 -7.129224e-01 -2.451122e+00 -2.296997e-02 9.997221e-01 5.292064e-03 -7.159434e-02 7.128296e-01 1.266628e-02 7.012229e-01 4.339753e+00
6.588870e-01 1.812240e-02 -7.520236e-01 -2.698060e+00 -1.921536e-02 9.997890e-01 7.257517e-03 -7.894212e-02 7.519965e-01 9.668515e-03 6.590962e-01 4.507412e+00
6.148180e-01 1.692550e-02 -7.884874e-01 -2.954301e+00 -1.610968e-02 9.998306e-01 8.900726e-03 -8.196805e-02 7.885045e-01 7.229950e-03 6.149865e-01 4.641875e+00
5.664781e-01 1.719154e-02 -8.238974e-01 -3.233828e+00 -1.414495e-02 9.998379e-01 1.113724e-02 -7.888772e-02 8.239554e-01 5.344984e-03 5.666294e-01 4.767549e+00
5.162005e-01 1.797196e-02 -8.562791e-01 -3.548093e+00 -1.271962e-02 9.998304e-01 1.331697e-02 -8.150675e-02 8.563733e-01 4.017321e-03 5.163416e-01 4.901237e+00
4.643524e-01 1.922639e-02 -8.854418e-01 -3.836319e+00 -1.170559e-02 9.998102e-01 1.557101e-02 -7.656048e-02 8.855732e-01 3.134184e-03 4.644893e-01 4.995426e+00
4.096662e-01 2.153522e-02 -9.119813e-01 -4.172139e+00 -1.154155e-02 9.997637e-01 1.842356e-02 -7.174051e-02 9.121625e-01 2.978166e-03 4.098179e-01 5.086771e+00
3.551174e-01 2.351486e-02 -9.345259e-01 -4.530421e+00 -1.049866e-02 9.997209e-01 2.116585e-02 -6.993333e-02 9.347628e-01 2.294905e-03 3.552652e-01 5.159911e+00
2.992552e-01 2.638717e-02 -9.538082e-01 -4.882654e+00 -9.373172e-03 9.996506e-01 2.471459e-02 -6.695419e-02 9.541271e-01 1.544238e-03 2.993979e-01 5.230718e+00
2.458425e-01 2.834203e-02 -9.688953e-01 -5.285661e+00 -5.742917e-03 9.995975e-01 2.778294e-02 -6.534207e-02 9.692928e-01 -1.265944e-03 2.459063e-01 5.290849e+00
1.952255e-01 2.932596e-02 -9.803198e-01 -5.670209e+00 -2.758944e-03 9.995653e-01 2.935226e-02 -6.607490e-02 9.807546e-01 -3.025661e-03 1.952215e-01 5.324703e+00
1.474473e-01 3.057564e-02 -9.885972e-01 -6.076907e+00 -4.457269e-03 9.995325e-01 3.024905e-02 -6.637512e-02 9.890599e-01 -5.369901e-05 1.475147e-01 5.314321e+00
1.054613e-01 3.054787e-02 -9.939541e-01 -6.514317e+00 -5.616829e-03 9.995304e-01 3.012329e-02 -4.961261e-02 9.944076e-01 2.406029e-03 1.055833e-01 5.337085e+00
6.713965e-02 2.974714e-02 -9.973000e-01 -6.947038e+00 -6.607359e-03 9.995468e-01 2.936934e-02 -3.029941e-02 9.977218e-01 4.617672e-03 6.730578e-02 5.315388e+00
3.269856e-02 2.720951e-02 -9.990948e-01 -7.419769e+00 -6.952382e-03 9.996114e-01 2.699604e-02 -2.235230e-02 9.994411e-01 6.063356e-03 3.287502e-02 5.317410e+00
1.171060e-03 2.482472e-02 -9.996911e-01 -7.889610e+00 -6.142777e-03 9.996731e-01 2.481707e-02 -2.263635e-02 9.999805e-01 6.111817e-03 1.323171e-03 5.303946e+00
-2.594644e-02 2.317488e-02 -9.993946e-01 -8.360630e+00 -6.409031e-03 9.997068e-01 2.334851e-02 -1.509045e-02 9.996428e-01 7.010961e-03 -2.579030e-02 5.253321e+00
-4.675275e-02 2.080729e-02 -9.986897e-01 -8.874345e+00 -7.402951e-03 9.997484e-01 2.117590e-02 -8.471169e-03 9.988791e-01 8.383282e-03 -4.658694e-02 5.217234e+00
-6.377461e-02 2.035390e-02 -9.977567e-01 -9.387416e+00 -8.129032e-03 9.997482e-01 2.091412e-02 2.946445e-03 9.979313e-01 9.444585e-03 -6.359309e-02 5.181436e+00
-7.665770e-02 2.004506e-02 -9.968559e-01 -9.948694e+00 -6.394509e-03 9.997674e-01 2.059534e-02 1.032584e-02 9.970370e-01 7.953195e-03 -7.651170e-02 5.120700e+00
-8.606872e-02 2.124315e-02 -9.960627e-01 -1.051890e+01 -7.384139e-03 9.997316e-01 2.195945e-02 1.256077e-02 9.962619e-01 9.245086e-03 -8.588875e-02 5.058306e+00
-9.405135e-02 2.209129e-02 -9.953222e-01 -1.107716e+01 -9.685947e-03 9.996862e-01 2.310341e-02 1.439077e-02 9.955203e-01 1.181354e-02 -9.380786e-02 4.996512e+00
-9.746527e-02 2.349301e-02 -9.949616e-01 -1.167500e+01 -8.576550e-03 9.996644e-01 2.444420e-02 2.018788e-02 9.952020e-01 1.091580e-02 -9.723107e-02 4.932742e+00
-9.915722e-02 2.402250e-02 -9.947817e-01 -1.227985e+01 -7.416212e-03 9.996629e-01 2.487960e-02 3.125022e-02 9.950442e-01 9.844504e-03 -9.894565e-02 4.869747e+00
-9.835348e-02 2.607153e-02 -9.948099e-01 -1.291874e+01 -5.354171e-03 9.996284e-01 2.672716e-02 3.667572e-02 9.951372e-01 7.955091e-03 -9.817734e-02 4.805610e+00
-9.778238e-02 2.790948e-02 -9.948164e-01 -1.355652e+01 -4.361443e-03 9.995851e-01 2.847196e-02 3.854370e-02 9.951983e-01 7.122891e-03 -9.762008e-02 4.742122e+00
-9.547247e-02 2.880376e-02 -9.950152e-01 -1.419524e+01 -4.053673e-03 9.995617e-01 2.932433e-02 4.287438e-02 9.954239e-01 6.833132e-03 -9.531387e-02 4.666825e+00
-9.329207e-02 2.659254e-02 -9.952835e-01 -1.487208e+01 -4.450514e-03 9.996221e-01 2.712562e-02 4.827536e-02 9.956289e-01 6.960128e-03 -9.313846e-02 4.601948e+00
-9.261503e-02 2.609060e-02 -9.953601e-01 -1.555615e+01 -7.515393e-03 9.996098e-01 2.690128e-02 6.158873e-02 9.956737e-01 9.971985e-03 -9.238282e-02 4.536472e+00
-9.053193e-02 2.900490e-02 -9.954710e-01 -1.626469e+01 -6.992119e-03 9.995326e-01 2.975913e-02 7.269992e-02 9.958690e-01 9.654603e-03 -9.028681e-02 4.459197e+00
-8.930433e-02 3.263663e-02 -9.954695e-01 -1.697957e+01 -7.303232e-03 9.994147e-01 3.342115e-02 8.859907e-02 9.959777e-01 1.025480e-02 -8.901370e-02 4.401797e+00
-8.730597e-02 3.408940e-02 -9.955981e-01 -1.771391e+01 -8.003611e-03 9.993581e-01 3.492000e-02 1.102805e-01 9.961494e-01 1.101710e-02 -8.697709e-02 4.326246e+00
-8.600723e-02 3.387755e-02 -9.957183e-01 -1.844057e+01 -8.545611e-03 9.993599e-01 3.473959e-02 1.162152e-01 9.962579e-01 1.149688e-02 -8.566267e-02 4.260290e+00
-8.368765e-02 3.126630e-02 -9.960014e-01 -1.919069e+01 -1.116335e-02 9.994155e-01 3.231146e-02 1.252471e-01 9.964295e-01 1.382278e-02 -8.328970e-02 4.180754e+00
-8.206747e-02 3.038402e-02 -9.961635e-01 -1.997180e+01 -1.393602e-02 9.994025e-01 3.163090e-02 1.408221e-01 9.965294e-01 1.647842e-02 -8.159499e-02 4.111354e+00
-8.081565e-02 3.233718e-02 -9.962043e-01 -2.073726e+01 -1.283413e-02 9.993570e-01 3.348066e-02 1.639296e-01 9.966465e-01 1.549118e-02 -8.034866e-02 4.046011e+00
-7.928816e-02 3.477148e-02 -9.962451e-01 -2.155059e+01 -1.027430e-02 9.993099e-01 3.569614e-02 1.753432e-01 9.967988e-01 1.306600e-02 -7.887619e-02 3.986294e+00
-7.815806e-02 3.608539e-02 -9.962876e-01 -2.233856e+01 -9.010905e-03 9.992783e-01 3.690061e-02 1.910909e-01 9.969003e-01 1.186153e-02 -7.777649e-02 3.917678e+00
-7.693673e-02 3.208896e-02 -9.965194e-01 -2.313450e+01 -6.341668e-03 9.994460e-01 3.267281e-02 2.086494e-01 9.970159e-01 8.833334e-03 -7.669061e-02 3.844742e+00
-7.667946e-02 2.567625e-02 -9.967251e-01 -2.393369e+01 -7.099059e-03 9.996290e-01 2.629719e-02 2.203037e-01 9.970306e-01 9.092265e-03 -7.646873e-02 3.781065e+00
-7.717603e-02 2.205098e-02 -9.967736e-01 -2.474918e+01 -6.388191e-03 9.997239e-01 2.261086e-02 2.332027e-01 9.969971e-01 8.112596e-03 -7.701386e-02 3.719476e+00
-7.711905e-02 2.164048e-02 -9.967870e-01 -2.558561e+01 -5.615353e-03 9.997391e-01 2.213902e-02 2.385061e-01 9.970061e-01 7.304650e-03 -7.697741e-02 3.652339e+00
-7.709626e-02 2.873363e-02 -9.966095e-01 -2.644256e+01 -5.455975e-03 9.995575e-01 2.924069e-02 2.469697e-01 9.970088e-01 7.691823e-03 -7.690537e-02 3.577188e+00
-7.846102e-02 3.469628e-02 -9.963132e-01 -2.730665e+01 -5.616239e-03 9.993629e-01 3.524478e-02 2.742189e-01 9.969014e-01 8.360874e-03 -7.821617e-02 3.507402e+00
-7.778947e-02 4.036789e-02 -9.961522e-01 -2.813911e+01 -4.612788e-03 9.991547e-01 4.084977e-02 2.927202e-01 9.969592e-01 7.772720e-03 -7.753751e-02 3.428445e+00
-7.924240e-02 4.163406e-02 -9.959855e-01 -2.898429e+01 -5.098702e-03 9.990974e-01 4.216980e-02 3.041880e-01 9.968424e-01 8.419870e-03 -7.895860e-02 3.342680e+00
-8.011512e-02 3.918665e-02 -9.960150e-01 -2.980366e+01 -1.058782e-02 9.991371e-01 4.016112e-02 3.218661e-01 9.967294e-01 1.376314e-02 -7.963109e-02 3.269289e+00
-8.014108e-02 3.713024e-02 -9.960917e-01 -3.063254e+01 -9.615027e-03 9.992307e-01 3.802083e-02 3.307586e-01 9.967372e-01 1.262448e-02 -7.972242e-02 3.199331e+00
-8.055778e-02 3.829100e-02 -9.960141e-01 -3.148385e+01 -1.059509e-02 9.991725e-01 3.926935e-02 3.409162e-01 9.966937e-01 1.371631e-02 -8.008542e-02 3.118281e+00
-8.058406e-02 3.971437e-02 -9.959563e-01 -3.232797e+01 -1.102497e-02 9.991093e-01 4.073214e-02 3.686993e-01 9.966869e-01 1.426274e-02 -8.007443e-02 3.044548e+00
-8.123643e-02 3.833230e-02 -9.959574e-01 -3.314709e+01 -1.023353e-02 9.991754e-01 3.929086e-02 3.862764e-01 9.966424e-01 1.338401e-02 -8.077717e-02 2.978426e+00
-7.912131e-02 3.371034e-02 -9.962948e-01 -3.397547e+01 -1.238009e-02 9.993178e-01 3.479580e-02 3.914234e-01 9.967882e-01 1.508731e-02 -7.864999e-02 2.901783e+00
-8.028486e-02 3.016052e-02 -9.963155e-01 -3.480980e+01 -1.503541e-02 9.993918e-01 3.146522e-02 4.049115e-01 9.966586e-01 1.750619e-02 -7.978255e-02 2.827001e+00
-7.903493e-02 3.047317e-02 -9.964059e-01 -3.563592e+01 -1.541129e-02 9.993759e-01 3.178642e-02 4.120665e-01 9.967528e-01 1.786814e-02 -7.851597e-02 2.753605e+00
-7.826044e-02 3.262307e-02 -9.963990e-01 -3.649087e+01 -1.390505e-02 9.993315e-01 3.381123e-02 4.264326e-01 9.968360e-01 1.650106e-02 -7.775450e-02 2.680309e+00
-7.876924e-02 3.738684e-02 -9.961915e-01 -3.731764e+01 -1.582121e-02 9.991238e-01 3.874787e-02 4.379967e-01 9.967674e-01 1.881310e-02 -7.810871e-02 2.611533e+00
-7.749959e-02 4.307097e-02 -9.960616e-01 -3.814716e+01 -1.255422e-02 9.989450e-01 4.417245e-02 4.550536e-01 9.969134e-01 1.592812e-02 -7.687711e-02 2.548161e+00
-7.800432e-02 4.533051e-02 -9.959219e-01 -3.898358e+01 -1.217509e-02 9.988479e-01 4.641729e-02 4.856514e-01 9.968787e-01 1.574619e-02 -7.736255e-02 2.482009e+00
-7.700326e-02 4.592287e-02 -9.959726e-01 -3.983644e+01 -1.004967e-02 9.988522e-01 4.683263e-02 4.976028e-01 9.969802e-01 1.361546e-02 -7.645336e-02 2.410592e+00
-7.671522e-02 4.160402e-02 -9.961846e-01 -4.066158e+01 -8.876479e-03 9.990610e-01 4.240772e-02 5.114523e-01 9.970136e-01 1.209593e-02 -7.627388e-02 2.341666e+00
-7.657697e-02 3.820021e-02 -9.963316e-01 -4.145141e+01 -9.252033e-03 9.991956e-01 3.902111e-02 5.230712e-01 9.970208e-01 1.220621e-02 -7.616194e-02 2.279546e+00
-7.635236e-02 3.572446e-02 -9.964407e-01 -4.228247e+01 -1.312008e-02 9.992354e-01 3.682998e-02 5.365018e-01 9.969946e-01 1.588543e-02 -7.582527e-02 2.202549e+00
-7.679425e-02 3.399080e-02 -9.964674e-01 -4.311461e+01 -1.577977e-02 9.992521e-01 3.530188e-02 5.549232e-01 9.969221e-01 1.843501e-02 -7.620045e-02 2.124682e+00
-7.693579e-02 3.233720e-02 -9.965115e-01 -4.394765e+01 -1.630787e-02 9.992994e-01 3.368672e-02 5.732869e-01 9.969027e-01 1.884269e-02 -7.635453e-02 2.057761e+00
-7.765909e-02 2.896532e-02 -9.965591e-01 -4.476010e+01 -1.248562e-02 9.994712e-01 3.002293e-02 5.838927e-01 9.969018e-01 1.477421e-02 -7.725637e-02 1.995799e+00
-7.899527e-02 2.690348e-02 -9.965118e-01 -4.558149e+01 -8.441237e-03 9.995819e-01 2.765551e-02 5.885647e-01 9.968393e-01 1.059645e-02 -7.873514e-02 1.925639e+00
-7.966207e-02 3.023403e-02 -9.963633e-01 -4.641996e+01 -7.916001e-03 9.994892e-01 3.096179e-02 5.935599e-01 9.967905e-01 1.035369e-02 -7.938205e-02 1.855371e+00
-8.241464e-02 3.608078e-02 -9.959447e-01 -4.721870e+01 -5.833817e-03 9.993098e-01 3.668544e-02 6.128058e-01 9.965811e-01 8.833576e-03 -8.214727e-02 1.792945e+00
-8.341859e-02 3.876287e-02 -9.957604e-01 -4.805415e+01 -5.363585e-03 9.992112e-01 3.934653e-02 6.395371e-01 9.965002e-01 8.623076e-03 -8.314488e-02 1.717944e+00
-8.518540e-02 3.844751e-02 -9.956230e-01 -4.887450e+01 -6.904364e-03 9.992084e-01 3.917670e-02 6.526556e-01 9.963412e-01 1.021143e-02 -8.485251e-02 1.645456e+00
-8.709116e-02 3.541325e-02 -9.955707e-01 -4.966950e+01 -9.044960e-03 9.992987e-01 3.633710e-02 6.575547e-01 9.961593e-01 1.216954e-02 -8.670977e-02 1.569860e+00
-8.759649e-02 3.208873e-02 -9.956390e-01 -5.047498e+01 -1.321802e-02 9.993556e-01 3.337144e-02 6.695093e-01 9.960684e-01 1.608360e-02 -8.711589e-02 1.484042e+00
-8.887336e-02 3.076083e-02 -9.955678e-01 -5.127309e+01 -1.674106e-02 9.993357e-01 3.237170e-02 6.800808e-01 9.959023e-01 1.954384e-02 -8.829935e-02 1.400964e+00
-8.988955e-02 3.201134e-02 -9.954371e-01 -5.209398e+01 -1.584856e-02 9.993108e-01 3.356706e-02 6.822564e-01 9.958257e-01 1.879357e-02 -8.932026e-02 1.316785e+00
-9.129422e-02 3.265302e-02 -9.952884e-01 -5.287454e+01 -1.740126e-02 9.992574e-01 3.437938e-02 7.004702e-01 9.956720e-01 2.045791e-02 -9.065821e-02 1.237403e+00
-9.288983e-02 3.267176e-02 -9.951402e-01 -5.364109e+01 -1.842456e-02 9.992340e-01 3.452597e-02 7.038766e-01 9.955060e-01 2.154213e-02 -9.221670e-02 1.157241e+00
-9.336321e-02 3.260169e-02 -9.950982e-01 -5.441729e+01 -1.852003e-02 9.992340e-01 3.447480e-02 7.158232e-01 9.954599e-01 2.164792e-02 -9.268790e-02 1.073987e+00
-9.303164e-02 3.463291e-02 -9.950606e-01 -5.520287e+01 -1.789630e-02 9.991752e-01 3.644931e-02 7.281669e-01 9.955023e-01 2.119885e-02 -9.233511e-02 9.997274e-01
-9.406724e-02 3.688456e-02 -9.948823e-01 -5.598356e+01 -1.670811e-02 9.991142e-01 3.862122e-02 7.360865e-01 9.954257e-01 2.025560e-02 -9.336765e-02 9.203975e-01
-9.374482e-02 4.102453e-02 -9.947506e-01 -5.674581e+01 -1.680528e-02 9.989431e-01 4.278115e-02 7.548636e-01 9.954545e-01 2.072757e-02 -9.295631e-02 8.402002e-01
-9.459226e-02 4.368781e-02 -9.945570e-01 -5.750373e+01 -1.692078e-02 9.988217e-01 4.548448e-02 7.713520e-01 9.953723e-01 2.113116e-02 -9.374157e-02 7.682714e-01
-9.494365e-02 4.361955e-02 -9.945265e-01 -5.825728e+01 -1.527829e-02 9.988580e-01 4.526808e-02 7.869266e-01 9.953654e-01 1.949258e-02 -9.416879e-02 6.966059e-01
-9.468722e-02 4.204398e-02 -9.946188e-01 -5.900001e+01 -1.474930e-02 9.989388e-01 4.363072e-02 8.005790e-01 9.953978e-01 1.880120e-02 -9.396662e-02 6.170018e-01
-9.556137e-02 3.870073e-02 -9.946709e-01 -5.974296e+01 -1.304501e-02 9.991094e-01 4.012670e-02 8.134518e-01 9.953381e-01 1.681005e-02 -9.497142e-02 5.403253e-01
-9.493737e-02 3.656421e-02 -9.948115e-01 -6.045707e+01 -1.583474e-02 9.991433e-01 3.823457e-02 8.243810e-01 9.953573e-01 1.938248e-02 -9.427705e-02 4.675506e-01
-9.402063e-02 3.421702e-02 -9.949820e-01 -6.117520e+01 -1.580918e-02 9.992319e-01 3.585705e-02 8.292639e-01 9.954448e-01 1.910115e-02 -9.340747e-02 3.888535e-01
-9.207150e-02 3.303431e-02 -9.952042e-01 -6.187099e+01 -1.536128e-02 9.992835e-01 3.459086e-02 8.296665e-01 9.956339e-01 1.847244e-02 -9.149808e-02 3.169564e-01
-8.760958e-02 3.395358e-02 -9.955760e-01 -6.251860e+01 -1.699925e-02 9.992225e-01 3.557386e-02 8.385568e-01 9.960099e-01 2.004065e-02 -8.696427e-02 2.546583e-01
-8.284906e-02 3.527881e-02 -9.959374e-01 -6.320719e+01 -1.518562e-02 9.992125e-01 3.665807e-02 8.478913e-01 9.964464e-01 1.816101e-02 -8.224809e-02 1.928150e-01
-7.494024e-02 3.706944e-02 -9.964987e-01 -6.385049e+01 -1.458269e-02 9.991612e-01 3.826516e-02 8.508226e-01 9.970814e-01 1.739923e-02 -7.433681e-02 1.437752e-01
-6.680928e-02 3.768365e-02 -9.970538e-01 -6.447967e+01 -1.749284e-02 9.990887e-01 3.893270e-02 8.668937e-01 9.976125e-01 2.004237e-02 -6.608920e-02 1.026126e-01
-5.550991e-02 3.977530e-02 -9.976655e-01 -6.510236e+01 -1.891572e-02 9.989850e-01 4.088037e-02 8.756482e-01 9.982790e-01 2.114083e-02 -5.470119e-02 6.141435e-02
-4.097510e-02 4.138807e-02 -9.983026e-01 -6.569081e+01 -2.277591e-02 9.988434e-01 4.234532e-02 8.883979e-01 9.989006e-01 2.447235e-02 -3.998505e-02 4.179042e-02
-2.265503e-02 4.266669e-02 -9.988324e-01 -6.628022e+01 -2.490674e-02 9.987547e-01 4.322829e-02 9.003109e-01 9.994331e-01 2.585699e-02 -2.156413e-02 2.529420e-02
8.210164e-05 4.319074e-02 -9.990668e-01 -6.683929e+01 -2.555945e-02 9.987405e-01 4.317453e-02 9.143610e-01 9.996733e-01 2.553205e-02 1.185931e-03 3.317861e-02
2.479695e-02 4.350513e-02 -9.987454e-01 -6.738822e+01 -2.563605e-02 9.987517e-01 4.286891e-02 9.261471e-01 9.993638e-01 2.454087e-02 2.588130e-02 6.250067e-02
5.453186e-02 4.387346e-02 -9.975476e-01 -6.790810e+01 -2.471721e-02 9.987874e-01 4.257680e-02 9.286059e-01 9.982061e-01 2.233480e-02 5.555016e-02 1.107252e-01
8.762609e-02 4.342932e-02 -9.952062e-01 -6.839817e+01 -2.363668e-02 9.988586e-01 4.150754e-02 9.371058e-01 9.958730e-01 1.988623e-02 8.855260e-02 1.788673e-01
1.259798e-01 4.357186e-02 -9.910754e-01 -6.887301e+01 -2.257825e-02 9.989021e-01 4.104593e-02 9.492798e-01 9.917759e-01 1.720579e-02 1.268253e-01 2.603058e-01
1.661438e-01 4.307749e-02 -9.851601e-01 -6.934784e+01 -2.312151e-02 9.989409e-01 3.978071e-02 9.573634e-01 9.858305e-01 1.616907e-02 1.669638e-01 3.677693e-01
2.108008e-01 4.430960e-02 -9.765242e-01 -6.978494e+01 -2.266241e-02 9.989252e-01 4.043394e-02 9.578719e-01 9.772663e-01 1.360689e-02 2.115784e-01 5.058052e-01
2.595192e-01 4.292890e-02 -9.647833e-01 -7.023886e+01 -2.185750e-02 9.990167e-01 3.857265e-02 9.814843e-01 9.654906e-01 1.107741e-02 2.602024e-01 6.573208e-01
3.084568e-01 3.841690e-02 -9.504622e-01 -7.065245e+01 -1.397616e-02 9.992593e-01 3.585351e-02 9.855972e-01 9.511357e-01 2.224554e-03 3.087653e-01 8.504430e-01
3.601194e-01 3.364107e-02 -9.322994e-01 -7.105457e+01 -7.107597e-03 9.994195e-01 3.331758e-02 9.761248e-01 9.328792e-01 -5.371897e-03 3.601494e-01 1.059545e+00
4.113306e-01 2.923651e-02 -9.110172e-01 -7.144096e+01 -2.048042e-03 9.995126e-01 3.115181e-02 9.751368e-01 9.114840e-01 -1.094789e-02 4.111900e-01 1.297934e+00
4.622003e-01 2.773345e-02 -8.863417e-01 -7.180958e+01 2.009486e-05 9.995105e-01 3.128496e-02 9.753114e-01 8.867756e-01 -1.447773e-02 4.619735e-01 1.543229e+00
5.096609e-01 2.683105e-02 -8.599568e-01 -7.217378e+01 -9.046738e-04 9.995298e-01 3.064963e-02 1.000396e+00 8.603749e-01 -1.484294e-02 5.094455e-01 1.809851e+00
5.553829e-01 2.333766e-02 -8.312672e-01 -7.250820e+01 3.893541e-03 9.995222e-01 3.066273e-02 1.020031e+00 8.315857e-01 -2.026613e-02 5.550267e-01 2.086278e+00
5.990550e-01 1.717658e-02 -8.005236e-01 -7.283077e+01 1.396164e-02 9.993938e-01 3.189157e-02 1.017623e+00 8.005862e-01 -3.028143e-02 5.984520e-01 2.394216e+00
6.401736e-01 1.060758e-02 -7.681570e-01 -7.311702e+01 2.010401e-02 9.993309e-01 3.055435e-02 9.916358e-01 7.679672e-01 -3.500312e-02 6.395320e-01 2.704364e+00
6.814409e-01 6.209643e-03 -7.318468e-01 -7.339497e+01 1.644614e-02 9.995816e-01 2.379476e-02 9.936337e-01 7.316884e-01 -2.825078e-02 6.810537e-01 3.031069e+00
7.216181e-01 5.874113e-04 -6.922911e-01 -7.367208e+01 1.272464e-02 9.998195e-01 1.411203e-02 9.989566e-01 6.921744e-01 -1.899265e-02 7.214803e-01 3.356273e+00
7.614290e-01 -3.355593e-03 -6.482396e-01 -7.395459e+01 8.993661e-03 9.999450e-01 5.387861e-03 9.990352e-01 6.481859e-01 -9.932521e-03 7.614173e-01 3.726025e+00
7.980273e-01 -4.018038e-03 -6.026078e-01 -7.420584e+01 5.911724e-03 9.999819e-01 1.161206e-03 1.009617e+00 6.025923e-01 -4.489126e-03 7.980366e-01 4.128924e+00
8.324694e-01 -5.304230e-03 -5.540457e-01 -7.443701e+01 6.230259e-03 9.999806e-01 -2.123074e-04 1.010041e+00 5.540361e-01 -3.275109e-03 8.324862e-01 4.540838e+00
8.635470e-01 -4.844655e-03 -5.042450e-01 -7.467179e+01 4.658191e-03 9.999878e-01 -1.630218e-03 9.992026e-01 5.042468e-01 -9.411001e-04 8.635591e-01 5.009950e+00
8.895449e-01 -3.231369e-03 -4.568364e-01 -7.489084e+01 2.806792e-03 9.999948e-01 -1.607981e-03 9.973428e-01 4.568392e-01 1.481258e-04 8.895493e-01 5.491125e+00
9.110525e-01 -5.869056e-04 -4.122898e-01 -7.509429e+01 3.580443e-06 9.999990e-01 -1.415614e-03 9.833595e-01 4.122903e-01 1.288222e-03 9.110516e-01 5.990384e+00
9.284870e-01 4.743023e-03 -3.713347e-01 -7.528522e+01 -5.920616e-03 9.999804e-01 -2.031279e-03 9.848775e-01 3.713178e-01 4.084546e-03 9.284969e-01 6.513050e+00
9.426377e-01 8.568677e-03 -3.337075e-01 -7.545308e+01 -9.721758e-03 9.999511e-01 -1.785506e-03 9.843260e-01 3.336759e-01 4.927309e-03 9.426750e-01 7.049953e+00
9.529232e-01 9.125014e-03 -3.030744e-01 -7.563158e+01 -9.619152e-03 9.999537e-01 -1.376585e-04 9.710947e-01 3.030591e-01 3.046496e-03 9.529669e-01 7.623021e+00
9.603591e-01 8.862421e-03 -2.786249e-01 -7.577850e+01 -8.787145e-03 9.999602e-01 1.519083e-03 9.716654e-01 2.786273e-01 9.894522e-04 9.603988e-01 8.186441e+00
9.663710e-01 7.680946e-03 -2.570372e-01 -7.593309e+01 -7.128068e-03 9.999698e-01 3.082651e-03 9.623433e-01 2.570532e-01 -1.146806e-03 9.663966e-01 8.795176e+00
9.707365e-01 1.015964e-02 -2.399322e-01 -7.608347e+01 -9.177144e-03 9.999443e-01 5.211847e-03 9.534638e-01 2.399718e-01 -2.857438e-03 9.707757e-01 9.385879e+00
9.746173e-01 1.378647e-02 -2.234526e-01 -7.622670e+01 -1.251137e-02 9.998964e-01 7.121194e-03 9.515215e-01 2.235276e-01 -4.144741e-03 9.746888e-01 1.002000e+01
9.777849e-01 1.533529e-02 -2.090489e-01 -7.638414e+01 -1.405141e-02 9.998722e-01 7.625367e-03 9.492113e-01 2.091391e-01 -4.518537e-03 9.778755e-01 1.067350e+01
9.800186e-01 1.670606e-02 -1.982032e-01 -7.651499e+01 -1.543390e-02 9.998492e-01 7.961688e-03 9.480945e-01 1.983063e-01 -4.743553e-03 9.801286e-01 1.130007e+01
9.827936e-01 1.836602e-02 -1.837919e-01 -7.663200e+01 -1.718970e-02 9.998203e-01 7.991605e-03 9.418905e-01 1.839057e-01 -4.694772e-03 9.829327e-01 1.198699e+01
9.855539e-01 1.734385e-02 -1.684715e-01 -7.674956e+01 -1.610950e-02 9.998325e-01 8.690874e-03 9.463280e-01 1.685941e-01 -5.851332e-03 9.856682e-01 1.267477e+01
9.877259e-01 1.665110e-02 -1.553072e-01 -7.686311e+01 -1.548924e-02 9.998423e-01 8.688239e-03 9.402327e-01 1.554274e-01 -6.176008e-03 9.878280e-01 1.338395e+01
9.897183e-01 1.785074e-02 -1.419120e-01 -7.696870e+01 -1.709955e-02 9.998326e-01 6.511185e-03 9.341792e-01 1.420045e-01 -4.017607e-03 9.898579e-01 1.412355e+01
9.911562e-01 1.927442e-02 -1.312930e-01 -7.706903e+01 -1.920445e-02 9.998140e-01 1.799231e-03 9.203986e-01 1.313033e-01 7.380911e-04 9.913420e-01 1.484788e+01
9.922082e-01 2.011064e-02 -1.229568e-01 -7.715867e+01 -2.068726e-02 9.997802e-01 -3.414666e-03 9.041782e-01 1.228612e-01 5.931700e-03 9.924061e-01 1.558801e+01
9.933376e-01 2.057526e-02 -1.133891e-01 -7.724350e+01 -2.125358e-02 9.997627e-01 -4.776467e-03 9.021842e-01 1.132640e-01 7.154570e-03 9.935392e-01 1.635360e+01
9.939839e-01 2.032775e-02 -1.076235e-01 -7.733196e+01 -2.040580e-02 9.997917e-01 3.761525e-04 8.891752e-01 1.076087e-01 1.822254e-03 9.941917e-01 1.712278e+01
9.945106e-01 2.231479e-02 -1.022290e-01 -7.740927e+01 -2.167912e-02 9.997381e-01 7.325034e-03 8.954153e-01 1.023657e-01 -5.068588e-03 9.947339e-01 1.787602e+01
9.947826e-01 2.723130e-02 -9.831561e-02 -7.749174e+01 -2.626818e-02 9.995936e-01 1.107759e-02 8.833521e-01 9.857731e-02 -8.437224e-03 9.950936e-01 1.866469e+01
9.950939e-01 2.715127e-02 -9.513669e-02 -7.757535e+01 -2.612844e-02 9.995868e-01 1.198071e-02 8.681868e-01 9.542268e-02 -9.436157e-03 9.953921e-01 1.942832e+01
9.955456e-01 2.437087e-02 -9.107752e-02 -7.764812e+01 -2.347223e-02 9.996648e-01 1.092506e-02 8.683552e-01 9.131325e-02 -8.738598e-03 9.957839e-01 2.019756e+01
9.956938e-01 2.260563e-02 -8.990488e-02 -7.771458e+01 -2.161431e-02 9.996945e-01 1.198480e-02 8.624883e-01 9.014835e-02 -9.989960e-03 9.958782e-01 2.097762e+01
9.959178e-01 2.106487e-02 -8.777216e-02 -7.778617e+01 -1.987085e-02 9.996981e-01 1.445526e-02 8.633667e-01 8.805016e-02 -1.265214e-02 9.960357e-01 2.176474e+01
9.963281e-01 1.759214e-02 -8.379008e-02 -7.784931e+01 -1.631950e-02 9.997412e-01 1.584925e-02 8.557613e-01 8.404723e-02 -1.442365e-02 9.963574e-01 2.255369e+01
9.965062e-01 1.496852e-02 -8.216616e-02 -7.791195e+01 -1.389813e-02 9.998111e-01 1.358372e-02 8.509549e-01 8.235397e-02 -1.239430e-02 9.965261e-01 2.331803e+01
9.966872e-01 1.934841e-02 -7.899535e-02 -7.797929e+01 -1.891177e-02 9.998015e-01 6.271867e-03 8.355849e-01 7.910102e-02 -4.757148e-03 9.968553e-01 2.405961e+01
9.967778e-01 2.159439e-02 -7.725112e-02 -7.804400e+01 -2.174686e-02 9.997629e-01 -1.132865e-03 8.207102e-01 7.720835e-02 2.809184e-03 9.970110e-01 2.480584e+01
9.968064e-01 2.379592e-02 -7.622768e-02 -7.811015e+01 -2.423536e-02 9.996945e-01 -4.844834e-03 8.025260e-01 7.608911e-02 6.676768e-03 9.970787e-01 2.556645e+01
9.970255e-01 2.472940e-02 -7.299744e-02 -7.816495e+01 -2.504025e-02 9.996808e-01 -3.346175e-03 7.855377e-01 7.289140e-02 5.164096e-03 9.973265e-01 2.633823e+01
9.971121e-01 2.636732e-02 -7.121915e-02 -7.823000e+01 -2.644670e-02 9.996502e-01 -1.717494e-04 7.775773e-01 7.118972e-02 2.054765e-03 9.974607e-01 2.709453e+01
9.972983e-01 2.618332e-02 -6.863335e-02 -7.828285e+01 -2.594962e-02 9.996540e-01 4.294568e-03 7.716727e-01 6.872206e-02 -2.501956e-03 9.976327e-01 2.784531e+01
9.972370e-01 3.074046e-02 -6.762740e-02 -7.833667e+01 -3.029353e-02 9.995120e-01 7.624632e-03 7.504208e-01 6.782879e-02 -5.554892e-03 9.976815e-01 2.860145e+01
9.975433e-01 2.512727e-02 -6.539119e-02 -7.838740e+01 -2.472635e-02 9.996702e-01 6.933444e-03 7.468484e-01 6.554385e-02 -5.299525e-03 9.978356e-01 2.934489e+01
9.976739e-01 2.485160e-02 -6.347539e-02 -7.844000e+01 -2.446619e-02 9.996772e-01 6.842064e-03 7.394013e-01 6.362495e-02 -5.273148e-03 9.979599e-01 3.010619e+01
9.977356e-01 2.321707e-02 -6.312335e-02 -7.849103e+01 -2.288593e-02 9.997203e-01 5.964043e-03 7.320697e-01 6.324416e-02 -4.505902e-03 9.979879e-01 3.086834e+01
9.978231e-01 2.213053e-02 -6.212378e-02 -7.853770e+01 -2.184305e-02 9.997473e-01 5.302921e-03 7.181803e-01 6.222545e-02 -3.934404e-03 9.980544e-01 3.161759e+01
9.979382e-01 2.163158e-02 -6.042651e-02 -7.859167e+01 -2.137204e-02 9.997594e-01 4.938222e-03 7.095154e-01 6.051880e-02 -3.636603e-03 9.981604e-01 3.237871e+01
9.979638e-01 2.185196e-02 -5.992328e-02 -7.863735e+01 -2.155484e-02 9.997520e-01 5.600485e-03 7.059004e-01 6.003080e-02 -4.297444e-03 9.981873e-01 3.313603e+01
9.979461e-01 2.383653e-02 -5.945917e-02 -7.869257e+01 -2.356520e-02 9.997085e-01 5.260387e-03 6.991220e-01 5.956723e-02 -3.848416e-03 9.982169e-01 3.391179e+01
9.978274e-01 2.440455e-02 -6.119579e-02 -7.874223e+01 -2.415161e-02 9.996964e-01 4.869760e-03 6.851705e-01 6.129606e-02 -3.381203e-03 9.981139e-01 3.470904e+01
9.977434e-01 2.248188e-02 -6.326596e-02 -7.879589e+01 -2.217019e-02 9.997384e-01 5.624466e-03 6.690904e-01 6.337586e-02 -4.209156e-03 9.979809e-01 3.548217e+01
9.975713e-01 2.383281e-02 -6.544896e-02 -7.885617e+01 -2.351661e-02 9.997078e-01 5.597462e-03 6.640832e-01 6.556324e-02 -4.044730e-03 9.978402e-01 3.627107e+01
9.971750e-01 2.901136e-02 -6.928531e-02 -7.892142e+01 -2.872283e-02 9.995741e-01 5.157241e-03 6.641063e-01 6.940543e-02 -3.152602e-03 9.975836e-01 3.707933e+01
9.970139e-01 3.039942e-02 -7.098670e-02 -7.897866e+01 -3.033828e-02 9.995378e-01 1.939682e-03 6.464502e-01 7.101286e-02 2.197243e-04 9.974754e-01 3.787626e+01
9.969361e-01 2.940042e-02 -7.248511e-02 -7.905271e+01 -2.961845e-02 9.995594e-01 -1.934595e-03 6.397511e-01 7.239630e-02 4.075564e-03 9.973676e-01 3.867945e+01
9.967430e-01 2.937618e-02 -7.510257e-02 -7.911897e+01 -2.970536e-02 9.995534e-01 -3.269500e-03 6.195144e-01 7.497299e-02 5.489800e-03 9.971705e-01 3.950136e+01
9.965870e-01 2.997867e-02 -7.691276e-02 -7.919653e+01 -3.029098e-02 9.995369e-01 -2.896871e-03 6.119521e-01 7.679030e-02 5.216746e-03 9.970336e-01 4.033317e+01
9.964742e-01 2.557251e-02 -7.990738e-02 -7.926908e+01 -2.577998e-02 9.996664e-01 -1.565692e-03 5.862665e-01 7.984069e-02 3.620182e-03 9.968011e-01 4.117751e+01
9.964052e-01 2.327491e-02 -8.145571e-02 -7.934117e+01 -2.335641e-02 9.997272e-01 -4.773276e-05 5.669036e-01 8.143239e-02 1.950074e-03 9.966770e-01 4.200775e+01
9.962630e-01 2.542533e-02 -8.254505e-02 -7.942087e+01 -2.524114e-02 9.996760e-01 3.274259e-03 5.566442e-01 8.260156e-02 -1.178492e-03 9.965820e-01 4.283921e+01
9.961978e-01 2.342046e-02 -8.391355e-02 -7.950413e+01 -2.294536e-02 9.997148e-01 6.621776e-03 5.534602e-01 8.404471e-02 -4.671171e-03 9.964510e-01 4.367579e+01
9.963262e-01 2.221570e-02 -8.270753e-02 -7.957816e+01 -2.141148e-02 9.997146e-01 1.059806e-02 5.448402e-01 8.291937e-02 -8.788239e-03 9.965175e-01 4.453752e+01
9.964296e-01 2.401954e-02 -8.093878e-02 -7.966468e+01 -2.315437e-02 9.996645e-01 1.161097e-02 5.306067e-01 8.119052e-02 -9.695430e-03 9.966514e-01 4.539858e+01
9.965733e-01 2.451682e-02 -7.899684e-02 -7.973742e+01 -2.376257e-02 9.996628e-01 1.047395e-02 5.270016e-01 7.922699e-02 -8.560893e-03 9.968198e-01 4.625334e+01
9.968138e-01 2.373239e-02 -7.615165e-02 -7.981340e+01 -2.317721e-02 9.996980e-01 8.166134e-03 5.226018e-01 7.632246e-02 -6.375132e-03 9.970628e-01 4.711819e+01
9.969017e-01 2.030432e-02 -7.599108e-02 -7.987832e+01 -1.982544e-02 9.997786e-01 7.050919e-03 5.076686e-01 7.611743e-02 -5.522517e-03 9.970836e-01 4.798871e+01
9.970334e-01 1.979892e-02 -7.437974e-02 -7.994919e+01 -1.938457e-02 9.997923e-01 6.288539e-03 4.988564e-01 7.448881e-02 -4.828064e-03 9.972102e-01 4.887625e+01
9.971972e-01 1.787332e-02 -7.265150e-02 -8.000763e+01 -1.732189e-02 9.998162e-01 8.213151e-03 4.955741e-01 7.278496e-02 -6.931670e-03 9.973236e-01 4.975921e+01
9.972456e-01 1.511340e-02 -7.261392e-02 -8.007919e+01 -1.434127e-02 9.998351e-01 1.114302e-02 4.856706e-01 7.277036e-02 -1.007095e-02 9.972979e-01 5.061570e+01
9.973596e-01 1.434791e-02 -7.118972e-02 -8.014599e+01 -1.360948e-02 9.998486e-01 1.084701e-02 4.825102e-01 7.133457e-02 -9.849511e-03 9.974038e-01 5.150650e+01
9.974356e-01 1.439106e-02 -7.010806e-02 -8.021371e+01 -1.383532e-02 9.998690e-01 8.406090e-03 4.675985e-01 7.021985e-02 -7.414566e-03 9.975040e-01 5.235317e+01
9.974218e-01 1.711893e-02 -6.968930e-02 -8.028423e+01 -1.691689e-02 9.998508e-01 3.488242e-03 4.594995e-01 6.973863e-02 -2.300323e-03 9.975626e-01 5.321168e+01
9.974045e-01 2.063816e-02 -6.898094e-02 -8.036273e+01 -2.077497e-02 9.997834e-01 -1.266452e-03 4.297450e-01 6.893987e-02 2.696242e-03 9.976172e-01 5.407752e+01
9.973696e-01 2.435197e-02 -6.827123e-02 -8.043714e+01 -2.487228e-02 9.996676e-01 -6.781495e-03 4.130467e-01 6.808340e-02 8.461718e-03 9.976437e-01 5.493604e+01
9.973927e-01 2.581893e-02 -6.738787e-02 -8.050605e+01 -2.644110e-02 9.996154e-01 -8.356992e-03 3.856619e-01 6.714619e-02 1.011701e-02 9.976919e-01 5.580310e+01
9.974138e-01 2.437554e-02 -6.761297e-02 -8.056516e+01 -2.468351e-02 9.996884e-01 -3.722970e-03 3.672227e-01 6.750116e-02 5.382268e-03 9.977047e-01 5.669020e+01
9.974234e-01 2.294170e-02 -6.797206e-02 -8.062749e+01 -2.255000e-02 9.997244e-01 6.524408e-03 3.411078e-01 6.810302e-02 -4.974827e-03 9.976659e-01 5.753692e+01
9.974793e-01 1.794227e-02 -6.865163e-02 -8.069013e+01 -1.713697e-02 9.997775e-01 1.230129e-02 3.526558e-01 6.885707e-02 -1.109380e-02 9.975649e-01 5.837910e+01
9.973161e-01 1.474317e-02 -7.171601e-02 -8.074534e+01 -1.400559e-02 9.998438e-01 1.077676e-02 3.545032e-01 7.186370e-02 -9.743414e-03 9.973669e-01 5.921034e+01
9.972437e-01 1.442378e-02 -7.278013e-02 -8.080636e+01 -1.377747e-02 9.998611e-01 9.374576e-03 3.226808e-01 7.290524e-02 -8.346011e-03 9.973040e-01 6.005582e+01
9.970610e-01 1.311833e-02 -7.547999e-02 -8.086840e+01 -1.253537e-02 9.998879e-01 8.192015e-03 3.016345e-01 7.557900e-02 -7.221769e-03 9.971137e-01 6.087790e+01
9.968942e-01 1.170710e-02 -7.787762e-02 -8.094363e+01 -1.133424e-02 9.999221e-01 5.228061e-03 2.985250e-01 7.793277e-02 -4.329140e-03 9.969492e-01 6.170367e+01
9.966626e-01 1.283582e-02 -8.061568e-02 -8.101327e+01 -1.265413e-02 9.999161e-01 2.764365e-03 2.843709e-01 8.064440e-02 -1.735018e-03 9.967414e-01 6.251492e+01
9.962768e-01 1.449293e-02 -8.498566e-02 -8.109273e+01 -1.462452e-02 9.998926e-01 -9.259751e-04 2.648443e-01 8.496312e-02 2.165401e-03 9.963817e-01 6.331415e+01
9.960359e-01 1.703471e-02 -8.730528e-02 -8.117282e+01 -1.743533e-02 9.998407e-01 -3.828130e-03 2.383358e-01 8.722616e-02 5.335151e-03 9.961742e-01 6.412628e+01
9.954966e-01 2.287877e-02 -9.199463e-02 -8.126466e+01 -2.337299e-02 9.997176e-01 -4.298319e-03 2.138966e-01 9.187032e-02 6.429152e-03 9.957502e-01 6.495799e+01
9.951000e-01 2.710144e-02 -9.508664e-02 -8.135838e+01 -2.756387e-02 9.996137e-01 -3.552970e-03 2.018065e-01 9.495363e-02 6.156516e-03 9.954627e-01 6.576599e+01
9.946916e-01 2.917857e-02 -9.867714e-02 -8.144332e+01 -2.918261e-02 9.995731e-01 1.402724e-03 1.891517e-01 9.867595e-02 1.484379e-03 9.951185e-01 6.657231e+01
9.941947e-01 2.998669e-02 -1.033326e-01 -8.153734e+01 -2.940456e-02 9.995420e-01 7.152600e-03 1.763009e-01 1.034998e-01 -4.072627e-03 9.946211e-01 6.736567e+01
9.938042e-01 2.845101e-02 -1.074417e-01 -8.162707e+01 -2.745587e-02 9.995654e-01 1.073036e-02 1.606207e-01 1.077003e-01 -7.713975e-03 9.941535e-01 6.816853e+01
9.931194e-01 2.851299e-02 -1.135821e-01 -8.172755e+01 -2.729837e-02 9.995525e-01 1.223511e-02 1.536510e-01 1.138801e-01 -9.050318e-03 9.934533e-01 6.895959e+01
9.924595e-01 2.766601e-02 -1.194096e-01 -8.183166e+01 -2.600493e-02 9.995425e-01 1.544701e-02 1.401208e-01 1.197823e-01 -1.222529e-02 9.927249e-01 6.973492e+01
9.917736e-01 2.768450e-02 -1.249744e-01 -8.192946e+01 -2.590167e-02 9.995385e-01 1.586832e-02 1.413632e-01 1.253560e-01 -1.250073e-02 9.920331e-01 7.051616e+01
9.909202e-01 3.165812e-02 -1.306711e-01 -8.204802e+01 -2.992711e-02 9.994367e-01 1.519008e-02 1.256463e-01 1.310784e-01 -1.114155e-02 9.913094e-01 7.128179e+01
9.900068e-01 3.685180e-02 -1.361192e-01 -8.216792e+01 -3.544809e-02 9.992905e-01 1.272267e-02 1.082383e-01 1.364915e-01 -7.770365e-03 9.906108e-01 7.203252e+01
9.890470e-01 3.648494e-02 -1.430209e-01 -8.227716e+01 -3.540145e-02 9.993220e-01 1.011397e-02 1.045008e-01 1.432929e-01 -4.940047e-03 9.896680e-01 7.280275e+01
9.883093e-01 3.553337e-02 -1.482636e-01 -8.241494e+01 -3.455537e-02 9.993607e-01 9.167882e-03 9.965201e-02 1.484946e-01 -3.937400e-03 9.889054e-01 7.358435e+01
9.874376e-01 3.937831e-02 -1.530241e-01 -8.253720e+01 -3.782975e-02 9.991994e-01 1.301928e-02 9.113895e-02 1.534143e-01 -7.066864e-03 9.881367e-01 7.436526e+01
9.865542e-01 3.906169e-02 -1.586976e-01 -8.267500e+01 -3.687181e-02 9.991801e-01 1.672127e-02 9.378553e-02 1.592206e-01 -1.064497e-02 9.871856e-01 7.512908e+01
9.856991e-01 3.362996e-02 -1.651249e-01 -8.281187e+01 -3.087408e-02 9.993383e-01 1.922880e-02 8.512033e-02 1.656623e-01 -1.385573e-02 9.860852e-01 7.589441e+01
9.846320e-01 3.376772e-02 -1.713465e-01 -8.294574e+01 -3.143613e-02 9.993728e-01 1.630335e-02 7.738532e-02 1.717896e-01 -1.066633e-02 9.850759e-01 7.662171e+01
9.830929e-01 3.351317e-02 -1.800146e-01 -8.309252e+01 -3.224042e-02 9.994302e-01 9.992237e-03 6.489387e-02 1.802469e-01 -4.019551e-03 9.836132e-01 7.737063e+01
9.814095e-01 3.427359e-02 -1.888403e-01 -8.325035e+01 -3.365773e-02 9.994125e-01 6.468116e-03 6.466037e-02 1.889510e-01 8.063745e-06 9.819865e-01 7.811329e+01
9.790808e-01 3.344607e-02 -2.007042e-01 -8.341633e+01 -3.206026e-02 9.994344e-01 1.015208e-02 6.080590e-02 2.009302e-01 -3.505076e-03 9.795993e-01 7.885577e+01
9.769317e-01 3.093743e-02 -2.112993e-01 -8.358710e+01 -2.827410e-02 9.994782e-01 1.561493e-02 5.824258e-02 2.116722e-01 -9.280426e-03 9.772967e-01 7.959269e+01
9.741479e-01 3.457686e-02 -2.232492e-01 -8.377925e+01 -3.025340e-02 9.992831e-01 2.275833e-02 7.425572e-02 2.238761e-01 -1.541594e-02 9.744957e-01 8.034299e+01
9.717431e-01 3.514469e-02 -2.334097e-01 -8.396709e+01 -2.950469e-02 9.991832e-01 2.761243e-02 6.232233e-02 2.341895e-01 -1.994551e-02 9.719863e-01 8.106837e+01
9.687984e-01 3.596179e-02 -2.452274e-01 -8.416017e+01 -3.087807e-02 9.992217e-01 2.454531e-02 6.025564e-02 2.459192e-01 -1.620731e-02 9.691548e-01 8.177396e+01
9.656395e-01 3.715178e-02 -2.572161e-01 -8.437254e+01 -3.442513e-02 9.992932e-01 1.509727e-02 6.273162e-02 2.575952e-01 -5.723822e-03 9.662360e-01 8.248201e+01
9.625386e-01 3.533874e-02 -2.688321e-01 -8.457218e+01 -3.375592e-02 9.993748e-01 1.050943e-02 5.414011e-02 2.690355e-01 -1.041054e-03 9.631297e-01 8.318631e+01
9.589203e-01 3.425317e-02 -2.816002e-01 -8.479641e+01 -3.164044e-02 9.994037e-01 1.382133e-02 5.934056e-02 2.819057e-01 -4.343604e-03 9.594323e-01 8.389730e+01
9.552928e-01 3.627203e-02 -2.934281e-01 -8.501883e+01 -3.149087e-02 9.992833e-01 2.100353e-02 6.623017e-02 2.939797e-01 -1.082422e-02 9.557504e-01 8.460881e+01
9.515949e-01 3.741395e-02 -3.050694e-01 -8.526367e+01 -3.068222e-02 9.991690e-01 2.683261e-02 6.000066e-02 3.058198e-01 -1.617357e-02 9.519520e-01 8.533488e+01
9.474342e-01 3.468049e-02 -3.180655e-01 -8.550152e+01 -2.753169e-02 9.992577e-01 2.694503e-02 5.292811e-02 3.187639e-01 -1.677176e-02 9.476858e-01 8.603631e+01
