1.000000000 0.000000000 0.000000000 0.000000000 0.000000000 1.000000000 0.000000000 0.000000000 0.000000000 0.000000000 1.000000000 0.000000000
0.999979734 0.000541395 -0.006345814 -0.011071585 -0.000539299 0.999999821 0.000332050 -0.000200853 0.006345992 -0.000328621 0.999979794 0.089883238
0.999913216 0.001406179 -0.013100195 -0.026570870 -0.001406473 0.999998987 -0.000013269 0.001823206 0.013100163 0.000031692 0.999914169 0.183374375
0.999795377 0.001636585 -0.020162493 -0.039937824 -0.001649826 0.999998450 -0.000640078 -0.001256520 0.020161415 0.000673212 0.999796510 0.263849407
0.999569714 0.002047566 -0.029260647 -0.052237511 -0.002097683 0.999996305 -0.001682147 -0.004203522 0.029257096 0.001742803 0.999570429 0.370971501
0.999181986 0.002237213 -0.040378254 -0.072836980 -0.002381459 0.999990940 -0.003524617 -0.001889718 0.040369999 0.003617893 0.999178231 0.478870451
0.998560071 0.002054448 -0.053605124 -0.098376118 -0.002292333 0.999987781 -0.004376629 -0.001709299 0.053595483 0.004493209 0.998552561 0.599736512
0.997550845 0.002091615 -0.069913775 -0.126837984 -0.002388377 0.999988496 -0.004161372 -0.005516865 0.069904275 0.004318161 0.997544348 0.730762601
0.996099591 0.000780694 -0.088233165 -0.158012360 -0.001185807 0.999988973 -0.004539068 -0.003979152 0.088228658 0.004625991 0.996089518 0.865438223
0.994131565 -0.000614445 -0.108175956 -0.187802330 0.000125394 0.999989748 -0.004527626 -0.007849504 0.108177610 0.004487490 0.994121432 1.019793868
0.991483450 -0.000704662 -0.130230650 -0.232998908 0.000050559 0.999987364 -0.005025887 -0.009689161 0.130232528 0.004976499 0.991471052 1.175256729
0.987962067 0.003033869 -0.154666513 -0.275585890 -0.004011000 0.999973953 -0.006005991 -0.020622946 0.154644236 0.006554059 0.987948537 1.324923038
0.983613312 0.007076867 -0.180152357 -0.338361114 -0.008618739 0.999932647 -0.007777391 -0.021713190 0.180085167 0.009202631 0.983608007 1.488400102
0.978207767 0.009856159 -0.207394049 -0.402116299 -0.011855492 0.999894440 -0.008399562 -0.029685456 0.207289338 0.010675276 0.978221476 1.671124220
0.971514583 0.010692480 -0.236738458 -0.470856845 -0.013147633 0.999874890 -0.008794410 -0.030757472 0.236614779 0.011656446 0.971533597 1.847138524
0.963556647 0.012684274 -0.267203182 -0.553309619 -0.015446261 0.999846697 -0.008237245 -0.034311570 0.267057747 0.012064343 0.963604987 2.025262117
0.954189599 0.014750873 -0.298838675 -0.649141788 -0.017694393 0.999817908 -0.007146394 -0.037113678 0.298678786 0.012106784 0.954276860 2.207600117
0.942840278 0.016441377 -0.332839280 -0.726728320 -0.019468991 0.999793828 -0.005763023 -0.043311670 0.332675904 0.011913655 0.942965865 2.369191647
0.930309832 0.018931281 -0.366285682 -0.827006876 -0.022300472 0.999738991 -0.004968822 -0.049747869 0.366095960 0.012790888 0.930489123 2.542909861
0.916651547 0.021686852 -0.399098516 -0.943225503 -0.025613481 0.999661684 -0.004507964 -0.048803784 0.398865730 0.014354537 0.916896880 2.717170000
0.900625229 0.022089770 -0.434034944 -1.062600851 -0.026473531 0.999641299 -0.004057009 -0.045765534 0.433789611 0.015144281 0.900886893 2.889740944
0.882032692 0.017718714 -0.470854908 -1.180532098 -0.022606105 0.999733210 -0.004726167 -0.045453690 0.470645607 0.014812831 0.882197917 3.067840576
0.860589683 0.012505963 -0.509145379 -1.300947189 -0.017516423 0.999833822 -0.005048791 -0.051370986 0.508997738 0.013263345 0.860665679 3.241341591
0.835923553 0.013558844 -0.548678398 -1.462500572 -0.017560905 0.999843657 -0.002046462 -0.052304950 0.548564851 0.011345971 0.836031020 3.415763378
0.807030141 0.019247400 -0.590196550 -1.642768383 -0.022638464 0.999742329 0.001647794 -0.054070037 0.590076149 0.012031322 0.807258010 3.577480555
0.774383187 0.022470018 -0.632317781 -1.818229675 -0.025802566 0.999659300 0.003924119 -0.061459456 0.632190526 0.013276649 0.774699211 3.727689028
0.738302588 0.021162394 -0.674137592 -2.022438049 -0.024933124 0.999680877 0.004075500 -0.059384167 0.674008608 0.013799404 0.738594532 3.892900705
0.698734283 0.017976306 -0.715155423 -2.219774008 -0.019640429 0.999789476 0.005941480 -0.065073319 0.715111673 0.009894444 0.698940217 4.046024799
0.656409740 0.014726993 -0.754260778 -2.449215412 -0.014665141 0.999869585 0.006759903 -0.064602062 0.754261971 0.006624075 0.656540096 4.188954353
0.611555994 0.014309864 -0.791071773 -2.681433201 -0.012005460 0.999889076 0.008806113 -0.065599903 0.791110158 0.004111750 0.611659944 4.323659897
0.564423919 0.014767454 -0.825353026 -2.941917896 -0.009746418 0.999889433 0.011225149 -0.060753047 0.825427532 0.001708493 0.564505458 4.442584038
0.513734579 0.015313196 -0.857812524 -3.230333805 -0.008297222 0.999882519 0.012880241 -0.055192970 0.857909083 0.000500435 0.513801336 4.559332848
0.461485267 0.016990962 -0.886985183 -3.502311468 -0.007350968 0.999855518 0.015328487 -0.055323809 0.887117445 -0.000553671 0.461543471 4.650581837
0.406815588 0.019074144 -0.913311183 -3.809425831 -0.005841862 0.999815881 0.018278625 -0.052794397 0.913491607 -0.002100591 0.406852126 4.739304543
0.351515085 0.021410277 -0.935937285 -4.115391254 -0.004613863 0.999765873 0.021137552 -0.055765755 0.936170936 -0.003111882 0.351531535 4.817357063
0.294069290 0.024343930 -0.955474079 -4.514690876 -0.002125367 0.999689758 0.024816345 -0.049396843 0.955781758 -0.005266991 0.294029772 4.923723221
0.243435249 0.026394174 -0.969558001 -4.833555222 0.001801228 0.999615669 0.027664680 -0.048590600 0.969915509 -0.008480954 0.243294135 4.939531803
0.190197691 0.025821367 -0.981406152 -5.217981339 0.003868114 0.999626577 0.027050402 -0.031060681 0.981738150 -0.008941116 0.190026775 5.009346962
0.143821418 0.027107004 -0.989232361 -5.591700554 0.001780568 0.999616027 0.027650416 -0.029076040 0.989602029 -0.005738119 0.143717945 5.008773804
0.099300608 0.027029328 -0.994690359 -6.033982754 0.000191219 0.999630451 0.027182659 -0.012800545 0.995057464 -0.002889457 0.099258751 5.057406425
0.062538981 0.025738938 -0.997710526 -6.446769238 -0.001468286 0.999668658 0.025697414 -0.006242365 0.998041511 -0.000142166 0.062556043 5.034456730
0.027330935 0.023446839 -0.999351442 -6.875258446 0.000394319 0.999724567 0.023466378 -0.006150305 0.999626338 -0.001035420 0.027314156 5.038626194
-0.003426773 0.020428736 -0.999785423 -7.296346188 0.000737868 0.999791086 0.020426322 0.005979329 0.999993861 -0.000667713 -0.003441131 5.001955032
-0.029522995 0.019308623 -0.999377549 -7.726005554 -0.000352825 0.999813199 0.019327458 -0.000332132 0.999564052 0.000923209 -0.029510664 4.963781834
-0.051005233 0.016207526 -0.998566806 -8.236920357 -0.000165598 0.999868214 0.016237102 0.020309694 0.998698413 0.000993538 -0.050995823 4.934235573
-0.066970877 0.015505837 -0.997634351 -8.717678070 -0.000120103 0.999879122 0.015548784 0.027596764 0.997754872 0.001161134 -0.066960916 4.883288383
-0.079235435 0.016003063 -0.996727526 -9.294686317 0.000413976 0.999871552 0.016020633 0.036901131 0.996855795 0.000856781 -0.079231881 4.818008423
-0.089381553 0.016797196 -0.995855808 -9.780637741 -0.000464901 0.999856889 0.016906412 0.036679976 0.995997369 0.001974095 -0.089360960 4.769687176
-0.096669406 0.017890686 -0.995155752 -10.360992432 -0.002418771 0.999831259 0.018209701 0.043328702 0.995313585 0.004167375 -0.096609831 4.715234756
-0.100357123 0.019587565 -0.994758666 -10.872314453 -0.001890796 0.999800563 0.019877601 0.038004115 0.994949639 0.003875744 -0.100300081 4.647054672
-0.103044070 0.019703494 -0.994481564 -11.466463089 0.000623026 0.999804795 0.019744409 0.052026048 0.994676471 0.001414957 -0.103036232 4.616739273
-0.100981168 0.022034394 -0.994644225 -12.059936523 0.002566406 0.999757171 0.021887103 0.060598210 0.994884968 -0.000342475 -0.101013206 4.527058125
-0.100675724 0.024097839 -0.994627416 -12.671968460 0.001832270 0.999709427 0.024035504 0.069789305 0.994917572 0.000597366 -0.100690633 4.487823963
-0.097186893 0.024135014 -0.994973481 -13.280553818 -0.000117647 0.999705672 0.024261290 0.076141804 0.995266199 0.002474935 -0.097155444 4.387130737
-0.097058222 0.021935640 -0.995036960 -13.924740791 -0.001344384 0.999753356 0.022170743 0.081208855 0.995277762 0.003489565 -0.097004771 4.353496075
-0.095066607 0.021798521 -0.995232224 -14.588511467 -0.002234751 0.999753118 0.022111004 0.094996810 0.995468378 0.004326115 -0.094994433 4.272642136
-0.094109438 0.024796370 -0.995253026 -15.263877869 -0.002186429 0.999682188 0.025113471 0.103776067 0.995559394 0.004539465 -0.094025329 4.224079609
-0.091838636 0.028068673 -0.995378256 -15.931496620 -0.002608049 0.999592423 0.028428141 0.116674274 0.995770454 0.005206798 -0.091728024 4.148055553
-0.089635141 0.030086830 -0.995520234 -16.642902374 -0.003870281 0.999525487 0.030556364 0.124911666 0.995967150 0.006591866 -0.089476176 4.075356007
-0.088268980 0.029186841 -0.995668948 -17.372564316 -0.005486938 0.999541223 0.029786784 0.141446114 0.996081471 0.008092424 -0.088068329 4.014979839
-0.086393140 0.026007868 -0.995921671 -18.100532532 -0.007637869 0.999612570 0.026766816 0.160203457 0.996231794 0.009919187 -0.086161025 3.940997124
-0.084443152 0.025728555 -0.996096015 -18.810148239 -0.009651681 0.999598563 0.026637238 0.168268800 0.996381581 0.011863334 -0.084160924 3.867374897
-0.082735822 0.027915277 -0.996180475 -19.572757721 -0.006818795 0.999568343 0.028576532 0.185951024 0.996548235 0.009157050 -0.082509756 3.804069996
-0.081922747 0.029835474 -0.996192038 -20.328453064 -0.004968219 0.999527097 0.030343927 0.200010031 0.996626318 0.007435158 -0.081735782 3.744555950
-0.080533929 0.031764485 -0.996245563 -21.115821838 -0.003722102 0.999475539 0.032168351 0.207174957 0.996744990 0.006298771 -0.080373451 3.678431749
-0.079460233 0.027373090 -0.996462047 -21.833786011 -0.004126825 0.999605238 0.027788522 0.210171491 0.996829450 0.006320307 -0.079315901 3.604732275
-0.079293385 0.020458855 -0.996641338 -22.606597900 -0.001977224 0.999784172 0.020680681 0.219887435 0.996849418 0.003610424 -0.079235822 3.550966263
-0.079945520 0.015491098 -0.996678829 -23.399543762 0.001220209 0.999880135 0.015442977 0.235649943 0.996798575 0.000018440 -0.079954810 3.497942448
-0.079961039 0.016684460 -0.996658325 -24.182661057 0.001857463 0.999860644 0.016589040 0.240345061 0.996796250 -0.000524778 -0.079980887 3.421693325
-0.079907119 0.023872986 -0.996516347 -25.010194778 0.001702022 0.999714911 0.023813130 0.249453068 0.996800840 0.000206746 -0.079924986 3.357701063
-0.080498770 0.030812133 -0.996278346 -25.828104019 0.000620097 0.999523401 0.030862387 0.262408733 0.996754527 0.001866595 -0.080479510 3.295388460
-0.080214597 0.036367260 -0.996113956 -26.605695724 -0.001644211 0.999327838 0.036617003 0.271549106 0.996776283 0.004575040 -0.080100887 3.208551168
-0.081067272 0.037148185 -0.996016145 -27.376712799 -0.003327033 0.999289572 0.037541065 0.275590599 0.996703088 0.006357130 -0.080886096 3.152105570
-0.082161047 0.033609562 -0.996052206 -28.172922134 -0.003174864 0.999417245 0.033984996 0.290997267 0.996614039 0.005954574 -0.082006469 3.100864410
-0.081788778 0.030356010 -0.996187389 -29.020753860 -0.003090716 0.999523401 0.030711431 0.315177202 0.996644855 0.005590782 -0.081655987 3.006172657
-0.081367999 0.031567927 -0.996183991 -29.809877396 -0.005773935 0.999466598 0.032143559 0.328934848 0.996667325 0.008367361 -0.081142329 2.915831327
-0.081226178 0.034170035 -0.996109784 -30.609962463 -0.007348462 0.999364495 0.034880906 0.336447299 0.996668637 0.010153118 -0.080923460 2.845653057
-0.080846861 0.032625679 -0.996192455 -31.409151077 -0.007452913 0.999416411 0.033336118 0.347494066 0.996698678 0.010119655 -0.080556534 2.773069382
-0.080798618 0.027635915 -0.996347249 -32.201042175 -0.008838468 0.999556482 0.028441677 0.347250104 0.996691287 0.011104231 -0.080518514 2.710133553
-0.080814533 0.023462173 -0.996452928 -32.984458923 -0.010466290 0.999647856 0.024386231 0.358364463 0.996674240 0.012399927 -0.080540508 2.648437023
-0.080329940 0.024022151 -0.996478796 -33.798240662 -0.010079950 0.999638855 0.024910910 0.369154185 0.996717334 0.012045548 -0.080058806 2.576814651
-0.079594851 0.026727490 -0.996468902 -34.605838776 -0.008962419 0.999580860 0.027526850 0.376813829 0.996787012 0.011121768 -0.079321958 2.508935690
-0.078503370 0.031386252 -0.996419668 -35.397430420 -0.008871577 0.999442637 0.032180425 0.389522612 0.996874452 0.011366084 -0.078181170 2.439329386
-0.078166090 0.037363935 -0.996239901 -36.221645355 -0.008411947 0.999237061 0.038136363 0.398175418 0.996904850 0.011361286 -0.077792160 2.373598814
-0.078309268 0.039956804 -0.996128082 -37.013244629 -0.007758803 0.999141812 0.040687639 0.423585296 0.996899009 0.010914978 -0.077932037 2.307086468
-0.078594930 0.040131956 -0.996098459 -37.804862976 -0.008023745 0.999131501 0.040887251 0.432706356 0.996874332 0.011205973 -0.078204677 2.252094746
-0.078745939 0.035792448 -0.996252000 -38.602237701 -0.008254939 0.999297559 0.036554355 0.449005663 0.996860504 0.011102506 -0.078395166 2.193966627
-0.078789242 0.031543411 -0.996392071 -39.412498474 -0.008450370 0.999442279 0.032308176 0.464429975 0.996855438 0.010965419 -0.078478731 2.138330936
-0.077862024 0.028176747 -0.996565878 -40.216674805 -0.012576043 0.999493241 0.029242095 0.485247731 0.996884823 0.014809702 -0.077468216 2.048924923
-0.078399740 0.027175102 -0.996551573 -40.998065948 -0.016170554 0.999462247 0.028526628 0.482950330 0.996790767 0.018351274 -0.077918150 1.973040819
-0.078913897 0.025581069 -0.996553123 -41.795005798 -0.014231082 0.999539971 0.026784653 0.488189280 0.996779799 0.016295716 -0.078513540 1.907485008
-0.080697224 0.021285942 -0.996511340 -42.600608826 -0.010519376 0.999698102 0.022205871 0.501905382 0.996683180 0.012274630 -0.080448948 1.852478027
-0.081162140 0.019839499 -0.996503472 -43.400226593 -0.006735403 0.999768138 0.020453073 0.510239601 0.996678174 0.008371869 -0.081009701 1.777433395
-0.082564116 0.023737036 -0.996303082 -44.198295593 -0.006271495 0.999684155 0.024337312 0.508294761 0.996565998 0.008257702 -0.082389183 1.702322960
-0.084967233 0.029826982 -0.995937228 -44.925247192 -0.003726204 0.999535322 0.030252637 0.513191998 0.996376753 0.006281548 -0.084816612 1.659217119
-0.087672301 0.033060733 -0.995600641 -45.717517853 -0.001536297 0.999443412 0.033323634 0.527887762 0.996148169 0.004451097 -0.087572694 1.605847597
-0.089628138 0.032146256 -0.995456338 -46.498844147 -0.001844993 0.999471903 0.032442052 0.537542462 0.995973527 0.004744330 -0.089521490 1.544909477
-0.089518726 0.028745329 -0.995570242 -47.235797882 -0.004808642 0.999559343 0.029292883 0.541698337 0.995973468 0.007409603 -0.089341044 1.436593056
-0.090535849 0.025084833 -0.995577157 -48.008506775 -0.009825015 0.999611497 0.026079958 0.547714055 0.995844662 0.012142730 -0.090254210 1.358309269
-0.092402793 0.023367234 -0.995447457 -48.768451691 -0.013807063 0.999598384 0.024746319 0.557799816 0.995625973 0.016030837 -0.092043057 1.289411545
-0.092779391 0.024520557 -0.995384693 -49.538814545 -0.015366761 0.999542415 0.026055308 0.563822031 0.995568097 0.017713236 -0.092360169 1.194373131
-0.093730435 0.026040848 -0.995256960 -50.300586700 -0.015879866 0.999491572 0.027647169 0.568896055 0.995470941 0.018395929 -0.093269266 1.122980118
-0.094736926 0.025512986 -0.995175302 -51.023448944 -0.017515991 0.999474049 0.027290648 0.575763464 0.995348155 0.020016914 -0.094240211 1.045547485
-0.095903106 0.025274364 -0.995069683 -51.766662598 -0.017646713 0.999477267 0.027087076 0.581011534 0.995234191 0.020157441 -0.095406957 0.982631207
-0.095565319 0.027125105 -0.995053530 -52.513347626 -0.016036885 0.999456942 0.028785331 0.589656472 0.995293975 0.018708441 -0.095078439 0.887294292
-0.096634559 0.030010348 -0.994867384 -53.244403839 -0.014441197 0.999397814 0.031549729 0.597754717 0.995215237 0.017415868 -0.096142977 0.825193882
-0.096258111 0.034634754 -0.994753659 -53.969760895 -0.015256687 0.999225676 0.036266785 0.603359222 0.995239496 0.018667618 -0.095655166 0.742986679
-0.097399786 0.036914457 -0.994560421 -54.684600830 -0.015102598 0.999141991 0.038563538 0.610772848 0.995130837 0.018776530 -0.096758708 0.688619614
-0.097663067 0.036212415 -0.994560421 -55.431499481 -0.015003366 0.999170661 0.037853565 0.636922121 0.995106459 0.018618651 -0.097038768 0.602482796
-0.097838469 0.033915024 -0.994624138 -56.160903931 -0.014985483 0.999255717 0.035547022 0.651091576 0.995089471 0.018382793 -0.097257391 0.526655674
-0.098021574 0.030284183 -0.994723380 -56.842411041 -0.014799864 0.999381959 0.031884417 0.661201715 0.995074213 0.017847132 -0.097512789 0.452153206
-0.097373694 0.028219927 -0.994847715 -57.544227600 -0.015120133 0.999440610 0.029830137 0.658447742 0.995133042 0.017946901 -0.096892536 0.372634411
-0.096083991 0.025818858 -0.995038271 -58.246994019 -0.015448108 0.999504507 0.027426464 0.665799856 0.995253444 0.018006705 -0.095637515 0.300108433
-0.093599074 0.024980063 -0.995296478 -58.894767761 -0.017748937 0.999484539 0.026754305 0.673408210 0.995451808 0.020169634 -0.093107447 0.233061314
-0.089415185 0.026303757 -0.995646954 -59.535587311 -0.018835273 0.999427795 0.028095160 0.670542419 0.995816350 0.021265419 -0.088868573 0.164772511
-0.084817730 0.027154574 -0.996026337 -60.196735382 -0.017984280 0.999423981 0.028778678 0.686580062 0.996234238 0.020353762 -0.084280513 0.134540558
-0.077373654 0.029264286 -0.996572614 -60.781818390 -0.016870573 0.999387562 0.030656775 0.684372425 0.996859372 0.019184776 -0.076832570 0.091647148
-0.068239577 0.030539433 -0.997201443 -61.397472382 -0.017549178 0.999339998 0.031805836 0.689599633 0.997514665 0.019670486 -0.067658588 0.040372849
-0.056968167 0.031905420 -0.997866094 -61.977149963 -0.019695098 0.999258757 0.033074345 0.700334311 0.998181760 0.021537255 -0.056297567 0.017498016
-0.041545402 0.033141885 -0.998586774 -62.569740295 -0.023061702 0.999151587 0.034120090 0.711298943 0.998870373 0.024446642 -0.040745843 -0.017547131
-0.023798801 0.034804486 -0.999110758 -63.136341095 -0.024781993 0.999066114 0.035393242 0.710135818 0.999409556 0.025602268 -0.022914056 -0.005387545
-0.000658773 0.035552800 -0.999367595 -63.687061310 -0.025267854 0.999048114 0.035558093 0.719257593 0.999680519 0.025275303 0.000240192 -0.012739983
0.025038674 0.035890251 -0.999042034 -64.218383789 -0.024520319 0.999076724 0.035276957 0.720641017 0.999385774 0.023613540 0.025895596 0.018699169
0.054862641 0.035067819 -0.997877896 -64.689064026 -0.024198266 0.999136269 0.033781637 0.737815261 0.998200655 0.022293566 0.055663835 0.035829782
0.089622714 0.034695245 -0.995371222 -65.180831909 -0.023135908 0.999195814 0.032745402 0.748810053 0.995707035 0.020094084 0.090353370 0.090270042
0.127178743 0.035226878 -0.991254032 -65.628570557 -0.022463055 0.999215126 0.032627761 0.749901652 0.991625428 0.018117035 0.127870232 0.174197197
0.168397143 0.034777597 -0.985105455 -66.078536987 -0.022539470 0.999251962 0.031424038 0.757174134 0.985461533 0.016912039 0.169055060 0.266850471
0.213432848 0.035958569 -0.976295710 -66.484222412 -0.021825790 0.999248445 0.032032512 0.758884311 0.976713896 0.014471637 0.214057297 0.379965782
0.263464183 0.034546815 -0.964050353 -66.914260864 -0.018530974 0.999355376 0.030747667 0.758332849 0.964491189 0.009763884 0.263934523 0.502565384
0.310317367 0.029470295 -0.950176001 -67.277221680 -0.009653201 0.999565542 0.027849503 0.748879075 0.950584054 0.000530055 0.310467005 0.709650040
0.359135509 0.023886539 -0.932979703 -67.606842041 -0.003613995 0.999700546 0.024203606 0.756263077 0.933278441 -0.005320588 0.359114230 0.912479401
0.411732912 0.018943930 -0.911107600 -67.982223511 0.001613733 0.999767184 0.021516606 0.763363600 0.911303163 -0.010329382 0.411606520 1.121963501
0.463203073 0.018347126 -0.886062205 -68.346054077 0.001509341 0.999768019 0.021490589 0.770722628 0.886250913 -0.011291877 0.463067889 1.339170456
0.511725843 0.017605485 -0.858968377 -68.692337036 0.002886841 0.999749184 0.022210758 0.770823181 0.859143972 -0.013845523 0.511546671 1.577405930
0.557599425 0.013213115 -0.830004930 -69.046630859 0.010181801 0.999689281 0.022754531 0.780949473 0.830047727 -0.021138860 0.557291567 1.843284607
0.599618256 0.007144854 -0.800254226 -69.314125061 0.021324476 0.999462426 0.024901535 0.768037975 0.800001979 -0.031996418 0.599143565 2.144998550
0.641869545 0.001911815 -0.766811371 -69.575065613 0.022713974 0.999510705 0.021505015 0.771801293 0.766477168 -0.031220751 0.641512156 2.411605835
0.683442533 -0.003127682 -0.729997516 -69.883804321 0.019824155 0.999701500 0.014276652 0.779104888 0.729735076 -0.024228854 0.683300614 2.729976654
0.723230064 -0.009509792 -0.690541685 -70.107208252 0.016525781 0.999857247 0.003538538 0.775871396 0.690409482 -0.013970913 0.723283947 3.028846741
0.763196647 -0.012895268 -0.646037459 -70.404800415 0.012516607 0.999908328 -0.005172230 0.785535097 0.646045089 -0.004138766 0.763288200 3.386867523
0.799495339 -0.014220929 -0.600503862 -70.625556946 0.011417734 0.999898851 -0.008477995 0.792008281 0.600563765 -0.000078276 0.799576879 3.763069153
0.834039271 -0.016214795 -0.551466703 -70.886413574 0.012612797 0.999867141 -0.010323515 0.790672600 0.551560879 0.001654681 0.834133029 4.189941406
0.864486694 -0.014357701 -0.502450585 -71.072937012 0.009373106 0.999878645 -0.012445069 0.784209371 0.502568305 0.006049074 0.864516377 4.586942673
0.890489876 -0.013034711 -0.454816222 -71.280883789 0.009051363 0.999899268 -0.010934634 0.776980758 0.454913020 0.005620473 0.890518188 5.063241959
0.911597669 -0.006783358 -0.411027580 -71.443351746 0.003072103 0.999948323 -0.009689094 0.761533499 0.411072135 0.007569837 0.911571503 5.476480484
0.928986907 -0.002524589 -0.370103896 -71.622451782 -0.001812856 0.999933779 -0.011371235 0.755965352 0.370108157 0.011234675 0.928920805 5.989515305
0.942474008 0.002342626 -0.334271550 -71.793495178 -0.006169506 0.999927044 -0.010387192 0.753403723 0.334222853 0.011851947 0.942419648 6.511934280
0.952543318 0.002766506 -0.304390430 -71.940307617 -0.005341051 0.999956667 -0.007625721 0.730585754 0.304356217 0.008889594 0.952516854 7.033645630
0.960568547 0.002558273 -0.278031945 -72.142082214 -0.004331589 0.999974012 -0.005764017 0.720850706 0.278010070 0.006741052 0.960554540 7.623348236
0.966442704 0.002832107 -0.256866515 -72.286193848 -0.003993039 0.999984026 -0.003998118 0.717711091 0.256851077 0.004889630 0.966438711 8.213901520
0.971225798 0.005846713 -0.238088474 -72.441970825 -0.006297636 0.999979496 -0.001133338 0.707036793 0.238076955 0.002600121 0.971242845 8.777044296
0.974927247 0.010776133 -0.222262725 -72.577293396 -0.010928975 0.999940217 0.000542294 0.700370491 0.222255230 0.001900407 0.974986672 9.366889000
0.977602184 0.014229582 -0.209979624 -72.695579529 -0.014281858 0.999897242 0.001267466 0.698396981 0.209976047 0.001759822 0.977704942 9.998586655
0.980752409 0.013702212 -0.194773823 -72.856758118 -0.013695030 0.999905288 0.001383565 0.687217534 0.194774330 0.001310498 0.980847180 10.618672371
0.982980132 0.013782616 -0.183194220 -72.941162109 -0.013784543 0.999904215 0.001262954 0.680416167 0.183194071 0.001283790 0.983075917 11.277972221
0.985578656 0.013793262 -0.168654457 -73.047874451 -0.013689122 0.999904752 0.001780203 0.679352701 0.168662965 0.000554201 0.985673547 11.953878403
0.987928569 0.015383772 -0.154144347 -73.161376953 -0.015194369 0.999881685 0.002406841 0.672186255 0.154163137 -0.000035662 0.988045394 12.629508972
0.990010023 0.016165344 -0.140066743 -73.261840820 -0.016345400 0.999866366 -0.000135103 0.652390838 0.140045837 0.002423200 0.990141988 13.268886566
0.991303325 0.015757397 -0.130649954 -73.353408813 -0.016632158 0.999845982 -0.005606915 0.652780414 0.130541503 0.007731142 0.991412640 14.065278053
0.992459714 0.014086254 -0.121759489 -73.428329468 -0.015685225 0.999802709 -0.012183661 0.645864129 0.121563867 0.014001615 0.992484808 14.788151741
0.993430912 0.013408440 -0.113645129 -73.512779236 -0.014908588 0.999812484 -0.012360641 0.637677729 0.113458067 0.013973730 0.993444502 15.492623329
0.994076669 0.015111762 -0.107624754 -73.577941895 -0.015905621 0.999852300 -0.006521541 0.626325727 0.107510321 0.008194754 0.994170189 16.230175018
0.994705498 0.020253204 -0.100750767 -73.699600220 -0.020171639 0.999794900 0.001828401 0.608434319 0.100767121 0.000213587 0.994909942 16.972160339
0.995103240 0.020652134 -0.096658781 -73.763404846 -0.020164650 0.999778569 0.006017605 0.591449440 0.096761651 -0.004039048 0.995299459 17.688653946
0.995539010 0.019116459 -0.092393875 -73.858497620 -0.018767208 0.999813080 0.004647500 0.584615409 0.092465475 -0.002892792 0.995711684 18.454401016
0.995696366 0.018373348 -0.090836093 -73.896743774 -0.018089974 0.999828517 0.003942045 0.576231956 0.090892956 -0.002281858 0.995858014 19.159362793
0.995992780 0.016839772 -0.087832652 -73.960723877 -0.016369794 0.999847531 0.006068457 0.569851458 0.087921448 -0.004606338 0.996116757 19.910139084
0.996276557 0.015451412 -0.084819287 -74.036911011 -0.014764762 0.999852955 0.008716850 0.558737218 0.084941491 -0.007432057 0.996358275 20.635917664
0.996531248 0.013358110 -0.082139418 -74.099510193 -0.012533586 0.999865770 0.010545608 0.548666775 0.082269259 -0.009479528 0.996565104 21.368362427
0.996715605 0.011545893 -0.080153845 -74.134567261 -0.011071122 0.999918461 0.006365136 0.548774362 0.080220796 -0.005456839 0.996762156 22.058204651
0.996780038 0.014390829 -0.078881301 -74.191566467 -0.014536545 0.999893546 -0.001273328 0.543192148 0.078854583 0.002415888 0.996883154 22.787691116
0.996869862 0.015182214 -0.077589102 -74.244384766 -0.015901044 0.999836028 -0.008655164 0.528663874 0.077444986 0.009861819 0.996947825 23.521121979
0.997029185 0.016239069 -0.075293772 -74.321655273 -0.017254163 0.999768555 -0.012850914 0.510854006 0.075067639 0.014111869 0.997078598 24.202964783
0.997132778 0.018055875 -0.073487125 -74.372673035 -0.018931322 0.999757707 -0.011233874 0.493309915 0.073266484 0.012592874 0.997232854 24.936840057
0.997209728 0.021605061 -0.071457662 -74.426864624 -0.022156734 0.999730408 -0.006936577 0.471200585 0.071288519 0.008500490 0.997419536 25.658048630
0.997334063 0.024383536 -0.068775855 -74.495651245 -0.024566099 0.999696672 -0.001809859 0.452369303 0.068710871 0.003494589 0.997630417 26.371763229
0.997544408 0.021811625 -0.066553414 -74.536537170 -0.021856917 0.999761045 0.000047612 0.440080345 0.066538550 0.001407158 0.997782886 27.103481293
0.997698963 0.019020336 -0.065077893 -74.590499878 -0.019078996 0.999818027 -0.000279935 0.428115785 0.065060720 0.001520912 0.997880101 27.820035934
0.997801483 0.017702078 -0.063865483 -74.654350281 -0.017750921 0.999842525 -0.000197474 0.413506389 0.063851923 0.001330712 0.997958481 28.475288391
0.997892261 0.017767048 -0.062411338 -74.699363708 -0.017931215 0.999836981 -0.002071287 0.404532284 0.062364377 0.003186033 0.998048365 29.193130493
0.997947395 0.015427363 -0.062152691 -74.736328125 -0.015681172 0.999870598 -0.003597916 0.396866471 0.062089141 0.004565158 0.998060107 29.931632996
0.998066127 0.014258101 -0.060503416 -74.809020996 -0.014479595 0.999889970 -0.003223980 0.378838778 0.060450792 0.004093810 0.998162806 30.614799500
0.998126686 0.017836364 -0.058522701 -74.884155273 -0.018011915 0.999834716 -0.002473559 0.368598193 0.058468912 0.003523031 0.998283029 31.321458817
0.998076260 0.017793415 -0.059389893 -74.908340454 -0.018032596 0.999831259 -0.003493774 0.358865082 0.059317708 0.004558007 0.998228729 32.093910217
0.997985363 0.017385583 -0.061015911 -74.954055786 -0.017637162 0.999837995 -0.003586969 0.342994392 0.060943663 0.004655890 0.998130322 32.853378296
0.997913003 0.014962147 -0.062815659 -75.008705139 -0.015174962 0.999880612 -0.002912164 0.330591619 0.062764592 0.003859311 0.998020887 33.614063263
0.997668386 0.017727723 -0.065905795 -75.067070007 -0.017953390 0.999834836 -0.002833348 0.314897716 0.065844685 0.004009974 0.997821748 34.331584930
0.997388422 0.021270704 -0.069021001 -75.127075195 -0.021528067 0.999763906 -0.002987024 0.299878299 0.068941161 0.004465112 0.997610688 35.090980530
0.997211754 0.021514202 -0.071454592 -75.185852051 -0.022145595 0.999722302 -0.008055796 0.284917325 0.071261428 0.009615741 0.997411251 35.875991821
0.997034669 0.021968944 -0.073751055 -75.253517151 -0.022904487 0.999667287 -0.011863329 0.272756755 0.073465891 0.013517382 0.997206092 36.618095398
0.996865332 0.020843972 -0.076321982 -75.308021545 -0.021972274 0.999660909 -0.013973587 0.262918770 0.076004840 0.015606750 0.996985197 37.400104523
0.996686578 0.021761049 -0.078374282 -75.375373840 -0.022803444 0.999662697 -0.012429751 0.244869649 0.078077354 0.014175769 0.996846437 38.185245514
0.996587634 0.020178668 -0.080036893 -75.450164795 -0.021172879 0.999708593 -0.011592639 0.223618507 0.079779647 0.013247693 0.996724486 38.965862274
0.996471345 0.020360898 -0.081426844 -75.518043518 -0.021229256 0.999726415 -0.009812734 0.206331581 0.081204772 0.011506738 0.996630967 39.760253906
0.996369183 0.019171666 -0.082951114 -75.581779480 -0.019778779 0.999783158 -0.006503309 0.194974095 0.082808457 0.008120367 0.996532381 40.594989777
0.996272862 0.018817602 -0.084180146 -75.652740479 -0.018992795 0.999818921 -0.001280838 0.171870649 0.084140778 0.002874881 0.996449709 41.388381958
0.996315837 0.018588666 -0.083720893 -75.716041565 -0.018595101 0.999826849 0.000702934 0.159387007 0.083719447 0.000856455 0.996488929 42.207542419
0.996440828 0.021889713 -0.081402980 -75.798690796 -0.021902075 0.999759853 0.000741128 0.152015120 0.081399649 0.001044404 0.996680915 43.039680481
0.996639431 0.022163644 -0.078857787 -75.890495300 -0.022285454 0.999751449 -0.000664811 0.139673039 0.078823455 0.002419958 0.996885657 43.870948792
0.996775985 0.020211997 -0.077647552 -75.948364258 -0.020517578 0.999784648 -0.003139724 0.128867537 0.077567354 0.004722741 0.996975899 44.702552795
0.996969998 0.016161028 -0.076090150 -76.003875732 -0.016539603 0.999853730 -0.004347822 0.109373569 0.076008745 0.005593149 0.997091532 45.547252655
0.997156560 0.015251944 -0.073796965 -76.075950623 -0.015651193 0.999865770 -0.004834836 0.097831398 0.073713340 0.005976100 0.997261524 46.367080688
0.997214854 0.012663553 -0.073498785 -76.127799988 -0.012891152 0.999913573 -0.002623054 0.083544523 0.073459230 0.003563233 0.997291863 47.218048096
0.997320473 0.010607843 -0.072383016 -76.193260193 -0.010604976 0.999943674 0.000423945 0.062698789 0.072383448 0.000344812 0.997376740 48.049240112
0.997424006 0.010859960 -0.070903666 -76.259124756 -0.010889358 0.999940693 -0.000028088 0.053902224 0.070899181 0.000800111 0.997483134 48.881862640
0.997444451 0.011373308 -0.070534907 -76.312606812 -0.011588681 0.999929368 -0.002644971 0.030725241 0.070499860 0.003455618 0.997505844 49.726181030
0.997437775 0.014227157 -0.070110247 -76.374015808 -0.014842045 0.999855757 -0.008257146 0.008760959 0.069982663 0.009276570 0.997505009 50.524894714
0.997411251 0.015892748 -0.070130937 -76.420761108 -0.016912360 0.999759495 -0.013968893 -0.008754075 0.069892064 0.015118809 0.997439981 51.343559265
0.997396886 0.020572953 -0.069110274 -76.488059998 -0.021982649 0.999564290 -0.019699508 -0.035207510 0.068674885 0.021167453 0.997414470 52.166454315
0.997547567 0.020644471 -0.066877551 -76.574264526 -0.022071773 0.999542594 -0.020673828 -0.062292457 0.066420160 0.022099238 0.997546971 53.007396698
0.997628510 0.017516887 -0.066561706 -76.623397827 -0.018521674 0.999723136 -0.014508482 -0.087471187 0.066289142 0.015706910 0.997676730 53.829051971
0.997564793 0.016161010 -0.067847580 -76.672775269 -0.016593913 0.999845386 -0.005821732 -0.106512576 0.067743003 0.006933413 0.997678697 54.688652039
0.997450411 0.016326180 -0.069469810 -76.722114563 -0.016270287 0.999866605 0.001370389 -0.128240719 0.069482923 -0.000236603 0.997583091 55.531269073
0.997378647 0.013158012 -0.071152680 -76.800224304 -0.013205546 0.999912798 -0.000197679 -0.147624835 0.071143873 0.001136771 0.997465432 56.318244934
0.997207761 0.007854222 -0.074262522 -76.839332581 -0.008136731 0.999960780 -0.003502413 -0.164215088 0.074232079 0.004096888 0.997232556 57.118717194
0.997092724 0.006207268 -0.075944439 -76.918251038 -0.006615420 0.999965072 -0.005123975 -0.180860490 0.075909980 0.005611482 0.997098863 57.941280365
0.996867836 0.009142803 -0.078555517 -76.984939575 -0.009747352 0.999925733 -0.007315787 -0.203723907 0.078482814 0.008058582 0.996882856 58.694469452
0.996541798 0.010398492 -0.082439959 -77.046882629 -0.011325276 0.999877751 -0.010782256 -0.223442048 0.082317770 0.011678624 0.996537805 59.481594086
0.996243417 0.011179129 -0.085872009 -77.124465942 -0.012468596 0.999817193 -0.014494510 -0.241213500 0.085694268 0.015510764 0.996200800 60.284423828
0.995932043 0.013576630 -0.089079000 -77.207046509 -0.015221366 0.999725521 -0.017810507 -0.271640956 0.088812746 0.019093959 0.995865285 61.038516998
0.995600641 0.018719906 -0.091809891 -77.289062500 -0.020446092 0.999630749 -0.017897252 -0.297605872 0.091440968 0.019695668 0.995615602 61.818603516
0.995061994 0.021416163 -0.096916601 -77.346763611 -0.023091130 0.999602139 -0.016193973 -0.318980575 0.096531242 0.018351924 0.995160758 62.609424591
0.994706154 0.023857262 -0.099952392 -77.445915222 -0.024978677 0.999638140 -0.009982938 -0.346463621 0.099678032 0.012426769 0.994942069 63.320331573
0.994288206 0.025049381 -0.103746980 -77.531539917 -0.025609983 0.999663651 -0.004074784 -0.371927053 0.103610009 0.006708469 0.994595408 64.097213745
0.993793309 0.024375642 -0.108538151 -77.623840332 -0.024614787 0.999696732 -0.000863951 -0.381848246 0.108484134 0.003530233 0.994091868 64.834671021
0.992969990 0.024753205 -0.115748368 -77.702987671 -0.024957271 0.999688447 -0.000313865 -0.390063137 0.115704529 0.003200422 0.993278563 65.577369690
0.992377043 0.022560120 -0.121156096 -77.803901672 -0.022303635 0.999745250 0.003472810 -0.403449744 0.121203549 -0.000744116 0.992627442 66.348297119
0.991564214 0.021723820 -0.127782792 -77.910026550 -0.021479644 0.999763906 0.003288735 -0.423586309 0.127824068 -0.000516263 0.991796732 67.103759766
0.990691662 0.025906524 -0.133637488 -78.018028259 -0.025764219 0.999664128 0.002794325 -0.437283933 0.133665010 0.000674751 0.991026282 67.842048645
0.989895403 0.028708825 -0.138862222 -78.144577026 -0.029126661 0.999575257 -0.000977406 -0.450699389 0.138775170 0.005012124 0.990311205 68.566574097
0.988979518 0.027885696 -0.145402327 -78.247375488 -0.028732529 0.999580145 -0.003726871 -0.464910686 0.145237371 0.007863576 0.989365578 69.311859131
0.988149822 0.029328747 -0.150663853 -78.366607666 -0.030434994 0.999524057 -0.005041352 -0.478892088 0.150444254 0.009567065 0.988572180 70.052124023
0.987368345 0.031137666 -0.155351773 -78.487892151 -0.031547099 0.999502242 -0.000170246 -0.486208856 0.155269161 0.005068995 0.987859130 70.749160767
0.986436665 0.031740580 -0.161044180 -78.617828369 -0.031485710 0.999495625 0.004135015 -0.497127414 0.161094218 0.000991658 0.986938477 71.483398438
0.985399961 0.030883839 -0.167430982 -78.750595093 -0.030249240 0.999522269 0.006339815 -0.517084897 0.167546764 -0.001182594 0.985863447 72.195144653
0.984333992 0.028488107 -0.173997447 -78.890701294 -0.028451724 0.999591589 0.002703879 -0.529283047 0.174003392 0.002289006 0.984742463 72.913566589
0.982856631 0.026457366 -0.182463080 -79.024314880 -0.027658736 0.999609232 -0.004042175 -0.541869640 0.182284802 0.009019578 0.983204424 73.592041016
0.981097937 0.024067098 -0.192009300 -79.162506104 -0.025879135 0.999641001 -0.006934597 -0.538173974 0.191773415 0.011772554 0.981368601 74.322502136
0.978806138 0.023510657 -0.203434616 -79.303459167 -0.024779674 0.999686182 -0.003692698 -0.555639386 0.203283951 0.008655478 0.979081571 75.042602539
0.976716757 0.024168255 -0.213167101 -79.487342834 -0.024219336 0.999704003 0.002372137 -0.564945102 0.213161305 0.002845859 0.977012813 75.704933167
0.974129319 0.026211401 -0.224466264 -79.663391113 -0.024654461 0.999648631 0.009736698 -0.571129322 0.224642590 -0.003950708 0.974433184 76.405670166
0.971405387 0.026502989 -0.235942662 -79.832527161 -0.024008375 0.999621451 0.013440090 -0.585036755 0.236209497 -0.007391178 0.971674025 77.106430054
0.968667030 0.031437039 -0.246365428 -80.035232544 -0.030070445 0.999504387 0.009308165 -0.592078149 0.246535957 -0.001608195 0.969132304 77.751411438
0.965417147 0.031099664 -0.258848459 -80.221336365 -0.032208901 0.999481082 -0.000044395 -0.593961596 0.258712798 0.008380082 0.965917945 78.440643311
0.962091863 0.028791105 -0.271201611 -80.424789429 -0.031335846 0.999496162 -0.005056639 -0.595316887 0.270919353 0.013363285 0.962509274 79.120468140
0.958857119 0.029364031 -0.282366335 -80.645423889 -0.030863443 0.999523222 -0.000862718 -0.589988351 0.282206416 0.009542022 0.959306240 79.822166443
0.955182731 0.027446220 -0.294741631 -80.851188660 -0.026344284 0.999623179 0.007709385 -0.627587914 0.294842213 0.000400886 0.955545902 80.505546570
0.951430082 0.027063707 -0.306673110 -81.072196960 -0.024160972 0.999620140 0.013258261 -0.635685086 0.306915432 -0.005204788 0.951722562 81.197257996
0.947659850 0.025056139 -0.318296880 -81.319091797 -0.022727543 0.999680817 0.011027945 -0.637632966 0.318471551 -0.003216636 0.947927058 81.852096558
0.943499267 0.022468694 -0.330611736 -81.555313110 -0.021281689 0.999747515 0.007210155 -0.651251733 0.330690235 0.000233200 0.943739414 82.571708679
0.940452278 0.018645151 -0.339414090 -81.811103821 -0.019782277 0.999804318 0.000109638 -0.659443617 0.339349687 0.006611275 0.940637052 83.235694885
0.937576652 0.014471012 -0.347477853 -82.054397583 -0.017492140 0.999831617 -0.005559052 -0.667474389 0.347338855 0.011290167 0.937671781 83.918495178
0.935421288 0.015091089 -0.353212684 -82.336135864 -0.018957051 0.999792278 -0.007488065 -0.680561364 0.353026271 0.013700367 0.935513079 84.547584534
0.931981206 0.019551015 -0.361978948 -82.611137390 -0.023947127 0.999683857 -0.007661879 -0.695988655 0.361714721 0.015809083 0.932154775 85.260818481
0.928623438 0.019977666 -0.370485067 -82.876556396 -0.023664815 0.999705315 -0.005408925 -0.711653531 0.370267838 0.013790315 0.928822637 85.948402405
0.925299406 0.019673863 -0.378726572 -83.145553589 -0.020933101 0.999780595 0.000792552 -0.714663327 0.378659070 0.007194572 0.925508320 86.610397339
0.922475994 0.022914855 -0.385373831 -83.431655884 -0.021062901 0.999737442 0.009027118 -0.726693273 0.385479510 -0.000210210 0.922716379 87.288726807
0.920011342 0.032322336 -0.390556484 -83.744308472 -0.028147500 0.999468982 0.016410323 -0.741144180 0.390879601 -0.004104496 0.920432627 87.976089478
0.917335510 0.039022516 -0.396197706 -84.049263000 -0.036783271 0.999235272 0.013251156 -0.742423654 0.396411866 0.002417689 0.918069601 88.640930176
0.915335059 0.036618840 -0.401024669 -84.360198975 -0.037485298 0.999280930 0.005687687 -0.744578719 0.400944591 0.009826388 0.916049659 89.273574829
0.913288116 0.028338304 -0.406327218 -84.650337219 -0.031740054 0.999494791 -0.001633713 -0.755752087 0.406075716 0.014388900 0.913726091 89.951507568
0.911481202 0.028827965 -0.410330385 -84.962249756 -0.032757066 0.999460042 -0.002546834 -0.755160749 0.410035431 0.015762608 0.911933362 90.627227783
0.909068942 0.035110004 -0.415163785 -85.279251099 -0.037268765 0.999301076 0.002903889 -0.766212344 0.414975554 0.012832807 0.909741998 91.311927795
0.906990767 0.038245954 -0.419410318 -85.613128662 -0.038667373 0.999223888 0.007499399 -0.779932380 0.419371665 0.009415610 0.907765746 91.973861694
0.904352248 0.034813683 -0.425364703 -85.918479919 -0.036031310 0.999337137 0.005185237 -0.789753795 0.425263256 0.010637164 0.905007184 92.628738403
0.902149081 0.031784676 -0.430251986 -86.243011475 -0.035590168 0.999366283 -0.000797465 -0.806243837 0.429953933 0.016032176 0.902708471 93.319618225
0.899770439 0.029309275 -0.435378104 -86.571586609 -0.035971276 0.999327838 -0.007065841 -0.814949095 0.434878379 0.022018742 0.900219917 93.997474670
