1 -1.22322e-18 -1.71789e-20 0 7.5476e-19 1 6.23824e-19 0 -2.14909e-19 -9.89981e-19 1 0
0.999996 0.00292474 0.000234311 -0.00932037 -0.00292507 0.999995 0.00143289 -0.013463 -0.000230119 -0.00143357 0.999999 0.666468
0.999984 0.00555267 0.000690352 -0.0196788 -0.00555403 0.999983 0.00198997 -0.0297089 -0.000679291 -0.00199377 0.999998 1.42156
0.999979 0.00654423 0.000393742 -0.0201026 -0.00654482 0.999977 0.00150615 -0.052521 -0.000383877 -0.0015087 0.999999 2.24516
0.999962 0.00871208 0.000896138 -0.0274988 -0.00871316 0.999961 0.00120857 -0.0692809 -0.000885574 -0.00121633 0.999999 2.9847
0.99996 0.00886286 0.000807706 -0.0273544 -0.00886372 0.99996 0.00106494 -0.0882615 -0.000798236 -0.00107205 0.999999 3.69416
0.999958 0.00905714 0.00130832 -0.0319513 -0.00905983 0.999957 0.00206606 -0.105494 -0.00128955 -0.00207783 0.999997 4.38986
0.999947 0.0101754 0.00128208 -0.0275434 -0.010181 0.999938 0.00444949 -0.117168 -0.00123673 -0.0044623 0.999989 5.06719
0.99995 0.00948667 0.00314882 -0.0331448 -0.00951354 0.999917 0.00863072 -0.132928 -0.00306669 -0.00866025 0.999958 5.70938
0.999942 0.00880925 0.00614832 -0.0432512 -0.0088829 0.999888 0.0120562 -0.14554 -0.00604143 -0.0121101 0.999908 6.34343
0.999946 0.00803416 0.00660412 -0.0402509 -0.00812888 0.999863 0.014442 -0.161622 -0.00648719 -0.0144949 0.999874 6.93652
0.999927 0.00814842 0.00895433 -0.0460128 -0.00828058 0.999856 0.0148231 -0.176188 -0.00883225 -0.0148962 0.99985 7.51476
0.999918 0.00936034 0.00876293 -0.0382095 -0.0094671 0.99988 0.0122215 -0.183395 -0.00864749 -0.0123035 0.999887 8.05741
0.999908 0.00918601 0.00993591 -0.037013 -0.00927965 0.999913 0.00941995 -0.190612 -0.00984851 -0.00951129 0.999906 8.58005
0.999899 0.00777537 0.0118703 -0.0299954 -0.00786689 0.99994 0.0076829 -0.195523 -0.0118099 -0.00777551 0.9999 9.08279
0.999884 0.00415475 0.0146566 -0.0274447 -0.00424051 0.999974 0.00582553 -0.212229 -0.014632 -0.005887 0.999876 9.54464
0.999886 0.00250441 0.0148821 -0.0119261 -0.00256947 0.999987 0.00435454 -0.227514 -0.014871 -0.00439228 0.99988 9.98033
0.999818 0.00664654 0.0179077 -0.0192674 -0.00668884 0.999975 0.00230298 -0.235641 -0.017892 -0.00242234 0.999837 10.3918
0.99972 0.0105272 0.0211781 -0.0253659 -0.0105661 0.999943 0.00172601 -0.244137 -0.0211587 -0.00194929 0.999774 10.7568
0.999616 0.0114118 0.0252425 -0.0112091 -0.0114759 0.999931 0.00239838 -0.249241 -0.0252134 -0.00268714 0.999678 11.1031
0.999585 0.00759155 0.0277829 0.00497529 -0.00767607 0.999966 0.002937 -0.255192 -0.0277597 -0.00314905 0.99961 11.417
0.999561 0.00243786 0.0295339 0.0282913 -0.00252447 0.999993 0.0028954 -0.26615 -0.0295266 -0.00296869 0.99956 11.7123
0.999485 -0.000734902 0.0320847 0.0447553 0.000597277 0.999991 0.0042988 -0.279284 -0.0320876 -0.00427743 0.999476 11.97
0.999393 -0.00192547 0.034795 0.0571673 0.0017475 0.999985 0.00514458 -0.283237 -0.0348044 -0.00508065 0.999381 12.1882
0.999323 -0.000688407 0.0367894 0.0585882 0.000534541 0.999991 0.00419202 -0.285712 -0.036792 -0.00416952 0.999314 12.3885
0.999227 0.000267494 0.039307 0.061179 -0.000386512 0.999995 0.00302035 -0.292735 -0.0393061 -0.00303321 0.999223 12.5654
0.999111 0.00251215 0.0420775 0.0613007 -0.00259881 0.999995 0.0020049 -0.297245 -0.0420722 -0.00211247 0.999112 12.7366
0.999017 0.00507739 0.0440405 0.0630944 -0.00515762 0.999985 0.00170845 -0.306931 -0.0440312 -0.00193391 0.999028 12.8919
0.998963 0.00605022 0.04513 0.0756434 -0.00607339 0.999981 0.000376378 -0.31079 -0.0451269 -0.00065008 0.998981 13.0622
0.998896 0.00547464 0.0466501 0.0890021 -0.00542563 0.999985 -0.00117729 -0.317068 -0.0466558 0.000922882 0.998911 13.2075
0.998838 0.00442137 0.0479888 0.0974376 -0.00429569 0.999987 -0.0027219 -0.322863 -0.0480002 0.00251259 0.998844 13.3501
0.998738 0.00372907 0.0500798 0.0983855 -0.00353882 0.999986 -0.0038871 -0.327265 -0.0500936 0.00370497 0.998738 13.4836
0.998661 0.00426575 0.0515546 0.104072 -0.00400514 0.999979 -0.00515733 -0.329057 -0.0515755 0.00494394 0.998657 13.6112
0.998616 0.00501994 0.0523441 0.105491 -0.00464132 0.999962 -0.00735232 -0.330766 -0.052379 0.0070992 0.998602 13.7367
0.998582 0.00550483 0.0529487 0.116221 -0.00501478 0.999943 -0.00938346 -0.333167 -0.0529974 0.00910463 0.998553 13.8588
0.998537 0.00477892 0.0538583 0.122985 -0.00416938 0.999926 -0.0114241 -0.337511 -0.0539089 0.0111828 0.998483 13.9805
0.998578 0.00376765 0.0531835 0.129637 -0.00306348 0.999907 -0.0133156 -0.342611 -0.0532287 0.0131337 0.998496 14.1118
0.998692 0.00322258 0.0510356 0.134173 -0.0024715 0.999888 -0.014773 -0.345866 -0.0510775 0.0146276 0.998588 14.2378
0.998839 0.00301084 0.0480782 0.134458 -0.00226484 0.999876 -0.0155632 -0.352275 -0.0481191 0.0154363 0.998722 14.354
0.999018 0.00377345 0.0441391 0.13497 -0.00304228 0.999857 -0.0166205 -0.353274 -0.0441955 0.0164699 0.998887 14.4792
0.999266 0.00391061 0.0381145 0.133348 -0.00323637 0.999837 -0.0177355 -0.357126 -0.0381776 0.0175991 0.999116 14.611
0.999498 0.00380418 0.0314519 0.129085 -0.00322555 0.999825 -0.0184275 -0.359858 -0.0315165 0.0183168 0.999335 14.7247
0.999694 0.00398215 0.0244136 0.12212 -0.00351378 0.99981 -0.0191979 -0.36361 -0.0244855 0.0191063 0.999518 14.8533
0.999868 0.0038591 0.0157946 0.115578 -0.00354189 0.999792 -0.020062 -0.364702 -0.0158687 0.0200034 0.999674 14.9642
0.999981 0.0031715 0.00537446 0.114148 -0.00305679 0.99977 -0.0212197 -0.370264 -0.00544052 0.0212029 0.99976 15.1159
0.999969 0.00174186 -0.00770399 0.103896 -0.00191675 0.999739 -0.0227513 -0.373283 0.00766235 0.0227654 0.999711 15.2568
0.999724 0.000730153 -0.0234789 0.0790199 -0.00130816 0.999696 -0.0246121 -0.38389 0.0234538 0.024636 0.999421 15.4127
0.999072 0.00115967 -0.0430647 0.0505262 -0.00226394 0.99967 -0.0256022 -0.388929 0.0430208 0.025676 0.998744 15.5914
0.997897 0.00206802 -0.0647885 0.00851079 -0.0037046 0.999677 -0.0251504 -0.393394 0.0647155 0.0253375 0.997582 15.7804
0.996096 0.00259935 -0.0882427 -0.0377002 -0.00470787 0.999708 -0.0236949 -0.400588 0.0881554 0.0240178 0.995817 15.9785
0.993291 0.00348798 -0.115589 -0.0870965 -0.00609167 0.999735 -0.0221798 -0.408291 0.115481 0.0227351 0.993049 16.2059
0.989417 0.00459693 -0.145026 -0.160651 -0.00757468 0.999772 -0.019987 -0.414639 0.144901 0.020874 0.989226 16.422
0.983934 0.00508527 -0.178462 -0.225392 -0.00819828 0.999827 -0.0167104 -0.419124 0.178346 0.017905 0.983805 16.6734
0.976561 0.00619567 -0.215151 -0.316802 -0.00911672 0.999879 -0.012587 -0.423127 0.215047 0.0142535 0.9765 16.9318
0.966992 0.00774491 -0.25469 -0.423331 -0.00987804 0.999926 -0.00709742 -0.433329 0.254616 0.00937898 0.966997 17.178
0.954887 0.0117859 -0.296735 -0.557402 -0.0130309 0.999913 -0.00221798 -0.430333 0.296683 0.00598464 0.954957 17.4527
0.941243 0.016047 -0.337348 -0.711665 -0.016077 0.999867 0.0027049 -0.434395 0.337346 0.00287757 0.941376 17.7313
0.924733 0.0187198 -0.380155 -0.86895 -0.0167986 0.999824 0.00837096 -0.4366 0.380245 -0.00135482 0.924885 18.0002
0.905537 0.0222483 -0.423684 -1.04554 -0.0171682 0.999728 0.0158039 -0.442994 0.42392 -0.00703712 0.905672 18.2948
0.883946 0.0266155 -0.466831 -1.24212 -0.0181857 0.99958 0.0225545 -0.440592 0.467235 -0.0114473 0.884059 18.5771
0.859448 0.031481 -0.510252 -1.46485 -0.0203857 0.999419 0.0273242 -0.439311 0.510816 -0.0130819 0.859591 18.8273
0.832054 0.0348248 -0.5536 -1.71575 -0.0213307 0.999298 0.0308021 -0.437315 0.554284 -0.0138203 0.832213 19.1003
0.800891 0.0386043 -0.597565 -1.96425 -0.0237192 0.999182 0.0327599 -0.423525 0.598341 -0.0120633 0.801151 19.3562
0.767145 0.0417593 -0.640113 -2.26002 -0.024462 0.999057 0.0358593 -0.418968 0.641007 -0.0118509 0.767444 19.6282
0.730685 0.0460027 -0.681163 -2.58056 -0.025921 0.998877 0.0396542 -0.400217 0.682222 -0.0113183 0.731057 19.8819
0.691592 0.0476731 -0.720714 -2.89779 -0.0237757 0.998781 0.0432514 -0.388385 0.721897 -0.0127769 0.691882 20.118
0.651524 0.0477401 -0.757124 -3.26162 -0.0211227 0.998773 0.0448006 -0.375211 0.758334 -0.0131962 0.651733 20.3606
0.608715 0.046976 -0.791997 -3.63681 -0.0158885 0.998767 0.0470286 -0.362265 0.79323 -0.0160434 0.608711 20.6025
0.564647 0.0474323 -0.823969 -4.03702 -0.01163 0.998705 0.0495213 -0.349136 0.825251 -0.0183793 0.564467 20.8155
0.5176 0.0489646 -0.854221 -4.46316 -0.00951352 0.998629 0.0514776 -0.327274 0.85557 -0.0185182 0.517356 21.0345
0.469044 0.0489444 -0.881818 -4.90229 -0.00818365 0.998661 0.0510768 -0.304526 0.883137 -0.0167408 0.468816 21.2057
0.417309 0.0484038 -0.907474 -5.39852 -0.00323815 0.998653 0.0517781 -0.28278 0.908759 -0.0186689 0.416904 21.3794
0.363757 0.0478928 -0.930262 -5.89389 0.00238678 0.998626 0.0523457 -0.268636 0.931491 -0.0212615 0.363143 21.5311
0.309206 0.0473668 -0.949815 -6.40009 0.0050118 0.998664 0.0514345 -0.254783 0.950982 -0.0206642 0.308556 21.6526
0.255633 0.0526217 -0.965341 -6.96929 0.00607103 0.998411 0.056032 -0.214357 0.966755 -0.0201843 0.254908 21.7605
0.205128 0.0577877 -0.977028 -7.54353 0.00923617 0.998097 0.060973 -0.178769 0.978692 -0.0215312 0.204203 21.8362
0.156851 0.059908 -0.985804 -8.09993 0.0148475 0.997903 0.0630057 -0.16801 0.987511 -0.0245192 0.155633 21.8992
0.112061 0.0616057 -0.99179 -8.72555 0.0175466 0.997798 0.0639615 -0.139842 0.993546 -0.0245702 0.110734 21.9343
0.0719788 0.0603344 -0.99558 -9.33874 0.0181509 0.997924 0.0617888 -0.11649 0.997241 -0.0225181 0.0707343 21.95
0.0355739 0.0561767 -0.997787 -10.0113 0.0152964 0.998271 0.0567494 -0.0784853 0.99925 -0.0172813 0.0346531 21.9431
0.0077211 0.056174 -0.998391 -10.6564 0.0127281 0.998334 0.0562692 -0.0366308 0.999889 -0.013142 0.00699325 21.9166
-0.0135212 0.0600382 -0.998104 -11.3479 0.0125068 0.998128 0.0598702 -0.00176033 0.99983 -0.0116736 -0.0142468 21.8753
-0.0255547 0.0658983 -0.997499 -12.0813 0.0135461 0.997756 0.0655683 0.041138 0.999582 -0.0118367 -0.02639 21.8405
-0.0341189 0.0686544 -0.997057 -12.8233 0.014158 0.997571 0.0682053 0.0765318 0.999318 -0.0117892 -0.035008 21.8092
-0.0373036 0.0663683 -0.997098 -13.5776 0.0146368 0.997721 0.0658622 0.112045 0.999197 -0.0121374 -0.03819 21.772
-0.0363106 0.0622328 -0.997401 -14.3444 0.0212985 0.997881 0.0614873 0.162044 0.999114 -0.0190105 -0.0375591 21.7423
-0.032462 0.0610608 -0.997606 -15.1523 0.0327072 0.997662 0.0599999 0.185028 0.998938 -0.0306812 -0.0343832 21.7258
-0.0272525 0.0609293 -0.99777 -15.9767 0.0345313 0.997602 0.0599759 0.225824 0.999032 -0.0328198 -0.0292911 21.7123
-0.0215941 0.0594201 -0.997999 -16.806 0.0326512 0.997742 0.0586982 0.278615 0.999234 -0.0313184 -0.0234855 21.6793
-0.0190716 0.0541628 -0.99835 -17.67 0.0358911 0.997925 0.0534541 0.304819 0.999174 -0.0348124 -0.020976 21.6718
-0.016519 0.0437099 -0.998908 -18.545 0.0334266 0.99851 0.0431398 0.330865 0.999305 -0.0326775 -0.0179554 21.6528
-0.0159588 0.0351021 -0.999256 -19.4457 0.0264334 0.999049 0.0346726 0.364716 0.999523 -0.0258604 -0.0168715 21.632
-0.0179852 0.031834 -0.999331 -20.3631 0.0203456 0.999298 0.0314668 0.388169 0.999631 -0.0197661 -0.0186203 21.6101
-0.0212481 0.0374493 -0.999073 -21.3045 0.0112958 0.999243 0.0372155 0.419532 0.99971 -0.0104946 -0.0216551 21.5737
-0.0254693 0.0452957 -0.998649 -22.2585 0.00627146 0.998961 0.0451498 0.456059 0.999656 -0.00511306 -0.0257269 21.5282
-0.030457 0.0550838 -0.998017 -23.2299 0.00458582 0.998478 0.0549693 0.487191 0.999526 -0.00290253 -0.0306632 21.4837
-0.0318342 0.0649684 -0.997379 -24.2296 0.00310879 0.997887 0.0649023 0.548753 0.999488 -0.00103453 -0.0319689 21.4447
-0.0324111 0.0728879 -0.996813 -25.2312 0.00519358 0.997336 0.0727573 0.590134 0.999461 -0.00281889 -0.0327033 21.4041
-0.0341538 0.0746155 -0.996627 -26.2409 0.00640118 0.997205 0.0744393 0.641787 0.999396 -0.0038372 -0.034536 21.3644
-0.0359167 0.071798 -0.996772 -27.245 0.0049552 0.997416 0.0716659 0.702702 0.999343 -0.0023652 -0.0361797 21.3218
-0.0392051 0.0673298 -0.99696 -28.2608 0.00249735 0.997731 0.0672837 0.746172 0.999228 0.000148099 -0.0392842 21.2717
-0.0443105 0.0620869 -0.997087 -29.2742 0.00212719 0.998071 0.0620536 0.789352 0.999016 0.000628628 -0.044357 21.2235
-0.0494683 0.0575831 -0.997114 -30.2993 0.00319652 0.998341 0.0574953 0.836198 0.998771 -0.000343103 -0.0495703 21.1664
-0.0564251 0.0551039 -0.996885 -31.3256 0.00196273 0.99848 0.0550809 0.876068 0.998405 0.00115133 -0.0564475 21.0936
-0.0632762 0.057638 -0.99633 -32.3617 0.00283109 0.998337 0.0575743 0.918444 0.997992 0.00082238 -0.0633341 21.0129
-0.0703101 0.0620609 -0.995593 -33.4162 0.00154555 0.998068 0.0621061 0.961279 0.997524 0.00282795 -0.0702702 20.9232
-0.0756131 0.0651011 -0.99501 -34.484 -0.000739588 0.997863 0.065344 1.0156 0.997137 0.00567676 -0.0754034 20.8243
-0.0811321 0.06741 -0.994421 -35.526 -0.00349279 0.997685 0.0679162 1.06089 0.996697 0.00898349 -0.0807088 20.7296
-0.0840252 0.0690214 -0.99407 -36.5898 -0.00794663 0.99752 0.0699326 1.11749 0.996432 0.0137756 -0.0832684 20.6308
-0.0861422 0.0700528 -0.993817 -37.6563 -0.0117268 0.997384 0.0713207 1.17966 0.996214 0.017798 -0.0850954 20.53
-0.0869362 0.0701691 -0.99374 -38.724 -0.0134115 0.997343 0.0715968 1.22763 0.996124 0.0195519 -0.0857642 20.4224
-0.0884965 0.0697038 -0.993635 -39.7906 -0.0139736 0.997363 0.0712099 1.28141 0.995979 0.0201865 -0.0872892 20.3227
-0.0895021 0.0690726 -0.993589 -40.8635 -0.0148458 0.997389 0.0706741 1.33314 0.995876 0.0210761 -0.088243 20.2139
-0.0913446 0.0683701 -0.993469 -41.9433 -0.0161951 0.997406 0.0701301 1.38827 0.995688 0.0224954 -0.0900004 20.1136
-0.0916204 0.0662935 -0.993585 -43.0045 -0.0209366 0.997433 0.0684808 1.4374 0.995574 0.0270766 -0.0899972 19.9981
-0.0920748 0.0614187 -0.993856 -44.0684 -0.026177 0.997602 0.0640753 1.48962 0.995408 0.0319159 -0.0902462 19.8767
-0.0914445 0.0602035 -0.993989 -45.1717 -0.0283709 0.997608 0.0630328 1.54299 0.995406 0.0339643 -0.0895178 19.7623
-0.0898549 0.0644254 -0.993869 -46.2582 -0.0290275 0.997312 0.067273 1.59519 0.995532 0.0348944 -0.0877433 19.6631
-0.0884095 0.0680159 -0.993759 -47.3632 -0.0287614 0.997076 0.0708016 1.65235 0.995669 0.0348414 -0.0861947 19.5584
-0.0864231 0.067519 -0.993968 -48.4503 -0.027259 0.997167 0.0701064 1.70445 0.995886 0.0331534 -0.0843377 19.4621
-0.0839834 0.0670255 -0.99421 -49.547 -0.026891 0.997219 0.0694999 1.76113 0.996104 0.0325721 -0.0819475 19.3676
-0.0795018 0.0671568 -0.99457 -50.6598 -0.0305608 0.997095 0.0697702 1.82205 0.996366 0.0359417 -0.0772184 19.2664
-0.0733168 0.0678254 -0.995 -51.7546 -0.0357226 0.996866 0.0705849 1.87845 0.996669 0.040719 -0.0706641 19.1621
-0.0674337 0.0679458 -0.995407 -52.872 -0.0390332 0.996735 0.0706808 1.9379 0.99696 0.0436202 -0.0645614 19.0742
-0.0613442 0.0671539 -0.995855 -53.9946 -0.0409285 0.996726 0.0697337 1.99635 0.997277 0.0450366 -0.0583949 18.9934
-0.0547901 0.0664316 -0.996286 -55.1084 -0.0406895 0.996807 0.0687041 2.05208 0.997669 0.0443027 -0.0519121 18.9149
-0.0494407 0.0665313 -0.996559 -56.2317 -0.0392919 0.996877 0.0685019 2.10151 0.998004 0.0425435 -0.0466721 18.8559
-0.0445933 0.0669304 -0.996761 -57.3489 -0.0382239 0.996908 0.0686504 2.15943 0.998274 0.0411615 -0.0418971 18.8069
-0.0380822 0.0689948 -0.99689 -58.4654 -0.0369412 0.996834 0.0704021 2.21166 0.998592 0.0395074 -0.0354129 18.7563
-0.0339168 0.0696256 -0.996996 -59.6112 -0.038081 0.996756 0.0709042 2.27825 0.998699 0.0403714 -0.0311553 18.7168
-0.0279835 0.0692988 -0.997203 -60.7515 -0.0375914 0.996815 0.0703267 2.33214 0.998901 0.0394543 -0.0252894 18.6771
-0.0236204 0.0649831 -0.997607 -61.9123 -0.0375363 0.997124 0.0658404 2.39095 0.999016 0.0390016 -0.0211132 18.6482
-0.0183776 0.0599112 -0.998034 -63.0348 -0.0375999 0.997456 0.0605688 2.43591 0.999124 0.0386391 -0.0160782 18.6138
-0.0140152 0.0589238 -0.998164 -64.1719 -0.0383514 0.997496 0.0594229 2.48928 0.999166 0.0391138 -0.0117203 18.5829
-0.010972 0.0610138 -0.998077 -65.3402 -0.0374242 0.997412 0.0613846 2.536 0.999239 0.0380257 -0.00866026 18.5742
-0.00831772 0.0607599 -0.998118 -66.4847 -0.037206 0.997442 0.0610288 2.58186 0.999273 0.0376436 -0.00603581 18.5523
-0.00638944 0.0607258 -0.998134 -67.6511 -0.0390318 0.997379 0.0609297 2.63775 0.999218 0.0393483 -0.00400246 18.5278
-0.0064717 0.0616406 -0.998077 -68.8191 -0.0403032 0.997271 0.0618521 2.68797 0.999167 0.040626 -0.00396973 18.5251
-0.0050584 0.0614853 -0.998095 -69.9785 -0.0406912 0.997269 0.0616406 2.73561 0.999159 0.0409255 -0.00254267 18.5095
-0.00351736 0.059939 -0.998196 -71.1387 -0.0413077 0.997341 0.0600333 2.78042 0.99914 0.0414443 -0.00103206 18.4889
-0.00129311 0.0582117 -0.998303 -72.2997 -0.0404448 0.997484 0.0582163 2.83483 0.999181 0.0404514 0.0010645 18.4772
-0.0020454 0.0584898 -0.998286 -73.4636 -0.0366579 0.997613 0.0585254 2.87032 0.999326 0.0367148 0.000103601 18.4784
-0.00193324 0.0590423 -0.998254 -74.6399 -0.0339786 0.997675 0.0590739 2.91746 0.999421 0.0340335 7.74273e-05 18.4748
-0.00230357 0.0616164 -0.998097 -75.8069 -0.0336329 0.99753 0.061659 2.96389 0.999432 0.033711 -0.000225541 18.4752
-0.00229489 0.0652625 -0.997865 -76.9749 -0.0352075 0.997244 0.0653028 3.01636 0.999377 0.0352822 9.16598e-06 18.465
-0.00442452 0.0656675 -0.997832 -78.1476 -0.0369001 0.997151 0.0657864 3.06756 0.999309 0.0371112 -0.00198877 18.4605
-0.00298378 0.0640828 -0.99794 -79.3047 -0.0382236 0.997208 0.0641501 3.11652 0.999265 0.0383363 -0.000525967 18.4424
-0.00258378 0.0619233 -0.998078 -80.446 -0.0381091 0.99735 0.0619768 3.16127 0.99927 0.038196 -0.000217089 18.4308
-0.00360775 0.061307 -0.998112 -81.6218 -0.0360026 0.997464 0.0613973 3.20788 0.999345 0.0361561 -0.00139139 18.431
-0.00381626 0.0627338 -0.998023 -82.7793 -0.0344948 0.997428 0.0628283 3.25269 0.999398 0.0346664 -0.00164245 18.4195
-0.00371498 0.0654552 -0.997849 -83.9456 -0.034377 0.997257 0.0655444 3.29993 0.999402 0.0345466 -0.00145463 18.4104
-0.00377637 0.0679472 -0.997682 -85.1015 -0.034007 0.997103 0.0680365 3.35078 0.999415 0.0341851 -0.00145475 18.4071
-0.00563204 0.0683104 -0.997648 -86.264 -0.0349886 0.99704 0.0684663 3.40732 0.999372 0.0352919 -0.00322528 18.4068
-0.00376946 0.0667758 -0.997761 -87.4225 -0.0346991 0.997158 0.0668665 3.45747 0.999391 0.0348734 -0.00144169 18.3858
-0.00371571 0.0653267 -0.997857 -88.5608 -0.0335517 0.997294 0.0654148 3.50613 0.99943 0.0337228 -0.00151383 18.3761
-0.00308537 0.0661194 -0.997807 -89.721 -0.0320982 0.997291 0.0661844 3.55696 0.99948 0.032232 -0.000954698 18.3646
-0.00309281 0.0689867 -0.997613 -90.8903 -0.0303932 0.99715 0.0690489 3.61217 0.999533 0.0305342 -0.000987267 18.3629
-0.00242158 0.0710589 -0.997469 -92.0331 -0.0279415 0.997078 0.0710988 3.66966 0.999607 0.028043 -0.00042901 18.3561
-0.00265454 0.0728405 -0.99734 -93.1692 -0.0283095 0.996938 0.0728865 3.73063 0.999596 0.0284277 -0.000584335 18.3464
-0.00293668 0.0746406 -0.997206 -94.3157 -0.0301304 0.996751 0.0746953 3.78776 0.999542 0.0302656 -0.000678185 18.3425
-0.000928164 0.0741965 -0.997243 -95.4732 -0.0322988 0.996721 0.0741877 3.85016 0.999478 0.0322786 0.00147134 18.318
-0.00194609 0.0706238 -0.997501 -96.6191 -0.0342574 0.996913 0.070649 3.90228 0.999411 0.0343093 0.000479307 18.3134
-0.00155946 0.0690411 -0.997613 -97.7598 -0.0367508 0.996936 0.0690518 3.95799 0.999323 0.0367708 0.00098264 18.3011
-0.00217896 0.0673217 -0.997729 -98.9103 -0.0367181 0.997053 0.0673563 4.013 0.999323 0.0367815 0.00029939 18.2998
-0.00108758 0.0678172 -0.997697 -100.019 -0.0353733 0.997071 0.0678132 4.06066 0.999374 0.0353656 0.00131453 18.2846
-0.00150944 0.0697488 -0.997563 -101.169 -0.0351454 0.996945 0.0697587 4.11856 0.999381 0.0351651 0.000946523 18.2824
-0.00113709 0.0719909 -0.997405 -102.318 -0.0337263 0.996835 0.0719882 4.17699 0.999431 0.0337206 0.00129449 18.2815
-0.00189329 0.071241 -0.997457 -103.453 -0.0367725 0.99678 0.0712624 4.24035 0.999322 0.0368139 0.000732519 18.274
-0.00190523 0.0722407 -0.997385 -104.605 -0.0413763 0.996527 0.0722576 4.30148 0.999142 0.0414058 0.00109044 18.263
-0.00276039 0.0716029 -0.997429 -105.745 -0.0439865 0.996459 0.071655 4.3665 0.999028 0.0440712 0.000398944 18.2452
-0.00367385 0.0682113 -0.997664 -106.901 -0.0450995 0.996644 0.0683077 4.42131 0.998976 0.0452451 -0.000585222 18.2336
-0.00505703 0.06443 -0.997909 -108.069 -0.045757 0.996862 0.0645943 4.47413 0.99894 0.045988 -0.00209304 18.2259
-0.00547696 0.0630032 -0.997998 -109.241 -0.0421137 0.997113 0.0631785 4.53467 0.999098 0.0423754 -0.00280785 18.2122
-0.0063919 0.0626299 -0.998016 -110.429 -0.0375957 0.997316 0.0628267 4.58311 0.999273 0.0379227 -0.00402013 18.2107
-0.00564438 0.0642791 -0.997916 -111.642 -0.0370978 0.997231 0.0644449 4.63981 0.999296 0.0373842 -0.00324414 18.1876
-0.00711714 0.0683716 -0.997634 -112.824 -0.0364996 0.996977 0.068587 4.6947 0.999308 0.0369014 -0.00460009 18.175
-0.0068402 0.0684609 -0.99763 -114.037 -0.0345072 0.997043 0.0686573 4.76293 0.999381 0.0348951 -0.00445757 18.1645
-0.00702956 0.06462 -0.997885 -115.248 -0.0345837 0.997297 0.0648256 4.81669 0.999377 0.0349662 -0.00477576 18.1413
-0.00710481 0.0608503 -0.998122 -116.479 -0.0346331 0.997533 0.061061 4.87296 0.999375 0.0350019 -0.00497985 18.1222
-0.00857869 0.0594797 -0.998193 -117.688 -0.0337177 0.997645 0.0597368 4.92509 0.999395 0.0341692 -0.00655297 18.1132
-0.00942554 0.0604955 -0.998124 -118.905 -0.0354662 0.99752 0.0607938 4.97839 0.999326 0.0359727 -0.00725662 18.0942
-0.0101266 0.0648253 -0.997845 -120.157 -0.0397747 0.997081 0.0651792 5.03984 0.999157 0.040349 -0.00751862 18.0756
-0.0109625 0.0685577 -0.997587 -121.403 -0.045473 0.996581 0.0689882 5.09969 0.998905 0.0461195 -0.00780753 18.0461
-0.0107847 0.0686363 -0.997583 -122.657 -0.052795 0.996211 0.0691127 5.16472 0.998547 0.0534128 -0.00712022 18.0086
-0.0122505 0.0665783 -0.997706 -123.906 -0.0554785 0.996199 0.0671589 5.22507 0.998385 0.056174 -0.00851031 17.993
-0.0129953 0.0656255 -0.99776 -125.121 -0.0577419 0.99613 0.0662703 5.28111 0.998247 0.0584737 -0.00915562 17.9658
-0.0142754 0.0650036 -0.997783 -126.382 -0.057899 0.996157 0.065726 5.33746 0.99822 0.0587088 -0.0104569 17.9536
-0.0141095 0.0646112 -0.997811 -127.586 -0.0562092 0.996281 0.065307 5.38368 0.998319 0.0570076 -0.0104252 17.9251
-0.0151842 0.0651489 -0.99776 -128.834 -0.0559788 0.996255 0.0659025 5.43521 0.998317 0.0568541 -0.0114804 17.901
-0.0163373 0.0697976 -0.997427 -130.065 -0.0558506 0.995939 0.0706082 5.49911 0.998306 0.0568605 -0.0123727 17.8837
-0.0170347 0.0738432 -0.997124 -131.3 -0.0540343 0.995744 0.074664 5.56538 0.998394 0.0551508 -0.0129721 17.8582
-0.016636 0.0727878 -0.997209 -132.554 -0.0550133 0.995769 0.0736005 5.63046 0.998347 0.0560841 -0.0125613 17.8263
-0.0160771 0.0715143 -0.99731 -133.788 -0.0550756 0.995861 0.0722982 5.69676 0.998353 0.0560898 -0.0120718 17.7943
-0.0154666 0.0713181 -0.997334 -135.027 -0.0540481 0.995935 0.0720563 5.7566 0.998419 0.0550185 -0.0115491 17.7746
-0.0143747 0.0705685 -0.997403 -136.257 -0.0542072 0.995984 0.0712494 5.81726 0.998426 0.0550906 -0.0104916 17.7492
-0.0130675 0.0727434 -0.997265 -137.47 -0.0545863 0.995811 0.0733526 5.8779 0.998424 0.0553955 -0.00904193 17.719
-0.0125729 0.0761648 -0.997016 -138.723 -0.0551531 0.995524 0.0767463 5.9511 0.998399 0.0559534 -0.00831586 17.7028
-0.0114587 0.077557 -0.996922 -139.957 -0.0566745 0.995334 0.0780849 6.0166 0.998327 0.0573948 -0.00700975 17.6795
-0.00993921 0.0750751 -0.997128 -141.169 -0.0593531 0.995375 0.0755347 6.08293 0.998188 0.0599334 -0.0054373 17.6541
-0.0104515 0.0721604 -0.997338 -142.392 -0.0586152 0.995633 0.0726513 6.14904 0.998226 0.0592185 -0.00617612 17.637
-0.00931984 0.0701692 -0.997492 -143.631 -0.0554739 0.995962 0.0705799 6.21216 0.998417 0.0559925 -0.00538965 17.6213
-0.009288 0.0700065 -0.997503 -144.831 -0.0539829 0.996057 0.0704076 6.26577 0.998499 0.054502 -0.00547222 17.6057
-0.0101869 0.0699503 -0.997498 -146.059 -0.0516139 0.996184 0.0703852 6.33074 0.998615 0.0522018 -0.00653758 17.597
-0.010568 0.0694909 -0.997527 -147.277 -0.0489969 0.996348 0.0699278 6.37373 0.998743 0.0496147 -0.00712453 17.5769
-0.0108684 0.0694979 -0.997523 -148.493 -0.0484311 0.996374 0.0699455 6.43687 0.998767 0.0490713 -0.0074631 17.562
-0.0110429 0.0720431 -0.99734 -149.702 -0.0463115 0.996294 0.0724803 6.49819 0.998866 0.0469887 -0.0076656 17.5425
-0.0110582 0.073734 -0.997217 -150.917 -0.0430657 0.996317 0.0741451 6.55666 0.999011 0.0437658 -0.00784206 17.5254
-0.0110428 0.0722619 -0.997325 -152.119 -0.0411528 0.996508 0.0726584 6.61773 0.999092 0.041845 -0.00803046 17.5048
-0.0117593 0.0725278 -0.997297 -153.336 -0.0423784 0.996434 0.0729647 6.68369 0.999032 0.0431218 -0.00864377 17.4876
-0.0119974 0.0771108 -0.99695 -154.541 -0.0432875 0.996047 0.0775619 6.74836 0.998991 0.044086 -0.00861205 17.4632
-0.0109775 0.0832693 -0.996467 -155.785 -0.0475256 0.995357 0.0837002 6.82911 0.99881 0.0482765 -0.00696909 17.4374
-0.0103718 0.083763 -0.996432 -157.007 -0.0524278 0.995069 0.0841942 6.90217 0.998571 0.053114 -0.00592918 17.4195
-0.00931894 0.0802676 -0.99673 -158.201 -0.0562958 0.99515 0.0806668 6.97744 0.998371 0.0568634 -0.00475501 17.3922
-0.00757266 0.0747569 -0.997173 -159.403 -0.0589163 0.995436 0.0750741 7.04563 0.998234 0.0593183 -0.00313369 17.3663
-0.00704307 0.0728947 -0.997315 -160.591 -0.0605791 0.995477 0.0731881 7.11617 0.998139 0.0609319 -0.00259531 17.3531
-0.00605784 0.0699313 -0.997533 -161.81 -0.0567254 0.995921 0.0701628 7.17056 0.998371 0.0570105 -0.00206625 17.3512
-0.00586025 0.0657475 -0.997819 -163.006 -0.0532433 0.9964 0.0659668 7.22433 0.998564 0.0535138 -0.00233853 17.3405
-0.00668595 0.0630532 -0.997988 -164.213 -0.0478486 0.996847 0.0633017 7.26756 0.998832 0.0481755 -0.00364786 17.3406
-0.00793138 0.0649524 -0.997857 -165.424 -0.0445547 0.996874 0.0652426 7.32527 0.998976 0.0449767 -0.00501265 17.3346
-0.00646863 0.0717337 -0.997403 -166.628 -0.0446359 0.996409 0.0719517 7.38223 0.998982 0.0449854 -0.0032435 17.3187
-0.00533249 0.0748335 -0.997182 -167.842 -0.0458005 0.996131 0.0749996 7.44909 0.998936 0.0460714 -0.00188445 17.3006
-0.00465441 0.0725902 -0.997351 -169.043 -0.047152 0.996237 0.0727291 7.50282 0.998877 0.0473656 -0.00121411 17.2903
-0.00329184 0.0722393 -0.997382 -170.239 -0.0493308 0.996161 0.0723137 7.57015 0.998777 0.0494397 0.00028442 17.2711
-0.002203 0.0732494 -0.997311 -171.438 -0.0481847 0.996147 0.0732704 7.63569 0.998836 0.0482166 0.00133499 17.2619
-0.00118689 0.071852 -0.997415 -172.626 -0.0481046 0.996256 0.0718258 7.69283 0.998842 0.0480655 0.00227397 17.252
0.000183394 0.0706024 -0.997504 -173.778 -0.0485644 0.996328 0.0705102 7.74526 0.99882 0.0484303 0.00361149 17.2436
0.000800274 0.0719137 -0.99741 -174.917 -0.0488667 0.996222 0.0717888 7.80134 0.998805 0.0486827 0.00431144 17.2496
0.00233485 0.0738559 -0.997266 -176.04 -0.04895 0.996082 0.0736536 7.85235 0.998799 0.0486442 0.00594095 17.2457
0.00287556 0.0754811 -0.997143 -177.121 -0.0499464 0.995913 0.075244 7.89863 0.998748 0.0495874 0.00663382 17.2407
0.00334452 0.0766572 -0.997052 -178.171 -0.0505125 0.995798 0.0763913 7.95187 0.998718 0.0501081 0.00720261 17.236
0.00410395 0.0778749 -0.996955 -179.196 -0.0495376 0.995755 0.0775772 7.99686 0.998764 0.0490684 0.00794426 17.2353
0.00313855 0.0770938 -0.997019 -180.193 -0.0500796 0.995785 0.0768407 8.04583 0.99874 0.0496892 0.00698616 17.2392
0.00526407 0.0769879 -0.997018 -181.151 -0.0508338 0.995763 0.0766226 8.09093 0.998693 0.0502789 0.00915536 17.2354
0.00698658 0.077508 -0.996967 -182.094 -0.0520099 0.99567 0.0770427 8.14115 0.998622 0.0513139 0.0109875 17.2331
0.00503301 0.0764287 -0.997062 -183.02 -0.050202 0.995837 0.0760814 8.17763 0.998726 0.0496716 0.00884893 17.2484
0.00235612 0.0734914 -0.997293 -183.948 -0.0479304 0.996158 0.0732945 8.22111 0.998848 0.0476279 0.00586954 17.2517
-0.00317113 0.0703122 -0.99752 -184.861 -0.047439 0.996391 0.0703834 8.25831 0.998869 0.0475446 0.000175853 17.2479
-0.00786023 0.0672783 -0.997703 -185.774 -0.0492598 0.996497 0.067585 8.30644 0.998755 0.0496779 -0.00451858 17.226
-0.0112653 0.0662603 -0.997739 -186.674 -0.0507509 0.996478 0.0667496 8.34936 0.998648 0.0513881 -0.00786282 17.2122
-0.0145151 0.0669521 -0.997651 -187.59 -0.0523224 0.996338 0.0676252 8.3895 0.998525 0.053181 -0.0109589 17.183
-0.0167762 0.0686372 -0.997501 -188.495 -0.0515038 0.996257 0.0694178 8.43395 0.998532 0.0525397 -0.0131783 17.17
-0.0165296 0.0702141 -0.997395 -189.4 -0.0485604 0.996298 0.0709416 8.4742 0.998684 0.0496066 -0.0130588 17.1519
-0.0183453 0.0709416 -0.997312 -190.314 -0.0473508 0.996299 0.0717406 8.51693 0.99871 0.0485397 -0.0149183 17.1354
-0.0189377 0.0701362 -0.997358 -191.21 -0.0472405 0.99636 0.070963 8.55665 0.998704 0.0484596 -0.0155555 17.111
-0.0186463 0.0690776 -0.997437 -192.097 -0.048834 0.996357 0.0699157 8.59582 0.998633 0.0500125 -0.015205 17.0836
-0.0188991 0.0684005 -0.997479 -192.987 -0.0525628 0.99621 0.0693093 8.64261 0.998439 0.0537401 -0.0152321 17.0571
-0.0179064 0.0667699 -0.997608 -193.887 -0.0548225 0.996201 0.0676598 8.68733 0.998336 0.0559028 -0.0141779 17.0267
-0.0170882 0.0640716 -0.997799 -194.79 -0.0557011 0.996334 0.0649315 8.72985 0.998301 0.056688 -0.0134567 17.0078
-0.0165837 0.0616804 -0.997958 -195.688 -0.0557233 0.996487 0.0625154 8.77402 0.998309 0.0566463 -0.0130884 16.9878
-0.0153989 0.0614857 -0.997989 -196.593 -0.0558643 0.996496 0.0622556 8.81329 0.99832 0.0567107 -0.0119101 16.9664
-0.0138766 0.0636782 -0.997874 -197.536 -0.0538107 0.996476 0.0643373 8.85815 0.998455 0.0545891 -0.0104012 16.9503
-0.0137024 0.0649286 -0.997796 -198.454 -0.0529606 0.996442 0.0655678 8.90123 0.998503 0.0537423 -0.010215 16.9342
-0.0147724 0.0619083 -0.997972 -199.389 -0.0474038 0.996916 0.0625444 8.93213 0.998767 0.0482316 -0.0117921 16.9374
-0.0140036 0.0588017 -0.998171 -200.319 -0.0466264 0.997145 0.0593954 8.97045 0.998814 0.0473729 -0.0112219 16.9144
-0.0130426 0.0591552 -0.998164 -201.257 -0.0506623 0.996927 0.059744 9.01489 0.998631 0.0513485 -0.0100056 16.8882
-0.0124253 0.0626619 -0.997957 -202.194 -0.0518124 0.996653 0.0632251 9.06462 0.99858 0.0524921 -0.00913706 16.878
-0.0105894 0.0627802 -0.997971 -203.162 -0.0501453 0.996738 0.0632347 9.10011 0.998686 0.0507132 -0.00740669 16.8684
-0.00866555 0.0640761 -0.997907 -204.145 -0.0489924 0.996719 0.0644252 9.14825 0.998762 0.0494482 -0.00549787 16.8491
-0.00679958 0.0681774 -0.99765 -205.117 -0.0496898 0.996418 0.0684319 9.20799 0.998742 0.0500383 -0.0033875 16.8357
-0.00684352 0.0723371 -0.997357 -206.084 -0.0462215 0.996291 0.072577 9.254 0.998908 0.046596 -0.0034746 16.8305
-0.0060965 0.0729526 -0.997317 -207.07 -0.0455325 0.996281 0.0731551 9.30875 0.998944 0.0458563 -0.00275211 16.8261
-0.00349707 0.0738332 -0.997264 -208.046 -0.0488437 0.996068 0.0739159 9.36206 0.9988 0.0489685 0.000122973 16.8089
0.000479071 0.0755959 -0.997138 -209.055 -0.05178 0.995803 0.0754697 9.42308 0.998658 0.0515956 0.00439141 16.7898
0.00268899 0.0760558 -0.9971 -210.064 -0.0525057 0.995739 0.0758103 9.47887 0.998617 0.0521496 0.00667089 16.7933
0.00506895 0.0737191 -0.997266 -211.087 -0.0555222 0.995761 0.0733256 9.53843 0.998445 0.0549988 0.00914051 16.7929
0.00755803 0.070799 -0.997462 -212.098 -0.0557717 0.995968 0.0702704 9.59042 0.998415 0.0550991 0.0114761 16.7958
0.00985597 0.0697763 -0.997514 -213.116 -0.0554331 0.996067 0.0691274 9.64363 0.998414 0.054614 0.0136851 16.7986
0.0105935 0.0715742 -0.997379 -214.17 -0.0554386 0.995943 0.0708823 9.70108 0.998406 0.0545424 0.0145185 16.8111
0.0127142 0.0746395 -0.997129 -215.208 -0.056365 0.995678 0.0738121 9.76086 0.998329 0.0552648 0.0168664 16.8192
0.0137313 0.0746203 -0.997117 -216.257 -0.0567658 0.995661 0.0737296 9.81868 0.998293 0.0555898 0.0179076 16.8274
0.0153528 0.0721628 -0.997275 -217.317 -0.0558634 0.995896 0.071203 9.87438 0.99832 0.054618 0.019321 16.8325
0.0139437 0.0693105 -0.997498 -218.371 -0.0535852 0.996213 0.0684722 9.92774 0.998466 0.0524964 0.0176049 16.8557
0.0149529 0.0684957 -0.997539 -219.439 -0.0518392 0.996362 0.0676378 9.98005 0.998544 0.0507002 0.0184492 16.866
0.0142125 0.0677507 -0.997601 -220.519 -0.0523043 0.996386 0.0669231 10.0336 0.99853 0.0512277 0.0177048 16.8769
0.0139816 0.0675827 -0.997616 -221.596 -0.0519424 0.996415 0.0667734 10.0883 0.998552 0.0508849 0.0174419 16.8905
0.0142674 0.0684411 -0.997553 -222.69 -0.0546215 0.996218 0.0675683 10.1488 0.998405 0.0535238 0.0179518 16.8948
0.0146372 0.0707141 -0.997389 -223.796 -0.0553512 0.996024 0.069805 10.2027 0.99836 0.0541849 0.0184931 16.8933
0.0135793 0.0723713 -0.997285 -224.915 -0.0559699 0.995869 0.0715064 10.2626 0.99834 0.0548469 0.0175739 16.9137
0.0137756 0.0742685 -0.997143 -226.039 -0.0569068 0.99568 0.0733733 10.3244 0.998284 0.0557335 0.0179424 16.9181
0.0134954 0.075488 -0.997055 -227.163 -0.058758 0.995483 0.0745736 10.3866 0.998181 0.0575786 0.01787 16.9191
0.0131323 0.0738092 -0.997186 -228.307 -0.0617457 0.995429 0.0728659 10.4635 0.998006 0.0606151 0.0176297 16.9212
0.0121318 0.0697173 -0.997493 -229.451 -0.0605982 0.995784 0.0688609 10.5196 0.998089 0.0596108 0.0163054 16.9304
0.0100601 0.0636774 -0.99792 -230.604 -0.05776 0.996341 0.0629943 10.5753 0.99828 0.0570061 0.0137013 16.9482
0.0100187 0.0594401 -0.998182 -231.768 -0.0532097 0.996849 0.0588267 10.6258 0.998533 0.0525235 0.0131499 16.9477
0.00842896 0.0593928 -0.998199 -232.931 -0.0478086 0.997117 0.0589247 10.6748 0.998821 0.0472259 0.0112442 16.9568
0.00696904 0.0630083 -0.997989 -234.114 -0.0423169 0.997137 0.062659 10.7291 0.99908 0.0417951 0.00961541 16.9627
0.00418122 0.065611 -0.997836 -235.298 -0.0392626 0.997087 0.0653972 10.7858 0.99922 0.0389042 0.00674509 16.9743
0.00241401 0.065535 -0.997847 -236.479 -0.0379442 0.997138 0.0653966 10.836 0.999277 0.0377047 0.00489378 16.9635
0.000734536 0.0657966 -0.997833 -237.669 -0.0385699 0.997092 0.0657193 10.8968 0.999256 0.038438 0.00327017 16.9534
-0.00116064 0.067619 -0.99771 -238.876 -0.0376313 0.997002 0.0676148 10.95 0.999291 0.0376236 0.00138744 16.9448
-0.00342591 0.0674332 -0.997718 -240.09 -0.0366101 0.997046 0.0675135 11.0107 0.999324 0.0367578 -0.000947051 16.9313
-0.004989 0.0658433 -0.997817 -241.31 -0.0368117 0.997142 0.0659828 11.0723 0.99931 0.0370606 -0.00255093 16.9139
-0.00724637 0.0656584 -0.997816 -242.536 -0.036725 0.997151 0.0658814 11.1308 0.999299 0.0371222 -0.00481443 16.8921
-0.00909913 0.0666036 -0.997738 -243.756 -0.0366488 0.997087 0.0668944 11.1909 0.999287 0.0371746 -0.00663167 16.8696
-0.0112604 0.0671877 -0.997677 -245.005 -0.0369035 0.997032 0.0675608 11.2513 0.999255 0.0375785 -0.00874753 16.8432
-0.0146529 0.0684464 -0.997547 -246.242 -0.0375178 0.996914 0.0689541 11.3139 0.999189 0.0384362 -0.0120397 16.823
-0.0165668 0.0702534 -0.997392 -247.496 -0.0394965 0.996704 0.070861 11.378 0.999082 0.0405675 -0.0137375 16.7903
-0.0183692 0.0709931 -0.997308 -248.763 -0.0408931 0.996588 0.0716951 11.4447 0.998995 0.0421 -0.0154034 16.7648
-0.0199512 0.0715229 -0.997239 -250.003 -0.0431718 0.996446 0.0723297 11.5119 0.998868 0.0444957 -0.0167925 16.7304
-0.0196165 0.0718762 -0.997221 -251.236 -0.0446773 0.996353 0.0726925 11.5719 0.998809 0.0459791 -0.0163338 16.6907
-0.0201792 0.0711895 -0.997259 -252.483 -0.0437714 0.996442 0.072017 11.6262 0.998838 0.0451047 -0.0169914 16.6665
-0.0199685 0.0697017 -0.997368 -253.71 -0.0415665 0.996647 0.0704835 11.6905 0.998936 0.0428646 -0.0170042 16.6353
-0.0203618 0.0694449 -0.997378 -254.951 -0.0403025 0.996717 0.0702217 11.7542 0.99898 0.0416267 -0.0174961 16.6048
-0.0199504 0.0698033 -0.997361 -256.209 -0.0399298 0.996708 0.0705563 11.8178 0.999003 0.0412321 -0.0170974 16.5797
-0.0206333 0.069947 -0.997337 -257.452 -0.0392144 0.996725 0.0707154 11.8753 0.999018 0.0405691 -0.0178228 16.5451
-0.0207836 0.070594 -0.997289 -258.704 -0.0389143 0.996691 0.0713627 11.9369 0.999026 0.040292 -0.0179677 16.5189
-0.0203233 0.0714871 -0.997234 -259.933 -0.0365141 0.996722 0.0721946 12 0.999127 0.0378804 -0.0176464 16.4914
-0.0204617 0.0738087 -0.997062 -261.156 -0.0322164 0.996705 0.0744434 12.0617 0.999271 0.033645 -0.0180164 16.4653
-0.0201047 0.0776011 -0.996782 -262.392 -0.028832 0.996524 0.0781626 12.1257 0.999382 0.0303107 -0.0177974 16.4356
-0.0196997 0.0799199 -0.996607 -263.61 -0.0266987 0.996403 0.0804313 12.1955 0.999449 0.0281926 -0.0174951 16.4101
-0.0199053 0.0787546 -0.996695 -264.829 -0.0263882 0.996504 0.0792665 12.2609 0.999454 0.0278788 -0.0177575 16.3821
-0.0195612 0.0778569 -0.996773 -266.031 -0.0287487 0.996507 0.0784004 12.3255 0.999395 0.0301895 -0.0172546 16.3486
-0.0205296 0.0802835 -0.996561 -267.253 -0.0346748 0.996114 0.0809618 12.3977 0.999188 0.0362177 -0.017666 16.3087
-0.0200903 0.0859531 -0.996097 -268.486 -0.0397801 0.99544 0.0866988 12.4844 0.999007 0.0413666 -0.0165795 16.2673
-0.0201395 0.0857613 -0.996112 -269.691 -0.0432683 0.995306 0.0865667 12.5684 0.998861 0.0448435 -0.0163342 16.2287
-0.0201538 0.0798639 -0.996602 -270.902 -0.0438542 0.995774 0.0806844 12.6352 0.998835 0.0453313 -0.0165663 16.1987
-0.0209572 0.0742421 -0.99702 -272.116 -0.041242 0.996326 0.0750573 12.7024 0.998929 0.0426921 -0.0178183 16.1716
-0.0215575 0.0731278 -0.99709 -273.34 -0.0358685 0.996623 0.073869 12.7658 0.999124 0.0373565 -0.0188617 16.1505
-0.0206966 0.0743217 -0.997019 -274.558 -0.0317596 0.996681 0.0749557 12.8319 0.999281 0.0332162 -0.0182674 16.123
-0.0188459 0.0765249 -0.99689 -275.776 -0.0308881 0.996546 0.0770824 12.9025 0.999345 0.0322447 -0.0164171 16.091
-0.0171913 0.0787228 -0.996748 -276.993 -0.0319584 0.996343 0.079242 12.9711 0.999341 0.0332168 -0.0146126 16.0599
-0.0167874 0.080458 -0.996617 -278.21 -0.0330511 0.996168 0.0809785 13.043 0.999313 0.0342987 -0.0140639 16.0375
-0.0160825 0.0812406 -0.996565 -279.439 -0.0338211 0.996079 0.0817468 13.1221 0.999299 0.0350196 -0.0132718 16.0058
-0.0145392 0.0807848 -0.996625 -280.64 -0.0336482 0.996127 0.0812352 13.1901 0.999328 0.0347157 -0.0117646 15.9702
-0.0152396 0.0790252 -0.996756 -281.854 -0.0343289 0.996243 0.0795093 13.2619 0.999294 0.0354293 -0.0124695 15.95
-0.0148521 0.0782327 -0.996824 -283.076 -0.0340626 0.996316 0.0787004 13.3271 0.999309 0.0351233 -0.0121326 15.9281
-0.0146045 0.0779164 -0.996853 -284.271 -0.034515 0.996326 0.0783809 13.3985 0.999298 0.0355511 -0.0118616 15.904
-0.0148893 0.0779601 -0.996845 -285.485 -0.0349105 0.996307 0.0784394 13.4651 0.99928 0.0359683 -0.0121127 15.8874
-0.0147825 0.0782109 -0.996827 -286.713 -0.0354309 0.996269 0.0786926 13.535 0.999263 0.0364818 -0.0119563 15.8636
-0.0142018 0.0788438 -0.996786 -287.899 -0.0352184 0.996228 0.0793015 13.5997 0.999279 0.0362315 -0.0113715 15.8298
-0.0151669 0.0775437 -0.996874 -289.112 -0.0350577 0.996334 0.0780352 13.6695 0.99927 0.0361316 -0.0123928 15.8109
-0.0140969 0.0748629 -0.997094 -290.329 -0.0349331 0.996548 0.0753157 13.7385 0.99929 0.0358933 -0.0114331 15.785
-0.0146785 0.0720113 -0.997296 -291.54 -0.035515 0.996736 0.0724936 13.8013 0.999261 0.0364831 -0.0120731 15.7608
-0.0156718 0.070804 -0.997367 -292.749 -0.0372555 0.996756 0.071346 13.8633 0.999183 0.0382755 -0.0129831 15.7361
-0.0159237 0.0707066 -0.99737 -293.961 -0.0404211 0.996636 0.0712999 13.9282 0.999056 0.0414502 -0.013012 15.712
-0.0158184 0.0719041 -0.997286 -295.17 -0.0431405 0.996433 0.0725269 13.9936 0.998944 0.0441707 -0.01266 15.6803
-0.0168299 0.0730029 -0.99719 -296.416 -0.0462627 0.996206 0.0737117 14.0579 0.998788 0.0473733 -0.0133887 15.6519
-0.0177701 0.0731044 -0.997166 -297.63 -0.0480249 0.99611 0.0738828 14.1237 0.998688 0.0492017 -0.0141901 15.6208
-0.0177801 0.071489 -0.997283 -298.841 -0.0479401 0.996232 0.0722684 14.183 0.998692 0.0490948 -0.0142859 15.5884
-0.0185607 0.0693428 -0.99742 -300.067 -0.0460018 0.996476 0.0701332 14.2452 0.998769 0.0471848 -0.0153054 15.5654
-0.0186098 0.0688108 -0.997456 -301.29 -0.0433277 0.996636 0.0695626 14.3073 0.998888 0.044512 -0.0155658 15.5383
-0.0198219 0.0707221 -0.997299 -302.517 -0.0410686 0.996596 0.0714884 14.3682 0.99896 0.0423748 -0.0168499 15.5207
-0.0196287 0.0722051 -0.997197 -303.747 -0.0392804 0.996563 0.0729324 14.4284 0.999035 0.0406018 -0.016725 15.488
-0.0196 0.0719232 -0.997218 -304.988 -0.0400593 0.996552 0.0726625 14.4906 0.999005 0.041372 -0.0166512 15.4511
