1.000000000 0.000000000 0.000000000 0.000000000 0.000000000 1.000000000 0.000000000 0.000000000 0.000000000 0.000000000 1.000000000 0.000000000
0.999996603 0.002607733 -0.000044179 0.007778574 -0.002607671 0.999995649 0.001343132 -0.013171498 0.000047681 -0.001343012 0.999999046 0.722622454
0.999984860 0.005499721 0.000275521 0.001216947 -0.005500116 0.999983728 0.001456884 -0.022696814 -0.000267504 -0.001458377 0.999998868 1.476340294
0.999977231 0.006743936 0.000257082 0.009092577 -0.006744204 0.999976695 0.001051443 -0.037319120 -0.000249986 -0.001053153 0.999999404 2.189049482
0.999960303 0.008902049 0.000418105 0.010690802 -0.008902167 0.999960363 0.000288242 -0.045525949 -0.000415523 -0.000291952 0.999999881 2.919089079
0.999960005 0.008941354 0.000345738 0.018687254 -0.008941432 0.999960005 0.000222836 -0.060039476 -0.000343732 -0.000225918 0.999999940 3.620368242
0.999957263 0.009205103 0.000829391 0.018556001 -0.009205996 0.999957085 0.001081284 -0.071460813 -0.000819402 -0.001088873 0.999999046 4.299727440
0.999947011 0.010112031 0.001924834 0.005080466 -0.010119596 0.999940932 0.003962134 -0.087887265 -0.001884655 -0.003981403 0.999990284 4.951514721
0.999949574 0.009654129 0.002784330 0.019040531 -0.009676345 0.999920547 0.008079074 -0.098474585 -0.002706113 -0.008105608 0.999963522 5.578440189
0.999941409 0.009143501 0.005805878 -0.010500751 -0.009211010 0.999889016 0.011709511 -0.105905272 -0.005698168 -0.011762304 0.999914587 6.203444958
0.999947071 0.008171878 0.006240744 0.004468367 -0.008260880 0.999862611 0.014371634 -0.125854135 -0.006122443 -0.014422428 0.999877274 6.772400379
0.999933004 0.008847547 0.007462108 0.002493899 -0.008951275 0.999862134 0.013983475 -0.127848655 -0.007337360 -0.014049333 0.999874294 7.334013939
0.999915659 0.010001950 0.008276113 0.015596058 -0.010092308 0.999889076 0.010949205 -0.130608141 -0.008165682 -0.011031806 0.999905765 7.875379562
0.999908090 0.009692393 0.009475823 0.011142932 -0.009772887 0.999916136 0.008485433 -0.138608187 -0.009392784 -0.008577259 0.999919057 8.373788834
0.999903023 0.007942827 0.011441575 0.018094458 -0.008013841 0.999948800 0.006174181 -0.135827273 -0.011391950 -0.006265274 0.999915421 8.877278328
0.999900281 0.004375238 0.013426739 0.020647936 -0.004434295 0.999980628 0.004371776 -0.152198359 -0.013407353 -0.004430879 0.999900281 9.319453239
0.999894440 0.002568424 0.014298394 0.048396811 -0.002612893 0.999991834 0.003092305 -0.157296926 -0.014290334 -0.003129338 0.999892950 9.748323441
0.999826074 0.006898001 0.017327266 0.039093941 -0.006914785 0.999975741 0.000908954 -0.163957372 -0.017320575 -0.001028611 0.999849379 10.153699875
0.999722362 0.011478344 0.020578034 0.022382274 -0.011491361 0.999933839 0.000514383 -0.179087415 -0.020570770 -0.000750710 0.999788046 10.483138084
0.999649465 0.011961937 0.023619546 0.050023451 -0.012002547 0.999926686 0.001578268 -0.189487040 -0.023598935 -0.001861209 0.999719918 10.834636688
0.999596894 0.008000518 0.027244106 0.052199721 -0.008063474 0.999965131 0.002201679 -0.193899244 -0.027225539 -0.002420473 0.999626398 11.136772156
0.999575496 0.002656315 0.029013935 0.086351946 -0.002713901 0.999994457 0.001945495 -0.195169434 -0.029008605 -0.002023410 0.999577105 11.447252274
0.999501288 -0.000693876 0.031573094 0.101621538 0.000576627 0.999992847 0.003722546 -0.206717312 -0.031575453 -0.003702483 0.999494553 11.687605858
0.999410808 -0.001349094 0.034299020 0.105099201 0.001203874 0.999990225 0.004254250 -0.209557906 -0.034304418 -0.004210451 0.999402523 11.890696526
0.999341547 0.000025247 0.036283601 0.122513801 -0.000137745 0.999995232 0.003097962 -0.211013943 -0.036283348 -0.003100920 0.999336720 12.092602730
0.999253392 0.001023277 0.038620859 0.112732112 -0.001090594 0.999997854 0.001721985 -0.212716296 -0.038619023 -0.001762819 0.999252379 12.272521973
0.999141991 0.003226813 0.041289583 0.111163765 -0.003251744 0.999994516 0.000536674 -0.213750973 -0.041287623 -0.000670477 0.999147177 12.433669090
0.999048293 0.005688142 0.043244727 0.110364139 -0.005719515 0.999983430 0.000601829 -0.227795944 -0.043240592 -0.000848596 0.999064386 12.586322784
0.998992741 0.006934904 0.044333249 0.130575895 -0.006898256 0.999975741 -0.000979580 -0.233482301 -0.044338971 0.000672771 0.999016285 12.747382164
0.998930395 0.005921275 0.045858268 0.144890308 -0.005801911 0.999979436 -0.002735556 -0.236623079 -0.045873515 0.002466565 0.998944223 12.886404991
0.998873711 0.004725764 0.047212206 0.153459460 -0.004535133 0.999981046 -0.004144049 -0.239878595 -0.047230903 0.003925269 0.998876274 13.020915031
0.998772442 0.004505483 0.049330302 0.152142912 -0.004239076 0.999975860 -0.005503755 -0.240553051 -0.049353905 0.005287884 0.998767316 13.154279709
0.998693585 0.005387198 0.050814919 0.153106332 -0.005048351 0.999964118 -0.006794244 -0.240576118 -0.050849706 0.006528837 0.998685002 13.272741318
0.998645723 0.006107652 0.051665675 0.167739987 -0.005658921 0.999945045 -0.008827077 -0.243380189 -0.051716752 0.008522750 0.998625338 13.397716522
0.998590589 0.006497852 0.052676100 0.169891357 -0.005926358 0.999921978 -0.010998152 -0.246007815 -0.052743457 0.010670471 0.998551071 13.510001183
0.998546958 0.005518855 0.053605944 0.173334002 -0.004820773 0.999901950 -0.013143067 -0.251445264 -0.053673219 0.012865547 0.998475552 13.625270844
0.998586893 0.004553524 0.052947167 0.181319535 -0.003764171 0.999880433 -0.014998477 -0.254579306 -0.053009123 0.014777982 0.998484612 13.749432564
0.998700917 0.003860319 0.050810255 0.193757951 -0.003021244 0.999857962 -0.016580345 -0.252483398 -0.050867043 0.016405296 0.998570681 13.885725975
0.998847544 0.003579405 0.047862373 0.194189727 -0.002765575 0.999850631 -0.017058965 -0.265141547 -0.047916282 0.016906939 0.998708308 13.987357140
0.999024451 0.004547670 0.043924913 0.193521291 -0.003742090 0.999823511 -0.018404769 -0.264268249 -0.044000860 0.018222444 0.998865247 14.107483864
0.999269545 0.004792583 0.037911270 0.199265212 -0.004053831 0.999800861 -0.019539269 -0.265456587 -0.037997369 0.019371316 0.999090075 14.238954544
0.999497414 0.004505930 0.031373754 0.194634646 -0.003866740 0.999784350 -0.020404302 -0.265940487 -0.031458929 0.020272736 0.999299407 14.351403236
0.999692023 0.004820326 0.024342220 0.187454775 -0.004304372 0.999765933 -0.021203950 -0.268712997 -0.024438728 0.021092646 0.999478757 14.473475456
0.999866068 0.004544620 0.015717339 0.186283141 -0.004196787 0.999747097 -0.022093171 -0.272198260 -0.015813764 0.022024253 0.999632478 14.578582764
0.999979436 0.003600653 0.005305741 0.191757858 -0.003478036 0.999730706 -0.022940911 -0.280495435 -0.005386919 0.022921989 0.999722719 14.716484070
0.999968112 0.001815580 -0.007765122 0.182751566 -0.002008699 0.999687016 -0.024935236 -0.280570924 0.007717419 0.024950041 0.999658942 14.867193222
0.999729931 0.000767443 -0.023227887 0.153628886 -0.001387545 0.999642730 -0.026692130 -0.286619306 0.023199104 0.026717145 0.999373794 15.014792442
0.999081135 0.001272389 -0.042840078 0.129761577 -0.002466219 0.999609709 -0.027825834 -0.289492935 0.042787954 0.027905915 0.998694360 15.180190086
0.997910678 0.002059162 -0.064577349 0.095524609 -0.003830606 0.999619365 -0.027319551 -0.294520915 0.064496510 0.027509838 0.997538626 15.363429070
0.996112704 0.002676100 -0.088048354 0.058631420 -0.004941480 0.999662042 -0.025520917 -0.307655334 0.087950304 0.025856791 0.995789230 15.547873497
0.993310928 0.003055970 -0.115430497 0.024134278 -0.005887608 0.999689817 -0.024198137 -0.310362101 0.115320727 0.024715884 0.993020773 15.758429527
0.989440322 0.004483953 -0.144871354 -0.052586079 -0.007714191 0.999733806 -0.021743249 -0.322964132 0.144735277 0.022631211 0.989211500 15.971129417
0.984017670 0.004372024 -0.178016827 -0.109108448 -0.007769742 0.999800622 -0.018393831 -0.327329636 0.177900910 0.019483002 0.983855426 16.206636429
0.976679087 0.005535181 -0.214633107 -0.200383902 -0.008858453 0.999855280 -0.014524717 -0.330010474 0.214521646 0.016087305 0.976586699 16.448730469
0.967119873 0.006856193 -0.254228771 -0.295743465 -0.009510037 0.999912381 -0.009211202 -0.338559777 0.254143298 0.011326061 0.967100263 16.692375183
0.955021262 0.010534207 -0.296350121 -0.410649300 -0.012463702 0.999911606 -0.004622316 -0.333831698 0.296275228 0.008108032 0.955068111 16.981193542
0.941301584 0.014239522 -0.337266237 -0.555207253 -0.015225377 0.999884069 -0.000278131 -0.336880982 0.337223142 0.005396812 0.941409230 17.234071732
0.924643397 0.016668031 -0.380469024 -0.707192421 -0.015789516 0.999860525 0.005430239 -0.342072546 0.380506486 0.000986387 0.924777746 17.505720139
0.905417800 0.019843595 -0.424057454 -0.874613762 -0.015883569 0.999791026 0.012871326 -0.346768618 0.424224257 -0.004918382 0.905543804 17.785327911
0.883802474 0.023688337 -0.467259884 -1.053434372 -0.016548961 0.999675214 0.019378142 -0.347136915 0.467567146 -0.009393785 0.883907616 18.050521851
0.859344125 0.028961144 -0.510577083 -1.243353844 -0.019223802 0.999518871 0.024339799 -0.351670414 0.511036336 -0.011101032 0.859487414 18.288356781
0.831818044 0.032038845 -0.554122925 -1.473144531 -0.020000074 0.999414444 0.027762182 -0.350712866 0.554687858 -0.012010585 0.831971705 18.543844223
0.800619185 0.035331078 -0.598131061 -1.704911232 -0.022186819 0.999323547 0.029331341 -0.343619913 0.598762691 -0.010212610 0.800861299 18.824321747
0.766844213 0.037817881 -0.640718043 -1.960822105 -0.022577129 0.999234200 0.031957544 -0.332070410 0.641435981 -0.010040885 0.767110825 19.076051712
0.730352223 0.041948080 -0.681781590 -2.267354965 -0.024038907 0.999072731 0.035718646 -0.321696579 0.682647705 -0.009697907 0.730683267 19.335277557
0.691632926 0.042629991 -0.720990062 -2.554019928 -0.021422282 0.999028206 0.038519543 -0.309245467 0.721931458 -0.011196126 0.691874087 19.558929443
0.651100039 0.042298954 -0.757812381 -2.894631386 -0.018478833 0.999033272 0.039886516 -0.298680723 0.758767009 -0.011966621 0.651252210 19.800575256
0.608253419 0.041072223 -0.792679608 -3.234795570 -0.012985403 0.999041498 0.041800551 -0.288667619 0.793636620 -0.015132067 0.608203709 20.044265747
0.564117432 0.041017938 -0.824675202 -3.632672310 -0.009595007 0.999023557 0.043126293 -0.260380507 0.825638831 -0.016415533 0.563960195 20.266921997
0.517396450 0.042788941 -0.854675531 -4.017192841 -0.006396201 0.998914599 0.046138126 -0.261916459 0.855721951 -0.018405028 0.517108619 20.468341827
0.468339205 0.042193465 -0.882540643 -4.445726871 -0.005131919 0.998972178 0.045036573 -0.241952479 0.883533895 -0.016563267 0.468074352 20.646499634
0.416605830 0.040408153 -0.908188701 -4.919175625 0.000518044 0.999000967 0.044686306 -0.213866830 0.909087121 -0.019087061 0.416168749 20.838926315
0.363014042 0.039796893 -0.930933356 -5.392238140 0.006144918 0.998963475 0.045101333 -0.206248641 0.931763411 -0.022092927 0.362393290 20.996334076
0.308548480 0.038825013 -0.950415909 -5.879164696 0.007985819 0.999025702 0.043403313 -0.181619525 0.951175034 -0.020981878 0.307937831 21.123231888
0.254333138 0.044734053 -0.966081560 -6.446543217 0.009322876 0.998769879 0.048702043 -0.155632019 0.967071772 -0.021393206 0.253603220 21.264371872
0.203803241 0.049776424 -0.977745652 -6.982584953 0.012914317 0.998483002 0.053524047 -0.135392547 0.978926659 -0.023535287 0.202851236 21.331449509
0.155541420 0.051293723 -0.986496747 -7.506528854 0.018074233 0.998335958 0.054759093 -0.117007494 0.987663984 -0.026347473 0.154355511 21.395332336
0.110706210 0.052463248 -0.992467523 -8.087625504 0.020798268 0.998264849 0.055089675 -0.096310079 0.993635476 -0.026740374 0.109422974 21.442855835
0.071040057 0.050869249 -0.996175468 -8.718272209 0.020633254 0.998410046 0.052454773 -0.067476928 0.997260034 -0.024280736 0.069877520 21.459766388
0.034943040 0.046293229 -0.998316467 -9.376695633 0.017973213 0.998736024 0.046941768 -0.029619545 0.999227643 -0.019583251 0.034066830 21.473810196
0.006720217 0.046412103 -0.998899758 -10.006039619 0.015711207 0.998794138 0.046512891 -0.000293791 0.999853969 -0.016006498 0.005982924 21.448076248
-0.014614728 0.050864700 -0.998598635 -10.683995247 0.016131876 0.998587310 0.050628025 0.025052130 0.999763131 -0.015369353 -0.015414625 21.444852829
-0.027193123 0.056722492 -0.998019516 -11.408840179 0.016625864 0.998276353 0.056284066 0.061126292 0.999491870 -0.015062401 -0.028089313 21.401683807
-0.035604116 0.058787957 -0.997635365 -12.136838913 0.016920252 0.998160720 0.058215052 0.098464847 0.999222696 -0.014807547 -0.036533330 21.383907318
-0.038739510 0.056300204 -0.997662067 -12.866115570 0.017460570 0.998297215 0.055658050 0.127972424 0.999096751 -0.015263584 -0.039656579 21.343622208
-0.038029190 0.052714791 -0.997885227 -13.618347168 0.024976876 0.998345733 0.051787246 0.155547500 0.998964369 -0.022954630 -0.039282925 21.306695938
-0.033714455 0.050689708 -0.998145223 -14.414705276 0.037023302 0.998090863 0.049436405 0.201892436 0.998745501 -0.035287913 -0.035526786 21.305524826
-0.028593145 0.051174268 -0.998280287 -15.218795776 0.037510257 0.998040140 0.050087575 0.236731052 0.998887062 -0.036013585 -0.030456668 21.298812866
-0.023021346 0.049678996 -0.998499870 -16.012397766 0.035029508 0.998191357 0.048856016 0.258299887 0.999121010 -0.033852231 -0.024719940 21.256685257
-0.020379322 0.043376058 -0.998850942 -16.851659775 0.038569741 0.998348832 0.042567331 0.293428302 0.999048054 -0.037657931 -0.022018673 21.256896973
-0.017704155 0.032603435 -0.999311626 -17.715188980 0.036355194 0.998828232 0.031943586 0.324071586 0.999182045 -0.035764635 -0.018868713 21.232900620
-0.017604321 0.024296870 -0.999549747 -18.621484756 0.028815350 0.999301910 0.023783335 0.350658625 0.999429703 -0.028383687 -0.018292153 21.216011047
-0.019204112 0.021149570 -0.999591827 -19.522516251 0.023376759 0.999512494 0.020698780 0.377909839 0.999542296 -0.022969717 -0.019689156 21.190811157
-0.022460328 0.027652577 -0.999365151 -20.464130402 0.014470891 0.999521732 0.027331680 0.390889883 0.999643028 -0.013847826 -0.022849742 21.151687622
-0.026840983 0.035652358 -0.999003768 -21.387720108 0.009261992 0.999329746 0.035415146 0.415944785 0.999596834 -0.008302188 -0.027153205 21.099143982
-0.031636346 0.045009848 -0.998485565 -22.340938568 0.007660150 0.998967111 0.044788849 0.450442433 0.999470115 -0.006231593 -0.031948455 21.068124771
-0.033073768 0.054999009 -0.997938514 -23.300189972 0.006141607 0.998477042 0.054825149 0.487514019 0.999434054 -0.004315673 -0.033361182 21.029613495
-0.034318238 0.062882237 -0.997430682 -24.298974991 0.007919326 0.998004377 0.062645920 0.527092993 0.999379575 -0.005749082 -0.034747738 20.986572266
-0.035396911 0.063281678 -0.997367799 -25.261770248 0.008670907 0.997975051 0.063012473 0.577423275 0.999335706 -0.006417636 -0.035873942 20.946041107
-0.037141237 0.060704585 -0.997464538 -26.248027802 0.007367698 0.998142660 0.060471516 0.623265386 0.999282897 -0.005103032 -0.037519496 20.910629272
-0.040208541 0.056098275 -0.997615278 -27.253850937 0.007461003 0.998411715 0.055842347 0.666692257 0.999163449 -0.005197870 -0.040563226 20.859947205
-0.044990107 0.050996311 -0.997684956 -28.249824524 0.008138770 0.998681724 0.050680250 0.709004700 0.998954237 -0.005839819 -0.045345847 20.816162109
-0.050205082 0.045903057 -0.997683465 -29.258707047 0.007413592 0.998932838 0.045587473 0.751509130 0.998711467 -0.005107695 -0.050491802 20.754552841
-0.057549085 0.044119522 -0.997367322 -30.234193802 0.006883726 0.999016821 0.043795291 0.782127798 0.998318970 -0.004345224 -0.057796210 20.696868896
-0.063858032 0.046591375 -0.996870816 -31.260196686 0.007125184 0.998905420 0.046230044 0.819176316 0.997933686 -0.004150728 -0.064120106 20.619932175
-0.070904858 0.051379111 -0.996158957 -32.304122925 0.006042411 0.998676300 0.051078863 0.857250988 0.997464836 -0.002397462 -0.071121469 20.557949066
-0.076248668 0.054073751 -0.995621502 -33.362678528 0.002784152 0.998536050 0.054018829 0.901387095 0.997084916 0.001346903 -0.076287583 20.456537247
-0.081763305 0.056420755 -0.995053470 -34.383686066 0.000207350 0.998397291 0.056593314 0.939419210 0.996651769 0.004420933 -0.081643976 20.382444382
-0.084691308 0.057527702 -0.994745076 -35.413597107 -0.004154755 0.998302877 0.058087181 0.987439394 0.996398628 0.009052402 -0.084308565 20.286731720
-0.086793184 0.058918230 -0.994482458 -36.476753235 -0.007476515 0.998182952 0.059789971 1.038951397 0.996198237 0.012624627 -0.086194970 20.195859909
-0.087699920 0.059128784 -0.994390547 -37.504413605 -0.009161791 0.998146653 0.060160160 1.069036007 0.996104777 0.014386441 -0.086995676 20.087083817
-0.088874504 0.058610942 -0.994316936 -38.542728424 -0.009497510 0.998171985 0.059687100 1.111481905 0.995997488 0.014748195 -0.088155374 19.985593796
-0.089876696 0.057711087 -0.994279444 -39.614974976 -0.010255910 0.998213232 0.058866490 1.162391901 0.995900095 0.015487965 -0.089124225 19.893209457
-0.091041617 0.056925878 -0.994218826 -40.667030334 -0.012377374 0.998223066 0.058288578 1.201709151 0.995770156 0.017612506 -0.090175256 19.791809082
-0.091759175 0.054569613 -0.994284749 -41.725296021 -0.016894484 0.998268247 0.056347370 1.246919990 0.995637894 0.021968318 -0.090678349 19.682163239
-0.092172049 0.049553797 -0.994509280 -42.758144379 -0.022239767 0.998409331 0.051809333 1.288653374 0.995494723 0.026893027 -0.090923361 19.569213867
-0.091303371 0.048640966 -0.994634509 -43.839656830 -0.023979601 0.998409331 0.051026806 1.342495799 0.995534301 0.028509857 -0.089991756 19.458425522
-0.089884363 0.053225901 -0.994528890 -44.906692505 -0.024488870 0.998150885 0.055633016 1.379468203 0.995651066 0.029355427 -0.088414721 19.363843918
-0.088468179 0.056564450 -0.994471550 -45.991512299 -0.024285773 0.997967005 0.058923721 1.421018481 0.995782852 0.029364387 -0.086914599 19.269832611
-0.086198770 0.055536110 -0.994728982 -47.087089539 -0.022973919 0.998068810 0.057713401 1.478691936 0.996013045 0.027827645 -0.084756449 19.166437149
-0.084283546 0.055162992 -0.994913697 -48.150234222 -0.022802845 0.998098135 0.057271287 1.522568226 0.996180892 0.027513890 -0.082865380 19.080171585
-0.079803303 0.055063535 -0.995288610 -49.266948700 -0.026991289 0.997987628 0.057377048 1.579992533 0.996445119 0.031443004 -0.078156501 18.972398758
-0.073830649 0.055774227 -0.995710075 -50.339656830 -0.032394987 0.997773826 0.058291890 1.628118157 0.996744514 0.036559738 -0.071859494 18.878259659
-0.067957066 0.055461384 -0.996145546 -51.424758911 -0.036044642 0.997665346 0.058004972 1.674903512 0.997036934 0.039847560 -0.065799318 18.791931152
-0.061866321 0.054733019 -0.996582627 -52.531242371 -0.038045846 0.997640133 0.057152942 1.724183440 0.997359097 0.041451674 -0.059637956 18.711059570
-0.055772398 0.053810302 -0.996992409 -53.625690460 -0.036640517 0.997763753 0.055901624 1.771214724 0.997770965 0.039648086 -0.053676039 18.645299911
-0.049809154 0.053828910 -0.997307062 -54.713539124 -0.035409667 0.997823596 0.055625279 1.813604832 0.998130858 0.038084958 -0.047794681 18.572151184
-0.044994537 0.054157730 -0.997518063 -55.792343140 -0.034482334 0.997850180 0.055731144 1.865300655 0.998391986 0.036904346 -0.043030318 18.523509979
-0.038911838 0.056321178 -0.997654140 -56.906166077 -0.033677198 0.997769177 0.057641193 1.900586247 0.998674989 0.035841126 -0.036928285 18.481281281
-0.034686740 0.056944527 -0.997774601 -58.031864166 -0.033996563 0.997730374 0.058123864 1.958900928 0.998819828 0.035937034 -0.032672096 18.468542099
-0.028779320 0.056676671 -0.997977614 -59.139553070 -0.033851661 0.997763336 0.057640694 1.998582244 0.999012411 0.035442069 -0.026796341 18.419288635
-0.023635954 0.051636823 -0.998386204 -60.266723633 -0.033834849 0.998051763 0.052420545 2.049434423 0.999147892 0.035019252 -0.021842781 18.377653122
-0.018875100 0.046557423 -0.998737276 -61.378623962 -0.033870418 0.998312175 0.047177721 2.087956429 0.999247909 0.034718122 -0.017266320 18.346742630
-0.014438508 0.045627795 -0.998854160 -62.507911682 -0.033783846 0.998365819 0.046093822 2.134339571 0.999324918 0.034410659 -0.012873428 18.314147949
-0.012429694 0.047839165 -0.998777688 -63.649047852 -0.033709940 0.998267055 0.048234221 2.169364452 0.999354362 0.034268271 -0.010795498 18.317321777
-0.009770662 0.046904780 -0.998851538 -64.760009766 -0.034613013 0.998284757 0.047216740 2.216518402 0.999352992 0.035034597 -0.008130386 18.286178589
-0.007819554 0.046678230 -0.998879373 -65.915275574 -0.036541119 0.998229325 0.046933912 2.258393764 0.999301612 0.036867168 -0.006100035 18.249296188
-0.009011620 0.048273899 -0.998793423 -67.069557190 -0.036829922 0.998140395 0.048574615 2.287937641 0.999280930 0.037223227 -0.007216937 18.279769897
-0.006970361 0.047513295 -0.998846292 -68.203598022 -0.037729949 0.998146713 0.047743320 2.333724737 0.999263704 0.038019203 -0.005164769 18.247766495
-0.005378996 0.045814082 -0.998935461 -69.326072693 -0.037765015 0.998227954 0.045984991 2.360668182 0.999272227 0.037972160 -0.003639295 18.224441528
-0.006927839 0.044690121 -0.998976886 -70.490478516 -0.036040474 0.998340666 0.044911597 2.394035578 0.999326289 0.036314745 -0.005305690 18.249752045
-0.004825554 0.044371128 -0.999003410 -71.605552673 -0.032726519 0.998472989 0.044505641 2.431086063 0.999452710 0.032908659 -0.003366072 18.218479156
-0.006506874 0.044792999 -0.998975098 -72.747627258 -0.030210493 0.998531461 0.044969890 2.465754986 0.999522388 0.030472143 -0.005144100 18.236299515
-0.005091156 0.047444649 -0.998860896 -73.876037598 -0.030166937 0.998411894 0.047577087 2.499536991 0.999531984 0.030374788 -0.003651811 18.210075378
-0.005889788 0.052099131 -0.998624563 -75.022529602 -0.031025440 0.998151481 0.052257441 2.528241158 0.999501348 0.031290550 -0.004262501 18.217649460
-0.005196449 0.051634423 -0.998652577 -76.147605896 -0.032646876 0.998124897 0.051777024 2.574172497 0.999453545 0.032871936 -0.003501002 18.206167221
-0.004308907 0.050625566 -0.998708427 -77.294242859 -0.033652391 0.998144567 0.050742187 2.596748590 0.999424338 0.033827558 -0.002597242 18.179092407
-0.002803404 0.047927614 -0.998846948 -78.407119751 -0.033708423 0.998278558 0.047994964 2.638142824 0.999427855 0.033804104 -0.001183014 18.156675339
-0.004682836 0.047474381 -0.998861492 -79.573875427 -0.031352896 0.998374403 0.047598217 2.675192356 0.999497354 0.031540100 -0.003186763 18.175308228
-0.004210770 0.049055323 -0.998787224 -80.699218750 -0.029933406 0.998342156 0.049159668 2.710104227 0.999543071 0.030104101 -0.002735397 18.159845352
-0.004527859 0.052245617 -0.998624027 -81.822578430 -0.028681962 0.998216689 0.052354343 2.737274408 0.999578357 0.028879546 -0.003021278 18.161151886
-0.004256910 0.054341551 -0.998513341 -82.950622559 -0.028770214 0.998102367 0.054441836 2.781495571 0.999576986 0.028959198 -0.002685414 18.158485413
-0.006124931 0.054547768 -0.998492479 -84.100578308 -0.029522514 0.998065889 0.054705575 2.823083162 0.999545336 0.029813074 -0.004502698 18.188220978
-0.003477978 0.052501317 -0.998614907 -85.221412659 -0.030039852 0.998164654 0.052582290 2.860074520 0.999542594 0.030181115 -0.001894463 18.135007858
-0.004147874 0.051116303 -0.998684108 -86.338500977 -0.028110934 0.998292029 0.051212993 2.901289225 0.999596179 0.028286370 -0.002703862 18.145057678
-0.003522866 0.051943269 -0.998643816 -87.485092163 -0.026528038 0.998293638 0.052018639 2.949729919 0.999641895 0.026675317 -0.002138902 18.130821228
-0.002787549 0.054655552 -0.998501301 -88.610618591 -0.024435326 0.998203337 0.054707464 2.995997429 0.999697506 0.024551209 -0.001447014 18.118698120
-0.002004179 0.056883719 -0.998378754 -89.737564087 -0.023050262 0.998112857 0.056914847 3.044435978 0.999732256 0.023126958 -0.000689213 18.106332779
-0.002297683 0.058549225 -0.998281896 -90.840789795 -0.024009472 0.997993588 0.058587566 3.088563204 0.999709010 0.024102839 -0.000887337 18.109302521
-0.001286583 0.060709968 -0.998154640 -91.982093811 -0.025463236 0.997829735 0.060723029 3.125808001 0.999674916 0.025494374 0.000262082 18.095487595
-0.000266355 0.059737138 -0.998214126 -93.107879639 -0.027541641 0.997834921 0.059721809 3.178153038 0.999620676 0.027508363 0.001379481 18.081251144
-0.001240375 0.055702142 -0.998446643 -94.240356445 -0.029001912 0.998025358 0.055714671 3.220983028 0.999578595 0.029025972 0.000377543 18.094825745
-0.000793479 0.054309670 -0.998523831 -95.361122131 -0.031030588 0.998041928 0.054308116 3.260500908 0.999518096 0.031027872 0.000893336 18.084815979
-0.001209353 0.052743331 -0.998607397 -96.440032959 -0.031945866 0.998096466 0.052755032 3.299966335 0.999488890 0.031965181 0.000477880 18.084934235
-0.000663568 0.053389903 -0.998573542 -97.531860352 -0.030527363 0.998107195 0.053385258 3.341368198 0.999533713 0.030519241 0.000967540 18.075384140
-0.001256205 0.055345695 -0.998466492 -98.662231445 -0.030212469 0.998009324 0.055358369 3.383385658 0.999542654 0.030235680 0.000418426 18.081069946
-0.000960431 0.057327766 -0.998354971 -99.780181885 -0.029570393 0.997917175 0.057331085 3.427461624 0.999562263 0.029576814 0.000736775 18.074983597
-0.001663688 0.056096207 -0.998424053 -100.881721497 -0.032191791 0.997904778 0.056120694 3.478114605 0.999480367 0.032234419 0.000145635 18.072736740
-0.002365976 0.057622280 -0.998335600 -101.995155334 -0.036012780 0.997685909 0.057670128 3.516724110 0.999348521 0.036089290 -0.000285362 18.072864532
-0.003093209 0.056596767 -0.998392284 -103.100807190 -0.038748767 0.997640550 0.056674194 3.564503431 0.999244153 0.038861774 -0.000892856 18.066314697
-0.003972250 0.052810647 -0.998596609 -104.202346802 -0.039700150 0.997808993 0.052926905 3.604305506 0.999203622 0.039854679 -0.001866956 18.060274124
-0.004493637 0.048906676 -0.998793244 -105.354743958 -0.039433800 0.998017788 0.049046114 3.648485661 0.999212086 0.039606608 -0.002556154 18.044212341
-0.004804438 0.047418319 -0.998863518 -106.511291504 -0.036231823 0.998211026 0.047561608 3.703032017 0.999331951 0.036419153 -0.003077791 18.025928497
-0.005787512 0.047307499 -0.998863578 -107.686592102 -0.032333449 0.998349190 0.047470476 3.736135483 0.999460459 0.032571442 -0.004248342 18.040849686
-0.005687353 0.049176056 -0.998773932 -108.883430481 -0.031664342 0.998280346 0.049332064 3.774011374 0.999482393 0.031906087 -0.004120445 18.017269135
-0.007044866 0.053439718 -0.998546243 -110.044342041 -0.031202964 0.998072982 0.053634528 3.813282967 0.999488294 0.031535450 -0.005363812 18.007850647
-0.006781520 0.052858215 -0.998579025 -111.250526428 -0.029307272 0.998162508 0.053035192 3.876175404 0.999547422 0.029625293 -0.005219928 17.985124588
-0.006924978 0.048651144 -0.998791814 -112.460067749 -0.029068809 0.998383880 0.048832819 3.917677402 0.999553442 0.029371856 -0.005499555 17.955795288
-0.008404894 0.046172474 -0.998898149 -113.618156433 -0.028908154 0.998504698 0.046397526 3.933660030 0.999546647 0.029266274 -0.007057566 17.965772629
-0.009613897 0.044329371 -0.998970747 -114.812858582 -0.027805002 0.998618782 0.044581339 3.980273485 0.999567091 0.028204983 -0.008368040 17.950956345
-0.010477276 0.045400355 -0.998913944 -115.988594055 -0.030059732 0.998503029 0.045696966 4.023189545 0.999493241 0.030505864 -0.009096867 17.930521011
-0.010439090 0.050359040 -0.998676538 -117.231239319 -0.034463402 0.998119533 0.050691187 4.060218811 0.999351382 0.034946971 -0.008683914 17.910427094
-0.010797468 0.053710688 -0.998498142 -118.451530457 -0.040310405 0.997721434 0.054104809 4.106747627 0.999128819 0.040834058 -0.008607765 17.882219315
-0.010588725 0.053797368 -0.998495698 -119.680732727 -0.048342727 0.997356594 0.054248650 4.155409813 0.998774648 0.048844434 -0.007960022 17.843841553
-0.011762397 0.051681124 -0.998594284 -120.832092285 -0.050551191 0.997355640 0.052212458 4.189511299 0.998652220 0.051094275 -0.009118749 17.852321625
-0.012618912 0.050487220 -0.998644948 -122.022689819 -0.052572876 0.997309566 0.051084027 4.235190392 0.998537421 0.053146265 -0.009930703 17.831418991
-0.012753036 0.049902007 -0.998672664 -123.257453918 -0.053149529 0.997308195 0.050512545 4.272815228 0.998505116 0.053723171 -0.010066440 17.806343079
-0.013415218 0.049052306 -0.998706043 -124.422355652 -0.051130649 0.997455597 0.049677704 4.309833527 0.998601854 0.051730927 -0.010873009 17.783908844
-0.014509905 0.049383707 -0.998674452 -125.635833740 -0.050416693 0.997473061 0.050056808 4.351925850 0.998622835 0.051076189 -0.011983476 17.778486252
-0.015683914 0.054154582 -0.998409331 -126.847862244 -0.050320301 0.997224092 0.054880776 4.400975227 0.998609900 0.051101007 -0.012915300 17.761184692
-0.016416423 0.057851300 -0.998190165 -128.070159912 -0.048125125 0.997122049 0.058580860 4.453018665 0.998706341 0.048999723 -0.013585076 17.737962723
-0.015992468 0.057365589 -0.998225152 -129.288284302 -0.049724713 0.997071862 0.058095954 4.493539810 0.998634934 0.050565556 -0.013093153 17.710483551
-0.015211423 0.055559780 -0.998339474 -130.477462769 -0.049464576 0.997190654 0.056249522 4.549654961 0.998660088 0.050238077 -0.012420448 17.676303864
-0.014640411 0.055305772 -0.998362124 -131.705123901 -0.048710309 0.997244060 0.055958159 4.591120243 0.998705685 0.049449772 -0.011906104 17.667659760
-0.013047030 0.054701686 -0.998417437 -132.889358521 -0.049960021 0.997219622 0.055288929 4.636407852 0.998665988 0.050602306 -0.010277859 17.633079529
-0.012552081 0.056914307 -0.998300195 -134.058593750 -0.050266780 0.997080564 0.057476804 4.679836273 0.998656929 0.050902784 -0.009654536 17.605522156
-0.012086010 0.059640914 -0.998146713 -135.340560913 -0.050900225 0.996888816 0.060182068 4.748187065 0.998630583 0.051533248 -0.009012675 17.601860046
-0.010311493 0.061074786 -0.998079956 -136.509674072 -0.052533317 0.996721506 0.061534401 4.788331985 0.998565853 0.053066965 -0.007069224 17.583963394
-0.009666144 0.058588602 -0.998235404 -137.710876465 -0.054789260 0.996751368 0.059032042 4.837332249 0.998451173 0.055263195 -0.006424715 17.557674408
-0.010165763 0.055669442 -0.998397589 -138.902908325 -0.054003756 0.996961236 0.056139242 4.888944626 0.998489022 0.054487910 -0.007128512 17.542549133
-0.009199668 0.053278673 -0.998537302 -140.075469971 -0.051150452 0.997247219 0.053681094 4.940144539 0.998648584 0.051569480 -0.006449114 17.531431198
-0.009247068 0.052519266 -0.998577118 -141.269058228 -0.049921110 0.997350335 0.052917026 4.987548828 0.998710334 0.050339404 -0.006600748 17.514196396
-0.010138962 0.052421514 -0.998573601 -142.472427368 -0.046969730 0.997497678 0.052841935 5.038676262 0.998844862 0.047438499 -0.007651368 17.513042450
-0.010782888 0.052192084 -0.998578787 -143.686874390 -0.044724107 0.997612357 0.052624509 5.053181171 0.998941183 0.045227993 -0.008422899 17.517171860
-0.010789943 0.052349433 -0.998570561 -144.883209229 -0.044001333 0.997636497 0.052775923 5.099031925 0.998973250 0.044507883 -0.008460997 17.497283936
-0.011013538 0.054829225 -0.998435020 -146.055236816 -0.041891925 0.997593641 0.055245120 5.145416260 0.999061465 0.042434815 -0.008690135 17.477090836
-0.010633425 0.056625254 -0.998338878 -147.220977783 -0.039106645 0.997607946 0.057000320 5.187403679 0.999178469 0.039647788 -0.008393564 17.458490372
-0.011194339 0.054846562 -0.998432040 -148.371520996 -0.036869168 0.997793019 0.055224832 5.235346317 0.999257386 0.037429567 -0.009147487 17.448314667
-0.011281516 0.054937821 -0.998426020 -149.556335449 -0.038575381 0.997722387 0.055334978 5.288105011 0.999191999 0.039138921 -0.009136574 17.421606064
-0.011840393 0.059718423 -0.998145103 -150.729660034 -0.039321512 0.997415125 0.060141198 5.335536003 0.999156415 0.039960667 -0.009461569 17.406166077
-0.010844228 0.066108540 -0.997753501 -151.985839844 -0.044203933 0.996805012 0.066526130 5.396953583 0.998963594 0.044826049 -0.007887322 17.378450394
-0.009959385 0.066107355 -0.997762799 -153.126892090 -0.048989374 0.996581852 0.066518106 5.445661545 0.998749673 0.049542248 -0.006686785 17.367340088
-0.008491229 0.062542118 -0.998006105 -154.291015625 -0.052928224 0.996615052 0.062905259 5.501387596 0.998562276 0.053356834 -0.005152241 17.335559845
-0.007092436 0.057048414 -0.998346150 -155.484069824 -0.054906785 0.996842980 0.057352580 5.551197529 0.998466313 0.055222761 -0.003937699 17.328498840
-0.006839583 0.055104297 -0.998457193 -156.655670166 -0.057061538 0.996832073 0.055405501 5.604619026 0.998347282 0.057352453 -0.003673580 17.318058014
-0.005531834 0.052542571 -0.998603344 -157.815826416 -0.052233323 0.997240126 0.052760191 5.635493279 0.998619616 0.052452236 -0.002772094 17.307306290
-0.005695130 0.048115205 -0.998825490 -158.986022949 -0.048729926 0.997641802 0.048336022 5.677042007 0.998795748 0.048947975 -0.003337048 17.301761627
-0.006590548 0.045221366 -0.998955250 -160.146484375 -0.043432236 0.998021245 0.045465626 5.710143089 0.999034643 0.043686505 -0.004613442 17.303352356
-0.006853813 0.047167100 -0.998863459 -161.347076416 -0.039718103 0.998085737 0.047402915 5.757856846 0.999187410 0.039997850 -0.004967306 17.300392151
-0.006287370 0.053320162 -0.998557627 -162.529434204 -0.040128607 0.997759581 0.053530209 5.801676750 0.999174774 0.040407293 -0.004133619 17.287212372
-0.005205284 0.056404337 -0.998394549 -163.718566895 -0.042069361 0.997511625 0.056573801 5.848242760 0.999101102 0.042296302 -0.002819437 17.286411285
-0.002671825 0.053697564 -0.998553693 -164.865554810 -0.042925250 0.997630715 0.053762786 5.884380341 0.999074817 0.043006800 -0.000360513 17.260084152
-0.002535864 0.054225411 -0.998525500 -166.026855469 -0.045184586 0.997502744 0.054284617 5.926362038 0.998975515 0.045255631 -0.000079378 17.256711960
-0.001240895 0.054931950 -0.998489320 -167.210494995 -0.043748036 0.997531176 0.054933608 5.974453926 0.999041796 0.043750118 0.001165334 17.243080139
-0.000434017 0.052781247 -0.998605967 -168.352706909 -0.044559848 0.997613192 0.052748140 6.020300388 0.999006629 0.044520620 0.001918943 17.231687546
0.001045428 0.051373124 -0.998678982 -169.476074219 -0.044281688 0.997702301 0.051276527 6.056329727 0.999018669 0.044169586 0.003317914 17.232147217
0.001744906 0.053037334 -0.998591006 -170.553253174 -0.044778433 0.997595072 0.052906197 6.089446068 0.998995483 0.044623017 0.004115638 17.247459412
0.003916238 0.055178087 -0.998468876 -171.652145386 -0.044810280 0.997483194 0.054947861 6.121856213 0.998987854 0.044526473 0.006378928 17.239763260
0.004019780 0.056638107 -0.998386681 -172.711868286 -0.045491789 0.997371435 0.056397356 6.156033516 0.998956621 0.045191694 0.006585783 17.237854004
0.005003175 0.057865396 -0.998311818 -173.733535767 -0.046204936 0.997271419 0.057573531 6.190311432 0.998919547 0.045838878 0.007663191 17.225181580
0.005286952 0.058755800 -0.998258412 -174.730422974 -0.045659352 0.997245371 0.058454365 6.226613045 0.998943090 0.045270786 0.007955141 17.219036102
0.005057868 0.057614546 -0.998326063 -175.702865601 -0.045813214 0.997304082 0.057323445 6.264640808 0.998937190 0.045446590 0.007683739 17.226249695
0.006527362 0.057376388 -0.998331308 -176.630645752 -0.046753459 0.997278333 0.057010185 6.297921181 0.998885155 0.046303313 0.009192142 17.227472305
0.008274492 0.058187522 -0.998271286 -177.548065186 -0.047996324 0.997178078 0.057725955 6.332109451 0.998813212 0.047435705 0.011043928 17.216470718
0.006998694 0.056949839 -0.998352528 -178.457336426 -0.045683637 0.997352898 0.056572549 6.349887848 0.998931408 0.045212448 0.009581843 17.235048294
0.003762557 0.053799063 -0.998544753 -179.359100342 -0.043048073 0.997634828 0.053587835 6.381028175 0.999065995 0.042783804 0.006069605 17.241985321
-0.001803305 0.050684225 -0.998713195 -180.245803833 -0.043447066 0.997767806 0.050714690 6.398039341 0.999054134 0.043482613 0.000402801 17.239187241
-0.005657229 0.047496766 -0.998855352 -181.147979736 -0.044702299 0.997860730 0.047702659 6.435370445 0.998984337 0.044920985 -0.003521912 17.212139130
-0.009659273 0.046209879 -0.998885036 -182.040222168 -0.046537049 0.997828424 0.046611022 6.472805977 0.998869836 0.046935387 -0.007487826 17.200723648
-0.012885669 0.047112729 -0.998806417 -182.937942505 -0.048188657 0.997699499 0.047682192 6.495176315 0.998755157 0.048745558 -0.010585727 17.178234100
-0.014020761 0.049297038 -0.998685718 -183.805633545 -0.047917597 0.997603238 0.049916331 6.515808105 0.998752832 0.048554484 -0.011624960 17.153787613
-0.015273303 0.050727680 -0.998595655 -184.690994263 -0.044811174 0.997673988 0.051366236 6.547390461 0.998878717 0.045532778 -0.012964611 17.138561249
-0.017104512 0.051381685 -0.998532534 -185.595504761 -0.043223303 0.997707069 0.052079611 6.573025703 0.998919010 0.044050675 -0.014844408 17.124166489
-0.018801169 0.050651588 -0.998539388 -186.442230225 -0.043164026 0.997743666 0.051423945 6.590274811 0.998890996 0.044067815 -0.016572423 17.114051819
-0.019213906 0.049167480 -0.998605728 -187.325271606 -0.044980582 0.997736216 0.049990132 6.625598907 0.998803020 0.045878373 -0.016958827 17.089096069
-0.019402716 0.048700202 -0.998624921 -188.202926636 -0.048332620 0.997599602 0.049589265 6.651040077 0.998642802 0.049228325 -0.017002333 17.071189880
-0.018388322 0.046937522 -0.998728573 -189.093948364 -0.051246203 0.997540236 0.047825210 6.684812546 0.998516679 0.052060470 -0.015937721 17.046764374
-0.017598050 0.044107497 -0.998871803 -189.979721069 -0.052042931 0.997631788 0.044969637 6.711121559 0.998489797 0.052775599 -0.015260889 17.020957947
-0.016974902 0.041692950 -0.998986244 -190.858139038 -0.051695734 0.997757375 0.042520083 6.739270687 0.998518527 0.052365113 -0.014781483 17.003658295
-0.015783245 0.041616693 -0.999009013 -191.737152100 -0.052110720 0.997741342 0.042387176 6.763909340 0.998516560 0.052728083 -0.013578919 16.971481323
-0.014277096 0.044108484 -0.998924732 -192.655181885 -0.049827747 0.997754037 0.044768941 6.790909767 0.998655736 0.050413348 -0.012047202 16.939107895
-0.015635101 0.045299079 -0.998851120 -193.558349609 -0.048705373 0.997752786 0.046011664 6.814334869 0.998690784 0.049368817 -0.013393659 16.947578430
-0.015572535 0.041494720 -0.999017298 -194.477096558 -0.043371584 0.998170078 0.042135589 6.842183590 0.998937547 0.043985121 -0.013744348 16.955345154
-0.014787862 0.038309433 -0.999156475 -195.397689819 -0.042491689 0.998339057 0.038906980 6.871002674 0.998987317 0.043031204 -0.013135469 16.924816132
-0.014599361 0.039011765 -0.999132097 -196.278442383 -0.046844184 0.998114645 0.039656527 6.894659042 0.998795509 0.047382485 -0.012744361 16.907003403
-0.013254974 0.042886361 -0.998992026 -197.198150635 -0.047820665 0.997909307 0.043474387 6.922422409 0.998767972 0.048348714 -0.011176409 16.896825790
-0.011442150 0.042884916 -0.999014497 -198.161972046 -0.045959406 0.998001456 0.043367825 6.944889545 0.998877764 0.046410337 -0.009448321 16.892627716
-0.009093959 0.043834358 -0.998997450 -199.103668213 -0.044612762 0.998026192 0.044197861 6.983124256 0.998962939 0.044969983 -0.007120436 16.871433258
-0.006975818 0.048169442 -0.998814881 -200.069503784 -0.045427203 0.997792602 0.048437409 7.024486065 0.998943210 0.045711260 -0.004772218 16.853019714
-0.007107828 0.052519180 -0.998594701 -201.002151489 -0.041616961 0.997739077 0.052770406 7.048402786 0.999108315 0.041933555 -0.004906069 16.870906830
-0.006023881 0.052690800 -0.998592734 -201.969909668 -0.041723926 0.997727871 0.052896861 7.096331596 0.999110937 0.041983847 -0.003811728 16.873476028
-0.003683724 0.053884190 -0.998540461 -202.945281982 -0.045082431 0.997522950 0.053995594 7.133755684 0.998976469 0.045215536 -0.001245371 16.862611771
-0.000521403 0.055217173 -0.998474181 -203.938964844 -0.048552200 0.997295439 0.055177324 7.178266525 0.998820424 0.048506886 0.002160922 16.849132538
0.002325967 0.055861801 -0.998435795 -204.916900635 -0.049330316 0.997229278 0.055679385 7.213828087 0.998779774 0.049123645 0.005075203 16.858709335
0.004765601 0.053004328 -0.998582900 -205.917297363 -0.052360859 0.997237623 0.052683029 7.258732319 0.998616755 0.052035592 0.007527789 16.858263016
