1 -1.22322e-18 -1.71789e-20 0 7.5476e-19 1 6.23824e-19 0 -2.14909e-19 -9.89981e-19 1 0
0.99993 -0.00224309 0.0116046 0.0141125 0.00223048 0.999997 0.00109908 -0.00428809 -0.011607 -0.00107312 0.999932 0.240289
0.999836 -0.00507018 0.017397 0.0319345 0.00505384 0.999987 0.000983119 -0.00953473 -0.0174017 -0.000895037 0.999848 0.561985
0.999789 -0.00759989 0.0190661 0.0380139 0.00760162 0.999971 -1.80715e-05 -0.0175551 -0.0190654 0.000163001 0.999818 0.861718
0.999818 -0.00903844 0.0167835 0.0428109 0.00906182 0.999958 -0.00131738 -0.0234451 -0.0167709 0.00146923 0.999858 1.16973
0.999883 -0.0112972 0.0103095 0.0429368 0.0113276 0.999932 -0.00289384 -0.0237126 -0.0102761 0.00301028 0.999943 1.48367
0.999913 -0.0128234 -0.00296028 0.0450697 0.0128099 0.999908 -0.00454273 -0.0343688 0.00301826 0.00450442 0.999985 1.8006
0.999722 -0.0120713 -0.0202731 0.0247042 0.0119742 0.999916 -0.00490538 -0.0381401 0.0203307 0.00466126 0.999782 2.1267
0.999229 -0.00826603 -0.0383905 -0.0192918 0.0080776 0.999955 -0.00506084 -0.043937 0.0384305 0.00474684 0.99925 2.47034
0.998244 -0.0047769 -0.0590369 -0.0580121 0.00441361 0.999971 -0.00628249 -0.0509449 0.0590652 0.0060109 0.998236 2.82132
0.996883 -0.00402594 -0.0787962 -0.106653 0.00353196 0.999973 -0.00640747 -0.0575516 0.0788199 0.00610919 0.99687 3.1671
0.995152 -0.0050152 -0.0982234 -0.16478 0.00446973 0.999973 -0.00577268 -0.066004 0.0982498 0.00530566 0.995148 3.53478
0.992956 -0.0061711 -0.11832 -0.223419 0.00562695 0.999972 -0.0049325 -0.0748547 0.118348 0.00423197 0.992963 3.91015
0.990806 -0.00522165 -0.135191 -0.305061 0.00467848 0.99998 -0.00433521 -0.0801502 0.135211 0.00366286 0.99081 4.30277
0.98855 -0.00405903 -0.15084 -0.382345 0.00356626 0.999987 -0.0035372 -0.0902928 0.150853 0.00295876 0.988552 4.70555
0.986574 -0.00340228 -0.163282 -0.468956 0.00286728 0.99999 -0.0035121 -0.0999869 0.163292 0.00299677 0.986573 5.11575
0.984533 -0.00462807 -0.175137 -0.55199 0.00391261 0.999983 -0.00443019 -0.108529 0.175155 0.00367642 0.984534 5.53485
0.982635 -0.00778619 -0.185386 -0.638514 0.00674083 0.999958 -0.00626847 -0.120713 0.185427 0.00490997 0.982646 5.97868
0.980971 -0.00712873 -0.194023 -0.734301 0.00565982 0.999951 -0.0081241 -0.12956 0.194072 0.00687137 0.980963 6.44294
0.979552 -0.00707039 -0.201067 -0.842118 0.00524483 0.99994 -0.00961066 -0.13837 0.201123 0.00835958 0.97953 6.88937
0.977807 -0.00754166 -0.209374 -0.948789 0.00507655 0.999911 -0.0123086 -0.149913 0.209448 0.0109726 0.977758 7.35981
0.976329 -0.0112199 -0.216 -1.0667 0.00841363 0.999868 -0.0139071 -0.163272 0.216127 0.0117606 0.976294 7.84941
0.974563 -0.0170342 -0.223464 -1.17976 0.0140014 0.999787 -0.0151494 -0.178541 0.223675 0.0116353 0.974594 8.35377
0.972422 -0.0178438 -0.232543 -1.30261 0.0141829 0.999748 -0.0174057 -0.200762 0.232795 0.0136275 0.97243 8.86935
0.970268 -0.0139756 -0.241628 -1.45694 0.00896682 0.999722 -0.0218167 -0.213715 0.241866 0.0190014 0.970124 9.40418
0.96814 -0.0108637 -0.250175 -1.60829 0.00492497 0.999691 -0.0243521 -0.231123 0.250362 0.0223441 0.967894 9.93763
0.966113 -0.0129202 -0.257796 -1.76733 0.00638017 0.999637 -0.0261895 -0.249625 0.258041 0.0236573 0.965844 10.4757
0.96385 -0.0155134 -0.265995 -1.92559 0.00832246 0.999569 -0.0281402 -0.279487 0.266317 0.0249091 0.963564 11.0379
0.961332 -0.0153993 -0.274962 -2.09508 0.00727779 0.999507 -0.030533 -0.305533 0.275296 0.0273512 0.96097 11.6117
0.959331 -0.0144716 -0.281913 -2.28496 0.00505966 0.999406 -0.0340855 -0.328014 0.282238 0.0312729 0.958834 12.1839
0.956614 -0.0156408 -0.290937 -2.46799 0.00450997 0.999233 -0.0388901 -0.357519 0.291322 0.0358907 0.955952 12.7717
0.955209 -0.0167825 -0.295455 -2.66628 0.00318929 0.998916 -0.0464296 -0.395715 0.295914 0.0434077 0.954228 13.3563
0.953623 -0.0172897 -0.300506 -2.86037 0.000950393 0.998517 -0.0544341 -0.430333 0.301002 0.051624 0.952225 13.962
0.952962 -0.0174379 -0.302588 -3.07787 -0.00171685 0.998017 -0.0629219 -0.47244 0.303085 0.0604817 0.951042 14.5675
0.95129 -0.0172983 -0.307812 -3.29593 -0.00510781 0.997403 -0.0718373 -0.517194 0.308255 0.0699103 0.948731 15.2095
0.950089 -0.0165178 -0.311541 -3.51754 -0.00852536 0.99685 -0.0788521 -0.574662 0.311862 0.0775725 0.946956 15.8291
0.947934 -0.0145712 -0.318133 -3.74554 -0.0133233 0.996264 -0.0853302 -0.637194 0.318188 0.085126 0.944198 16.4992
0.946284 -0.0131857 -0.323068 -3.98123 -0.0171534 0.995714 -0.0908822 -0.70612 0.322882 0.0915421 0.942002 17.1591
0.94451 -0.0117056 -0.328273 -4.22504 -0.0211018 0.995138 -0.0961993 -0.779428 0.327803 0.0977884 0.939672 17.8288
0.942631 -0.00912092 -0.333713 -4.47916 -0.0254319 0.99476 -0.0990253 -0.856046 0.332868 0.101831 0.937459 18.5022
0.941731 -0.00782234 -0.336275 -4.75215 -0.0276073 0.994559 -0.100449 -0.932679 0.335231 0.10388 0.936392 19.18
0.939298 -0.00708712 -0.34303 -5.01543 -0.028883 0.994605 -0.0996374 -1.01708 0.341886 0.103497 0.934025 19.8839
0.937144 -0.0072474 -0.348868 -5.29288 -0.0288843 0.994742 -0.0982551 -1.10015 0.347745 0.102156 0.932007 20.606
0.934609 -0.00692048 -0.355609 -5.57276 -0.0292504 0.994928 -0.0962382 -1.18129 0.354471 0.100347 0.929667 21.3132
0.931876 -0.00630682 -0.362721 -5.86305 -0.0295683 0.995202 -0.0932688 -1.26511 0.361569 0.09764 0.927219 22.0246
0.928399 -0.00391233 -0.371563 -6.17618 -0.0309248 0.995662 -0.0877535 -1.34568 0.370295 0.0929609 0.924251 22.7768
0.925142 -0.000955555 -0.379621 -6.49069 -0.0327353 0.996071 -0.0822836 -1.42423 0.378208 0.088551 0.921476 23.5216
0.92176 0.00234923 -0.387753 -6.83003 -0.0355204 0.996289 -0.0784025 -1.49915 0.38613 0.0860415 0.918423 24.2497
0.91764 0.00363767 -0.397396 -7.16317 -0.0370945 0.996377 -0.0765356 -1.56788 0.395677 0.0849734 0.91445 25.001
0.913831 0.00448429 -0.406069 -7.50758 -0.0385351 0.996384 -0.0757175 -1.64413 0.404261 0.0848409 0.9107 25.7378
0.90983 0.00414811 -0.41496 -7.86054 -0.0385215 0.996477 -0.0745001 -1.71545 0.413189 0.0837674 0.906784 26.4942
0.905493 0.00483261 -0.424333 -8.23159 -0.0393574 0.996582 -0.0726358 -1.78777 0.422532 0.0824719 0.902588 27.275
0.901836 0.00452773 -0.432055 -8.60875 -0.0387402 0.996765 -0.0704176 -1.85412 0.430338 0.080243 0.899094 28.0514
0.89777 0.00474053 -0.44044 -8.9915 -0.0376517 0.997108 -0.0660152 -1.92424 0.438853 0.0758497 0.895352 28.8266
0.894218 0.00645885 -0.447585 -9.39959 -0.0374834 0.997465 -0.0604934 -1.98774 0.446059 0.0708713 0.892193 29.6106
0.890775 0.00641175 -0.454399 -9.82212 -0.0360343 0.997749 -0.0565606 -2.04942 0.453014 0.0667567 0.889001 30.4085
0.887106 0.00616203 -0.461524 -10.2557 -0.0353634 0.997879 -0.0546497 -2.1107 0.460208 0.0648011 0.885443 31.2192
0.883845 0.00630871 -0.467737 -10.6871 -0.0352365 0.997966 -0.0531234 -2.17385 0.466451 0.0634343 0.88227 32.0275
0.880249 0.00613358 -0.474472 -11.135 -0.0345175 0.998095 -0.051135 -2.22919 0.473255 0.0613891 0.878784 32.8526
0.877305 0.00487804 -0.479908 -11.6003 -0.0328264 0.998216 -0.0498626 -2.28705 0.478809 0.0594984 0.875901 33.6839
0.874813 0.0037624 -0.484445 -12.0733 -0.031836 0.998255 -0.0497368 -2.34539 0.483413 0.0589332 0.873406 34.5212
0.872768 0.00304508 -0.488125 -12.5561 -0.0314924 0.998249 -0.050081 -2.40699 0.487118 0.0590813 0.871335 35.3604
0.871563 0.00291379 -0.490275 -13.0493 -0.0317882 0.998214 -0.0505774 -2.46279 0.489252 0.0596663 0.870099 36.2086
0.871336 0.00353075 -0.490674 -13.5468 -0.0319768 0.998257 -0.049601 -2.52439 0.489644 0.0589093 0.86993 37.0691
0.870665 0.00384355 -0.491862 -14.0358 -0.0314578 0.998357 -0.0478833 -2.58291 0.49087 0.0571633 0.869355 37.9437
0.870542 0.0020716 -0.492089 -14.5426 -0.0290612 0.998462 -0.0472081 -2.64203 0.491235 0.0553974 0.869264 38.8326
0.869872 9.30741e-05 -0.493278 -15.0653 -0.0273591 0.99847 -0.0480581 -2.70031 0.492519 0.0553 0.868543 39.7305
0.868586 -0.00135353 -0.495537 -15.5793 -0.0261899 0.998473 -0.0486333 -2.75897 0.494846 0.0552203 0.867224 40.6165
0.866786 -0.00221159 -0.498675 -16.1107 -0.0241903 0.998626 -0.0464758 -2.82188 0.498093 0.0523477 0.865542 41.5326
0.864957 -0.00153541 -0.501843 -16.642 -0.0230272 0.998821 -0.0427447 -2.88317 0.501317 0.0485284 0.863902 42.4336
0.86184 -0.00152038 -0.507178 -17.1781 -0.0209024 0.999039 -0.038514 -2.94513 0.506749 0.0437942 0.86098 43.3453
0.857676 -0.00231735 -0.514185 -17.7204 -0.0190709 0.999158 -0.0363139 -3.0065 0.513836 0.0409515 0.85691 44.2325
0.852766 -0.00549476 -0.522265 -18.2743 -0.0169016 0.999131 -0.0381091 -3.06508 0.52202 0.0413253 0.851932 45.1099
0.846674 -0.00815172 -0.53205 -18.8357 -0.0164933 0.999 -0.0415525 -3.12428 0.531856 0.0439567 0.845693 45.9928
0.840683 -0.008319 -0.541464 -19.4142 -0.0165746 0.999018 -0.0410827 -3.18198 0.541274 0.0435121 0.83972 46.8756
0.83444 -0.00587058 -0.551067 -20.0105 -0.0168354 0.999205 -0.0361372 -3.23526 0.550841 0.0394317 0.833678 47.7775
0.829656 -0.00208901 -0.558271 -20.6126 -0.0187055 0.999328 -0.031538 -3.2913 0.557961 0.0366084 0.829059 48.6303
0.825479 -0.00187903 -0.564429 -21.2202 -0.0200501 0.999266 -0.03265 -3.34043 0.564076 0.0382688 0.824835 49.4928
0.821751 -0.00330192 -0.569837 -21.8264 -0.0215238 0.99909 -0.0368283 -3.39081 0.56944 0.0425288 0.820932 50.3508
0.818763 -0.00554623 -0.574105 -22.4321 -0.0238616 0.998761 -0.043679 -3.45399 0.573636 0.0494618 0.817616 51.185
0.815851 -0.00599051 -0.578231 -23.0475 -0.0246472 0.998677 -0.0451222 -3.5131 0.577736 0.0510648 0.814625 52.0314
0.812515 -0.00462299 -0.582922 -23.6695 -0.0240291 0.998853 -0.0414149 -3.57381 0.582445 0.0476573 0.811472 52.8869
0.809205 -0.00212342 -0.587522 -24.2959 -0.0235201 0.999075 -0.0360055 -3.63263 0.587055 0.0429545 0.808407 53.7398
0.806405 -0.0010296 -0.591363 -24.9346 -0.0227753 0.999203 -0.0327969 -3.68763 0.590925 0.039916 0.805739 54.5862
0.803394 -0.000161463 -0.595448 -25.5723 -0.0243997 0.999151 -0.0331916 -3.74016 0.594948 0.0411947 0.802708 55.4368
0.800475 -0.0011199 -0.599365 -26.2128 -0.0246219 0.999093 -0.0347504 -3.79245 0.59886 0.0425743 0.799721 56.2742
0.796329 -0.00362381 -0.604852 -26.856 -0.0237106 0.999026 -0.0372021 -3.84665 0.604398 0.0439665 0.795468 57.111
0.79175 -0.00452043 -0.610829 -27.5303 -0.0233206 0.99902 -0.0376211 -3.89917 0.6104 0.0440314 0.790869 57.961
0.787345 -0.00442818 -0.616497 -28.192 -0.0229746 0.999069 -0.0365176 -3.95916 0.616084 0.0429157 0.78651 58.8021
0.782319 -0.00439023 -0.622863 -28.8701 -0.0229449 0.999093 -0.0358609 -4.01292 0.622455 0.0423462 0.781509 59.6387
0.777314 -0.00577383 -0.629086 -29.5576 -0.0223656 0.999072 -0.036805 -4.06804 0.628715 0.0426789 0.776464 60.4514
0.772206 -0.00730347 -0.63533 -30.2524 -0.0213073 0.999074 -0.0373826 -4.12875 0.635015 0.0424043 0.771335 61.2828
0.765779 -0.00825655 -0.64305 -30.9492 -0.0212905 0.999044 -0.0381813 -4.18549 0.642751 0.0429293 0.764871 62.1094
0.760242 -0.0100377 -0.649563 -31.6548 -0.0203361 0.999023 -0.0392391 -4.2414 0.649322 0.0430408 0.759295 62.9142
0.754106 -0.0112059 -0.656658 -32.3704 -0.020158 0.998988 -0.0401972 -4.30108 0.656444 0.0435498 0.753117 63.7269
0.747393 -0.0122599 -0.664269 -33.0977 -0.0193895 0.999001 -0.0402535 -4.35812 0.664099 0.042965 0.746409 64.5477
0.741378 -0.012049 -0.670979 -33.8316 -0.0187908 0.999074 -0.0387031 -4.41813 0.670824 0.0413018 0.740466 65.3555
0.73545 -0.012958 -0.677455 -34.5868 -0.0174162 0.999125 -0.0380179 -4.4774 0.677355 0.0397589 0.734581 66.1594
0.729642 -0.0139891 -0.683686 -35.3461 -0.0169878 0.999111 -0.0385728 -4.53539 0.683618 0.0397587 0.728756 66.9454
0.722989 -0.015577 -0.690683 -36.1186 -0.0166572 0.999062 -0.0399681 -4.59957 0.690658 0.0404014 0.722052 67.7372
0.71625 -0.0152554 -0.697677 -36.9029 -0.0175598 0.99905 -0.0398726 -4.6591 0.697623 0.0408098 0.715302 68.5315
0.711485 -0.0147824 -0.702545 -37.7048 -0.0178042 0.999079 -0.0390526 -4.71444 0.702475 0.0402936 0.710567 69.3104
0.706001 -0.0145091 -0.708062 -38.4946 -0.0181789 0.999089 -0.0385985 -4.77484 0.707978 0.0401224 0.705094 70.0901
0.701813 -0.0146242 -0.712211 -39.3093 -0.0188928 0.999055 -0.0391311 -4.83957 0.712111 0.0409184 0.700873 70.8734
0.69683 -0.0166747 -0.717042 -40.1261 -0.0187769 0.998963 -0.0414783 -4.90335 0.71699 0.0423672 0.695794 71.6581
0.691368 -0.0184789 -0.722266 -40.9514 -0.019469 0.998833 -0.0441909 -4.96739 0.722241 0.044614 0.690202 72.4394
0.68639 -0.0188537 -0.726989 -41.7948 -0.0200776 0.998792 -0.0448589 -5.03384 0.726957 0.0453869 0.685182 73.2137
0.682017 -0.0183217 -0.731107 -42.6345 -0.0201649 0.998835 -0.0438419 -5.0944 0.731059 0.0446437 0.680853 73.9918
0.676015 -0.0186189 -0.736652 -43.4768 -0.0188501 0.998917 -0.042546 -5.16041 0.736647 0.0426477 0.674932 74.7544
0.670733 -0.019444 -0.741444 -44.3401 -0.018452 0.998909 -0.0428882 -5.22983 0.741469 0.0424476 0.669643 75.5265
0.666423 -0.0204391 -0.745294 -45.2085 -0.0174498 0.998923 -0.0429978 -5.29351 0.74537 0.0416599 0.665348 76.2865
0.66165 -0.021384 -0.749508 -46.0942 -0.0161845 0.998953 -0.0427883 -5.36067 0.749638 0.0404413 0.660611 77.0555
0.658161 -0.021874 -0.75256 -46.9792 -0.0156546 0.998964 -0.0427269 -5.42632 0.752715 0.0399022 0.657136 77.8146
0.653747 -0.0243436 -0.756321 -47.8567 -0.0129679 0.998975 -0.043363 -5.49808 0.756602 0.0381564 0.652762 78.5766
0.649936 -0.028831 -0.759442 -48.7541 -0.00969248 0.998884 -0.046216 -5.56773 0.759927 0.0373983 0.648931 79.3411
0.644539 -0.0329838 -0.76386 -49.6528 -0.0058462 0.998827 -0.0480628 -5.63548 0.764549 0.035444 0.64359 80.11
0.637362 -0.036588 -0.769696 -50.5659 -0.000978723 0.998833 -0.0482907 -5.71138 0.770564 0.031532 0.636582 80.8722
0.628598 -0.039793 -0.776711 -51.4885 0.00333641 0.998819 -0.0484719 -5.79245 0.777723 0.027878 0.627989 81.6265
0.620397 -0.0405423 -0.783239 -52.4252 0.00575504 0.998871 -0.0471454 -5.86938 0.784267 0.0247413 0.61993 82.3531
0.612089 -0.0391312 -0.78982 -53.3862 0.0064392 0.998988 -0.0445041 -5.94009 0.790763 0.0221546 0.611722 83.0798
0.602352 -0.0387853 -0.797288 -54.3536 0.00631249 0.999019 -0.0438298 -6.0171 0.798206 0.0213681 0.602006 83.8039
0.592869 -0.03955 -0.804327 -55.3342 0.00444501 0.998939 -0.0458429 -6.088 0.805287 0.0236036 0.592415 84.5117
0.582981 -0.0417471 -0.811413 -56.3066 0.00536438 0.998855 -0.0475368 -6.16097 0.812468 0.0233603 0.582537 85.21
0.572242 -0.0431685 -0.818948 -57.3042 0.00555405 0.998795 -0.0487677 -6.23467 0.820066 0.0233585 0.571792 85.9072
0.561981 -0.0440968 -0.825974 -58.3175 0.00836286 0.99883 -0.0476353 -6.31426 0.827108 0.0198626 0.561692 86.5963
0.552466 -0.0436058 -0.832394 -59.3327 0.00890155 0.998882 -0.0464194 -6.38727 0.833488 0.0182356 0.552237 87.2605
0.542348 -0.0441085 -0.838996 -60.3598 0.00920118 0.998873 -0.0465659 -6.46515 0.840104 0.0175351 0.542142 87.9218
0.53217 -0.0447182 -0.845455 -61.4118 0.00870084 0.99884 -0.0473544 -6.5445 0.846593 0.0178444 0.531942 88.5635
0.522103 -0.0452394 -0.851682 -62.4671 0.00728097 0.998792 -0.0485902 -6.61635 0.852852 0.019168 0.521802 89.1897
0.511445 -0.0464782 -0.858058 -63.5305 0.00640137 0.998715 -0.0502815 -6.69272 0.859292 0.0202235 0.511085 89.814
0.503067 -0.0456841 -0.863039 -64.6075 0.00517612 0.998743 -0.0498503 -6.77755 0.864232 0.0206109 0.502672 90.4154
0.494213 -0.0437402 -0.86824 -65.7079 0.00430073 0.998844 -0.0478717 -6.85365 0.86933 0.0199247 0.49383 91.0267
0.486279 -0.0422696 -0.872781 -66.8117 0.00531623 0.998954 -0.0454183 -6.93101 0.873788 0.017446 0.485995 91.6295
0.478369 -0.0426447 -0.877123 -67.9193 0.00555659 0.998947 -0.0455372 -7.00523 0.878141 0.0169098 0.478103 92.2203
0.471492 -0.0454708 -0.880697 -69.0379 0.00724602 0.998836 -0.0476911 -7.0859 0.881841 0.0161044 0.471273 92.812
0.463362 -0.0485564 -0.884838 -70.1477 0.00921952 0.998708 -0.0499772 -7.16812 0.886121 0.0149998 0.463211 93.409
0.458429 -0.0510973 -0.887261 -71.2591 0.0103655 0.998585 -0.0521528 -7.25154 0.888671 0.0147115 0.45831 93.9651
0.453343 -0.0543897 -0.889675 -72.3859 0.012256 0.998423 -0.0547927 -7.34173 0.891252 0.013936 0.453294 94.5266
0.448579 -0.0551973 -0.892037 -73.4977 0.0143055 0.998407 -0.0545854 -7.43291 0.893629 0.0117248 0.448654 95.0864
0.444607 -0.0527837 -0.894169 -74.6338 0.0157134 0.998568 -0.0511334 -7.5183 0.895588 0.00868383 0.4448 95.646
0.442325 -0.0518494 -0.895355 -75.7575 0.0207001 0.998652 -0.047605 -7.60236 0.896616 0.00252298 0.442802 96.1828
0.438642 -0.0510969 -0.897208 -76.8746 0.023014 0.998693 -0.0456252 -7.68827 0.898367 -0.000635187 0.439245 96.7252
0.436373 -0.0510762 -0.898315 -77.9908 0.0243011 0.998692 -0.0449787 -7.76835 0.899438 -0.00220257 0.437043 97.2518
0.433598 -0.0502381 -0.899705 -79.1105 0.0259862 0.998727 -0.0432436 -7.84366 0.900731 -0.00462958 0.434352 97.7908
0.432187 -0.0492486 -0.900438 -80.2258 0.0279909 0.998759 -0.0411913 -7.92488 0.90135 -0.00740175 0.433029 98.3142
0.427796 -0.0500564 -0.902488 -81.3333 0.0298628 0.998703 -0.0412374 -7.99831 0.903382 -0.00930961 0.428736 98.8407
0.42551 -0.049889 -0.903578 -82.4333 0.0316854 0.998688 -0.0402192 -8.07473 0.904399 -0.0115165 0.426532 99.3586
0.422326 -0.0488875 -0.905125 -83.5213 0.0342839 0.998692 -0.0379445 -8.14612 0.905795 -0.0150063 0.42345 99.8717
0.420889 -0.04856 -0.905811 -84.6027 0.0366845 0.99866 -0.0364919 -8.21635 0.90637 -0.0178702 0.422107 100.371
0.41821 -0.0497549 -0.906987 -85.6664 0.0394102 0.998552 -0.0366059 -8.2846 0.907495 -0.0204356 0.419566 100.864
0.418412 -0.050648 -0.906844 -86.7323 0.0403811 0.998494 -0.0371351 -8.35461 0.907359 -0.0210816 0.419827 101.347
0.418739 -0.0513893 -0.906651 -87.7851 0.0401046 0.99847 -0.0380712 -8.43146 0.907221 -0.020419 0.420159 101.819
0.418858 -0.0519297 -0.906565 -88.8188 0.0389471 0.998472 -0.0391996 -8.50122 0.907216 -0.018889 0.420241 102.279
0.421073 -0.0518822 -0.905541 -89.8397 0.0371525 0.998511 -0.039933 -8.57182 0.906265 -0.0168284 0.422374 102.739
0.425215 -0.0519357 -0.903601 -90.8453 0.0354257 0.998542 -0.040722 -8.64434 0.904399 -0.0146951 0.426435 103.207
0.430001 -0.0525039 -0.9013 -91.8576 0.0342099 0.998538 -0.0418472 -8.71115 0.90218 -0.0128391 0.431168 103.675
0.434222 -0.0525175 -0.899274 -92.8398 0.0336693 0.998548 -0.0420576 -8.77651 0.900176 -0.0120156 0.43536 104.145
0.441511 -0.0514107 -0.895782 -93.822 0.0328567 0.998614 -0.0411181 -8.84501 0.896654 -0.0112783 0.442588 104.613
0.449349 -0.0505623 -0.891924 -94.8247 0.0321717 0.998665 -0.0404054 -8.9121 0.892777 -0.0105386 0.450376 105.105
0.459275 -0.0497561 -0.8869 -95.799 0.0310146 0.998719 -0.0399687 -8.97518 0.887753 -0.00915019 0.46023 105.587
0.467545 -0.0495312 -0.88258 -96.7582 0.0308992 0.998735 -0.0396811 -9.03854 0.883429 -0.00871831 0.468484 106.09
0.476914 -0.0500128 -0.877526 -97.7048 0.0294839 0.998728 -0.0408968 -9.10496 0.878456 -0.00636864 0.477782 106.603
0.486925 -0.0519191 -0.871899 -98.6496 0.0283655 0.998645 -0.0436253 -9.1712 0.872983 -0.00348961 0.487738 107.125
0.500708 -0.0524464 -0.864026 -99.5821 0.0269397 0.998623 -0.0450047 -9.24489 0.865197 -0.000742374 0.501432 107.629
0.512949 -0.0504113 -0.856938 -100.52 0.023791 0.998726 -0.0445114 -9.30918 0.858089 0.00244465 0.513494 108.177
0.525476 -0.0476034 -0.849475 -101.435 0.0219466 0.99886 -0.0423988 -9.37759 0.850525 0.00363643 0.525922 108.739
0.537453 -0.0462962 -0.842022 -102.342 0.0218886 0.998921 -0.0409516 -9.43745 0.843009 0.00357892 0.537887 109.31
0.549137 -0.0455134 -0.834492 -103.232 0.0213712 0.998954 -0.0404199 -9.49907 0.835459 0.00436195 0.549535 109.893
0.560149 -0.0459441 -0.827117 -104.1 0.0213065 0.99893 -0.0410585 -9.5634 0.828118 0.00537589 0.560528 110.472
0.57182 -0.0468927 -0.819038 -104.97 0.0216646 0.99888 -0.0420639 -9.62937 0.820093 0.00630884 0.572196 111.064
0.582364 -0.0485539 -0.811477 -105.802 0.0235941 0.998804 -0.0428299 -9.69358 0.812585 0.00579648 0.582813 111.66
0.592923 -0.0478475 -0.803836 -106.633 0.0229491 0.998832 -0.0425267 -9.75927 0.804932 0.00676773 0.593329 112.269
0.603835 -0.0451234 -0.795831 -107.454 0.0216181 0.998956 -0.0402378 -9.82631 0.796816 0.00709258 0.60418 112.888
0.613449 -0.0435064 -0.788535 -108.255 0.0227658 0.999041 -0.0374099 -9.88238 0.789406 0.00499747 0.613851 113.507
0.623338 -0.042835 -0.780779 -109.032 0.0228045 0.99907 -0.0366048 -9.94357 0.78162 0.0050119 0.623735 114.121
0.633036 -0.0417684 -0.772995 -109.81 0.0208914 0.999101 -0.0368772 -10.0075 0.773841 0.00719561 0.633339 114.745
0.643141 -0.0416468 -0.764614 -110.569 0.0192643 0.999084 -0.038214 -10.0632 0.765506 0.00984721 0.643354 115.369
0.651871 -0.040942 -0.757224 -111.32 0.0190908 0.999111 -0.0375858 -10.1226 0.75809 0.0100451 0.652073 116.01
0.66186 -0.0388428 -0.74862 -112.036 0.0183367 0.999197 -0.0356325 -10.1778 0.749403 0.00985649 0.662041 116.638
0.67051 -0.0374351 -0.740955 -112.759 0.0185457 0.99926 -0.0337028 -10.231 0.741669 0.00885654 0.670708 117.288
0.678994 -0.0369979 -0.733211 -113.465 0.0191139 0.999282 -0.0327233 -10.2886 0.733895 0.00820436 0.679213 117.936
0.686708 -0.0364863 -0.726017 -114.144 0.0182379 0.99929 -0.0329692 -10.3374 0.726705 0.00939916 0.686886 118.576
0.69432 -0.0350149 -0.718814 -114.825 0.0170182 0.999335 -0.0322413 -10.3885 0.719465 0.0101529 0.694454 119.223
0.701286 -0.0328946 -0.71212 -115.494 0.0168218 0.99942 -0.0295999 -10.4354 0.712681 0.00877886 0.701433 119.88
0.70889 -0.0297024 -0.704694 -116.144 0.0151543 0.999524 -0.0268847 -10.4834 0.705157 0.00837911 0.709002 120.519
0.716097 -0.0283071 -0.697426 -116.787 0.0142286 0.999562 -0.0259606 -10.5259 0.697855 0.00866694 0.716186 121.169
0.724335 -0.0273934 -0.688904 -117.402 0.0138757 0.999587 -0.025158 -10.5769 0.689309 0.00866381 0.724416 121.796
0.731863 -0.0251275 -0.680988 -118.008 0.0115313 0.999634 -0.0244924 -10.6083 0.681354 0.0100724 0.731885 122.456
0.741365 -0.0222573 -0.670732 -118.598 0.01044 0.999711 -0.0216346 -10.6462 0.67102 0.00903675 0.741384 123.1
0.750536 -0.0187093 -0.660565 -119.176 0.00848921 0.99979 -0.0186717 -10.6789 0.660776 0.00840609 0.750536 123.748
0.760321 -0.016513 -0.649337 -119.725 0.00671155 0.999823 -0.0175673 -10.7154 0.649512 0.00899877 0.760298 124.4
0.770247 -0.0157972 -0.63755 -120.279 0.00512366 0.999814 -0.0185834 -10.7482 0.637725 0.0110472 0.770185 125.056
0.780304 -0.016555 -0.625181 -120.801 0.00496104 0.999782 -0.0202826 -10.7834 0.62538 0.0127251 0.780216 125.705
0.790376 -0.0159588 -0.612414 -121.322 0.0046981 0.999789 -0.01999 -10.8182 0.612604 0.0129225 0.790284 126.37
0.800672 -0.014247 -0.598933 -121.824 0.00407696 0.999824 -0.0183329 -10.8503 0.599089 0.0122369 0.800589 127.033
0.810756 -0.0119635 -0.585262 -122.304 0.00340856 0.999871 -0.0157167 -10.8784 0.585374 0.0107475 0.810692 127.703
0.820412 -0.0109929 -0.571668 -122.787 0.00383023 0.999898 -0.0137307 -10.9046 0.571761 0.00907523 0.82037 128.395
0.829347 -0.00957161 -0.558651 -123.245 0.00411183 0.999931 -0.011028 -10.9328 0.558718 0.00684897 0.829329 129.099
0.837679 -0.00883934 -0.546091 -123.715 0.00483443 0.99995 -0.00876995 -10.9577 0.546141 0.00470636 0.83768 129.807
0.845123 -0.00871117 -0.534501 -124.165 0.00576717 0.999958 -0.00717835 -10.9822 0.53454 0.00298404 0.845138 130.515
0.851583 -0.00881743 -0.524146 -124.598 0.00619869 0.999958 -0.00675072 -11.0063 0.524183 0.00249978 0.851602 131.23
0.8582 -0.00764425 -0.513259 -125.021 0.00497232 0.999966 -0.00657903 -11.0256 0.513292 0.00309404 0.858209 131.942
0.864705 -0.00592017 -0.502244 -125.445 0.00331684 0.999976 -0.00607661 -11.0423 0.502268 0.00358861 0.864704 132.661
0.870971 -0.00489416 -0.49131 -125.866 0.00245914 0.999981 -0.00560181 -11.0583 0.491328 0.00367082 0.870967 133.4
0.876824 -0.00559743 -0.480779 -126.277 0.00326735 0.999979 -0.00568332 -11.0832 0.4808 0.0034124 0.876824 134.133
0.881738 -0.00682524 -0.47169 -126.672 0.00415944 0.999969 -0.006694 -11.101 0.471721 0.00394038 0.881739 134.899
0.886245 -0.0073592 -0.463158 -127.072 0.00455221 0.999964 -0.00717801 -11.1246 0.463194 0.00425309 0.886247 135.652
0.889808 -0.00666338 -0.456286 -127.468 0.00413905 0.99997 -0.00653146 -11.1433 0.456316 0.00392315 0.889809 136.411
0.892864 -0.00480858 -0.4503 -127.864 0.00375442 0.999988 -0.00323414 -11.1631 0.45031 0.00119703 0.892871 137.2
0.895981 -0.000796993 -0.444092 -128.259 0.00138274 0.999999 0.000995097 -11.1786 0.444091 -0.00150565 0.89598 137.996
0.899445 0.00184539 -0.43703 -128.666 -0.000267006 0.999993 0.00367301 -11.1874 0.437034 -0.00318698 0.899439 138.79
0.902506 0.00439162 -0.430654 -129.062 -0.00204882 0.99998 0.00590373 -11.1944 0.430671 -0.00444582 0.902498 139.614
0.905886 0.00620537 -0.423476 -129.464 -0.00306828 0.999963 0.00808932 -11.1983 0.423511 -0.00602866 0.905871 140.434
0.909046 0.0075434 -0.416627 -129.851 -0.00331675 0.999935 0.0108678 -11.2019 0.416682 -0.00849752 0.909013 141.301
0.912305 0.00752636 -0.409443 -130.23 -0.00251255 0.999915 0.012782 -11.2049 0.409504 -0.0106324 0.912246 142.165
0.915791 0.00723641 -0.40159 -130.616 -0.00185801 0.999903 0.0137806 -11.2084 0.401651 -0.011874 0.915716 143.029
0.919495 0.00655171 -0.393048 -131.002 -0.00131713 0.999907 0.0135861 -11.2001 0.393101 -0.0119747 0.919418 143.915
0.923418 0.00393014 -0.383775 -131.375 0.00122936 0.999912 0.0131978 -11.2088 0.383794 -0.0126589 0.923332 144.826
0.927404 0.00217627 -0.374056 -131.745 0.00239019 0.999928 0.0117437 -11.2051 0.374054 -0.0117852 0.927332 145.744
0.931662 0.00120018 -0.363324 -132.107 0.00254501 0.999948 0.0098293 -11.2138 0.363317 -0.0100823 0.931611 146.675
0.936978 0.00305604 -0.349375 -132.475 0.00010385 0.999959 0.00902531 -11.2158 0.349389 -0.0084928 0.936939 147.616
0.942845 0.00661218 -0.333165 -132.825 -0.00349279 0.999944 0.00996097 -11.2209 0.333212 -0.00822798 0.942816 148.592
0.949298 0.01019 -0.314212 -133.164 -0.00653149 0.999898 0.0126939 -11.2154 0.31431 -0.00999806 0.949268 149.594
0.955692 0.0131235 -0.294075 -133.496 -0.00931739 0.999854 0.0143399 -11.2183 0.294221 -0.0109645 0.955675 150.596
0.961901 0.0144206 -0.273017 -133.8 -0.0107508 0.999831 0.014933 -11.2177 0.273186 -0.0114289 0.961893 151.625
0.967746 0.0158626 -0.251427 -134.082 -0.0121928 0.999795 0.0161474 -11.2082 0.251632 -0.012561 0.967742 152.68
0.97345 0.0170681 -0.228261 -134.335 -0.0123418 0.999679 0.0221173 -11.2056 0.228566 -0.0187129 0.973349 153.739
0.978373 0.0194909 -0.205929 -134.572 -0.0147521 0.99959 0.0245221 -11.1999 0.206323 -0.0209538 0.97826 154.803
0.982758 0.0213006 -0.183664 -134.788 -0.0163389 0.999461 0.0284864 -11.1895 0.184172 -0.0249943 0.982576 155.904
0.98676 0.0232799 -0.160505 -134.974 -0.0184323 0.99933 0.0316256 -11.1699 0.161133 -0.0282484 0.986528 157.048
0.990054 0.0249767 -0.13845 -135.141 -0.0207983 0.999286 0.0315452 -11.1607 0.139139 -0.0283519 0.989867 158.162
0.993226 0.0246227 -0.113557 -135.296 -0.0211569 0.999276 0.0316259 -11.1422 0.114253 -0.0290092 0.993028 159.304
0.995388 0.0247948 -0.0926675 -135.397 -0.0221333 0.999316 0.0296399 -11.12 0.093339 -0.0274521 0.995256 160.448
0.997099 0.0235925 -0.0723668 -135.496 -0.0213804 0.999285 0.0311908 -11.1014 0.0730509 -0.0295531 0.99689 161.621
0.998369 0.0237913 -0.0518957 -135.563 -0.022104 0.999216 0.0328486 -11.0794 0.0526365 -0.0316479 0.998112 162.802
0.999199 0.0242218 -0.0318639 -135.595 -0.0231452 0.999163 0.0337311 -11.065 0.0326542 -0.0329665 0.998923 164.014
0.999613 0.0253166 -0.011521 -135.629 -0.0249137 0.999116 0.0338696 -11.036 0.0123683 -0.0335695 0.99936 165.22
0.999619 0.0258679 0.00966613 -135.622 -0.0261855 0.999068 0.0343248 -11.0168 -0.00876921 -0.0345649 0.999364 166.437
0.999059 0.0275537 0.033505 -135.608 -0.0289336 0.998723 0.0414239 -10.9892 -0.0323208 -0.0423543 0.99858 167.653
0.998133 0.0289426 0.053783 -135.558 -0.0309843 0.998815 0.0375244 -10.9591 -0.0526333 -0.0391208 0.997847 168.901
0.996915 0.0289652 0.0729429 -135.466 -0.031598 0.998881 0.0352025 -10.9334 -0.0718416 -0.0373988 0.996715 170.134
0.995313 0.0308978 0.0916367 -135.354 -0.0340022 0.998893 0.0325105 -10.906 -0.0905308 -0.035474 0.995262 171.411
0.993422 0.0312115 0.110176 -135.217 -0.0347561 0.998933 0.0303988 -10.8829 -0.10911 -0.0340281 0.993447 172.686
0.989753 0.0309513 0.139394 -135.067 -0.0351684 0.998992 0.0278916 -10.8645 -0.13839 -0.032508 0.989844 173.972
0.986984 0.0322371 0.157551 -134.885 -0.0361536 0.999103 0.0220555 -10.845 -0.156699 -0.0274645 0.987264 175.262
0.984031 0.0337266 0.174774 -134.664 -0.0369915 0.999196 0.0154562 -10.8507 -0.174112 -0.0216746 0.984487 176.548
0.980823 0.0362396 0.191504 -134.409 -0.0388741 0.999194 0.0100165 -10.8451 -0.190986 -0.0172689 0.981441 177.857
0.977128 0.038427 0.209151 -134.147 -0.0405837 0.999158 0.00602822 -10.863 -0.208743 -0.0143785 0.977865 179.173
0.97289 0.0400205 0.227778 -133.869 -0.0423876 0.999086 0.00550795 -10.8721 -0.22735 -0.0150136 0.973697 180.476
0.968782 0.0395321 0.244743 -133.539 -0.0418854 0.999113 0.00441612 -10.88 -0.244351 -0.0145294 0.969578 181.822
0.964427 0.0384879 0.261534 -133.194 -0.0409065 0.999156 0.00380796 -10.894 -0.261167 -0.014371 0.965187 183.15
0.964465 0.0414872 0.260931 -132.848 -0.0400964 0.999139 -0.0106536 -10.922 -0.261149 -0.000187353 0.965299 184.466
0.959821 0.0419849 0.277454 -132.437 -0.0403264 0.999118 -0.0116839 -10.9555 -0.2777 2.56955e-05 0.960668 185.825
0.95464 0.0443145 0.294446 -132.048 -0.0425294 0.999017 -0.0124664 -10.9813 -0.29471 -0.00062168 0.955587 187.179
0.948891 0.0463293 0.312184 -131.643 -0.0444906 0.998925 -0.0130141 -11.0244 -0.312452 -0.00154032 0.949932 188.509
0.942937 0.0499651 0.329201 -131.194 -0.0472037 0.998751 -0.0163808 -11.0578 -0.329608 -9.34773e-05 0.944118 189.842
0.936742 0.0507174 0.346326 -130.717 -0.0465615 0.998709 -0.0203156 -11.1079 -0.346909 0.00290501 0.937894 191.182
0.931944 0.0502636 0.359101 -130.23 -0.046296 0.998735 -0.0196456 -11.1556 -0.359634 0.00168365 0.933092 192.518
0.925057 0.0508847 0.376406 -129.694 -0.044391 0.998678 -0.0259116 -11.2099 -0.377227 0.00726068 0.926093 193.858
0.916954 0.0540252 0.395318 -129.145 -0.0449928 0.998472 -0.0320912 -11.2781 -0.396448 0.0116397 0.917984 195.18
0.913504 0.0559723 0.402961 -128.57 -0.0472872 0.998385 -0.0314793 -11.3377 -0.404073 0.00970155 0.914675 196.516
0.902583 0.059265 0.426417 -127.955 -0.049176 0.998189 -0.0346426 -11.4032 -0.427698 0.0102983 0.903863 197.862
0.889543 0.0638207 0.452373 -127.341 -0.0524407 0.997913 -0.0376666 -11.4821 -0.453833 0.00978332 0.891033 199.188
0.87616 0.0680813 0.477189 -126.643 -0.0550475 0.997631 -0.0412617 -11.5641 -0.478867 0.00988382 0.877832 200.51
0.86072 0.0700432 0.504238 -125.951 -0.0567348 0.997517 -0.0417196 -11.6492 -0.505908 0.00730108 0.862557 201.81
0.846448 0.0723277 0.527536 -125.186 -0.056837 0.997344 -0.0455438 -11.7357 -0.529429 0.00856685 0.848311 203.074
0.831605 0.0735911 0.55047 -124.396 -0.0564073 0.997248 -0.0481042 -11.8262 -0.552495 0.00895318 0.833468 204.333
0.815476 0.0756083 0.573832 -123.566 -0.0548907 0.997065 -0.0533682 -11.9277 -0.576183 0.0120225 0.817233 205.548
0.806761 0.0752523 0.586066 -122.717 -0.0541973 0.9971 -0.0534237 -12.034 -0.588387 0.011337 0.8085 206.767
0.791607 0.0776881 0.606072 -121.806 -0.0527587 0.99687 -0.0588722 -12.1461 -0.608749 0.0146281 0.793228 207.952
0.776775 0.0791763 0.624781 -120.884 -0.0513689 0.996726 -0.0624458 -12.2595 -0.62768 0.016412 0.778299 209.127
0.76106 0.0798695 0.643745 -119.902 -0.0499402 0.99666 -0.0646144 -12.3841 -0.646756 0.0170267 0.762507 210.296
0.746307 0.080328 0.660737 -118.927 -0.0483779 0.996612 -0.0665182 -12.5051 -0.663841 0.017678 0.747665 211.452
0.731619 0.0811561 0.676865 -117.92 -0.0461208 0.996506 -0.0696294 -12.63 -0.680152 0.0197246 0.732806 212.563
0.717287 0.0823493 0.691895 -116.889 -0.0436509 0.996352 -0.073333 -12.761 -0.695409 0.0223989 0.718265 213.665
0.70323 0.0844333 0.705931 -115.826 -0.0413133 0.996098 -0.0779837 -12.9038 -0.709761 0.0256761 0.703975 214.745
0.68846 0.0866323 0.720082 -114.75 -0.0402763 0.995875 -0.0813052 -13.0407 -0.724155 0.0269732 0.68911 215.808
0.686179 0.0905304 0.721777 -113.66 -0.0406772 0.995448 -0.0861852 -13.1892 -0.726294 0.0297786 0.686739 216.848
0.66998 0.0910443 0.736776 -112.508 -0.0410931 0.995478 -0.0856449 -13.3456 -0.741241 0.0271039 0.670691 217.909
0.653791 0.091995 0.751062 -111.396 -0.0428739 0.995491 -0.084613 -13.5026 -0.755459 0.0231183 0.654787 218.922
0.636688 0.0932431 0.765464 -110.256 -0.045437 0.995474 -0.0834682 -13.6549 -0.769782 0.0183628 0.638043 219.905
0.619552 0.0948096 0.779209 -109.111 -0.0475104 0.995388 -0.0833373 -13.8145 -0.783516 0.0146114 0.6212 220.859
0.602717 0.0980104 0.791913 -107.941 -0.048965 0.995101 -0.085891 -13.9721 -0.796451 0.0129919 0.604563 221.78
0.585417 0.101369 0.80437 -106.768 -0.050851 0.99479 -0.0883571 -14.1365 -0.809136 0.0108228 0.587522 222.662
0.566837 0.101697 0.817529 -105.6 -0.0512242 0.994782 -0.0882296 -14.2979 -0.822236 0.00813455 0.569089 223.493
0.545982 0.100796 0.831712 -104.421 -0.051395 0.994896 -0.0868341 -14.4536 -0.836219 0.00466395 0.548375 224.315
0.525409 0.0992306 0.845044 -103.22 -0.051508 0.995064 -0.0848217 -14.6095 -0.84929 0.00103952 0.527926 225.096
0.504394 0.0982083 0.85787 -102.008 -0.0525244 0.995161 -0.0830429 -14.7665 -0.861874 -0.00317268 0.507112 225.827
0.483533 0.0971078 0.869923 -100.81 -0.0513737 0.995262 -0.082544 -14.9149 -0.873817 -0.00477843 0.486231 226.529
0.462492 0.0968607 0.881317 -99.5846 -0.0510253 0.995275 -0.0826085 -15.0695 -0.885154 -0.0067637 0.465249 227.2
0.442522 0.0960475 0.891599 -98.3602 -0.0483179 0.995357 -0.0832436 -15.2135 -0.895455 -0.00624314 0.445108 227.829
0.422805 0.0961989 0.9011 -97.1287 -0.0457055 0.995348 -0.0848151 -15.3628 -0.905067 -0.00532496 0.425235 228.413
0.40198 0.0956602 0.910638 -95.9057 -0.0429285 0.995403 -0.0856148 -15.5142 -0.914642 -0.00467692 0.404239 228.973
0.38123 0.0939916 0.91969 -94.6677 -0.0409351 0.995559 -0.0847769 -15.6597 -0.923574 -0.00532811 0.383384 229.509
0.361219 0.093859 0.927745 -93.4335 -0.0393068 0.99557 -0.0854166 -15.808 -0.931652 -0.00561264 0.363308 230.011
0.341235 0.0984497 0.934808 -92.223 -0.0394185 0.995124 -0.0904128 -15.9541 -0.939151 -0.00599679 0.343451 230.478
0.321899 0.107205 0.940685 -91.0105 -0.0407147 0.994217 -0.0993738 -16.1111 -0.945898 -0.0063114 0.324402 230.91
0.302222 0.115609 0.946201 -89.811 -0.0441354 0.993251 -0.107261 -16.2684 -0.952215 -0.00934432 0.305284 231.317
0.283024 0.11946 0.951644 -88.6095 -0.0456323 0.992767 -0.111051 -16.438 -0.958027 -0.0119956 0.286428 231.699
0.26352 0.120509 0.957097 -87.4203 -0.0476774 0.992581 -0.11185 -16.6079 -0.963475 -0.0161571 0.267311 232.051
0.244125 0.121001 0.962165 -86.2233 -0.0504796 0.992425 -0.111998 -16.7748 -0.968429 -0.0212282 0.248384 232.378
0.22404 0.121521 0.966974 -85.0213 -0.0526214 0.992257 -0.112506 -16.9383 -0.973158 -0.0256777 0.2287 232.684
0.205454 0.120261 0.97125 -83.8187 -0.0524733 0.992347 -0.111774 -17.1039 -0.977259 -0.0280003 0.210192 232.964
0.187168 0.120325 0.974931 -82.633 -0.0522244 0.992285 -0.112441 -17.2622 -0.980939 -0.0298698 0.192007 233.213
0.169125 0.120689 0.978177 -81.448 -0.0506028 0.992229 -0.113674 -17.4283 -0.984295 -0.0302735 0.173917 233.429
0.149985 0.124277 0.980846 -80.2834 -0.054103 0.991614 -0.117369 -17.5841 -0.987207 -0.0354632 0.155451 233.629
0.130974 0.125633 0.983393 -79.1199 -0.0543966 0.991354 -0.119406 -17.7562 -0.989892 -0.0378542 0.136676 233.814
0.114111 0.123213 0.985798 -77.9533 -0.0540768 0.991579 -0.117676 -17.9169 -0.991995 -0.0398806 0.119813 233.972
0.0994511 0.119278 0.987867 -76.7798 -0.0513964 0.99208 -0.114613 -18.0798 -0.993714 -0.0393744 0.104794 234.096
0.0851561 0.115171 0.989689 -75.6457 -0.0509355 0.992501 -0.111115 -18.2345 -0.995065 -0.0409482 0.0903838 234.21
0.0722768 0.112143 0.99106 -74.5079 -0.0490222 0.992857 -0.108772 -18.3857 -0.996179 -0.0407223 0.0772581 234.312
0.0622021 0.111907 0.99177 -73.3957 -0.0480836 0.992876 -0.109016 -18.5348 -0.996905 -0.0409068 0.0671399 234.396
0.0546113 0.114114 0.991965 -72.2833 -0.048009 0.992599 -0.111544 -18.6865 -0.997353 -0.0415317 0.0596857 234.468
0.0476806 0.115702 0.992139 -71.1923 -0.0492626 0.992332 -0.113357 -18.8344 -0.997647 -0.0434704 0.0530148 234.542
0.042086 0.120263 0.99185 -70.1187 -0.0493956 0.991766 -0.118156 -18.9773 -0.997892 -0.0440203 0.0476799 234.603
0.0365705 0.128031 0.991096 -69.0601 -0.0498633 0.990758 -0.126147 -19.145 -0.998086 -0.0448061 0.0426166 234.653
0.0310548 0.129792 0.991055 -68.0004 -0.0518577 0.990407 -0.128082 -19.3028 -0.998172 -0.0474162 0.0374876 234.71
0.0284035 0.122395 0.992075 -66.9478 -0.0511642 0.991352 -0.120841 -19.4499 -0.998286 -0.0473264 0.0344201 234.745
0.0255052 0.112892 0.99328 -65.8919 -0.0491304 0.992544 -0.111547 -19.5935 -0.998467 -0.0459552 0.0308615 234.786
0.024186 0.11008 0.993628 -64.8528 -0.0476725 0.992915 -0.108841 -19.7223 -0.99857 -0.0447364 0.0292625 234.824
0.0243208 0.111435 0.993474 -63.8302 -0.0482101 0.992743 -0.110173 -19.8572 -0.998541 -0.045216 0.0295165 234.866
0.0251518 0.1145 0.993105 -62.8192 -0.048129 0.992406 -0.1132 -19.9911 -0.998524 -0.0449499 0.0304715 234.895
0.0269753 0.116604 0.992812 -61.8103 -0.0505563 0.992062 -0.115142 -20.1311 -0.998357 -0.0470869 0.0326562 234.94
0.0284222 0.117588 0.992656 -60.8054 -0.0519298 0.99189 -0.11601 -20.2639 -0.998246 -0.0482512 0.034298 234.995
0.0318342 0.119023 0.992381 -59.814 -0.0536992 0.991654 -0.117214 -20.3986 -0.99805 -0.0495587 0.03796 235.041
0.0350828 0.12013 0.992138 -58.8255 -0.0558726 0.991432 -0.118069 -20.5328 -0.997821 -0.0512911 0.0414942 235.094
0.0401875 0.12134 0.991797 -57.8261 -0.0578177 0.991218 -0.118927 -20.6667 -0.997518 -0.052564 0.0468502 235.153
0.0462715 0.120482 0.991636 -56.8562 -0.0593038 0.99128 -0.117672 -20.8002 -0.997167 -0.0533629 0.0530131 235.209
0.0541174 0.118887 0.991432 -55.8761 -0.05768 0.991601 -0.115759 -20.9329 -0.996867 -0.0509212 0.0605203 235.276
0.0619483 0.11818 0.991058 -54.909 -0.0557016 0.991827 -0.11479 -21.071 -0.996524 -0.0480925 0.0680248 235.342
0.069063 0.11883 0.99051 -53.9529 -0.0560744 0.991773 -0.115072 -21.2048 -0.996035 -0.047595 0.0751582 235.422
0.0763715 0.118654 0.989994 -52.9812 -0.0564867 0.991814 -0.114515 -21.3405 -0.995478 -0.0471758 0.0824488 235.509
0.0824887 0.117726 0.989614 -52.0208 -0.0577651 0.991894 -0.113182 -21.4649 -0.994917 -0.0478289 0.0886204 235.605
0.0873803 0.115837 0.989417 -51.0531 -0.0584345 0.992102 -0.110991 -21.5894 -0.99446 -0.0481176 0.093459 235.716
0.0953948 0.114213 0.988866 -50.096 -0.0587949 0.992308 -0.108939 -21.7178 -0.993702 -0.047748 0.101376 235.821
0.102091 0.114684 0.988142 -49.1522 -0.059492 0.992258 -0.109015 -21.8443 -0.992995 -0.0476571 0.108124 235.929
0.10857 0.11652 0.987236 -48.2239 -0.059075 0.992108 -0.110598 -21.9647 -0.992332 -0.0463133 0.114597 236.051
0.114837 0.118098 0.986339 -47.2697 -0.0595768 0.99194 -0.111832 -22.085 -0.991596 -0.0459206 0.120947 236.179
0.122456 0.119564 0.985246 -46.3007 -0.0603672 0.991776 -0.112853 -22.2176 -0.990636 -0.0456569 0.128667 236.311
0.127996 0.120638 0.98441 -45.3764 -0.0631477 0.991552 -0.113303 -22.3317 -0.989762 -0.0476609 0.134533 236.457
0.135133 0.120182 0.983512 -44.4398 -0.0641447 0.991595 -0.112356 -22.4583 -0.988749 -0.047904 0.141706 236.601
0.141639 0.11808 0.982851 -43.492 -0.0651547 0.991819 -0.109768 -22.5767 -0.987772 -0.0484899 0.148174 236.757
0.148226 0.116346 0.982086 -42.5758 -0.0651652 0.992046 -0.107691 -22.6933 -0.986804 -0.0480352 0.154628 236.915
0.154468 0.115468 0.981227 -41.6437 -0.0652857 0.992169 -0.106479 -22.8143 -0.985838 -0.0476126 0.160797 237.075
0.162059 0.116578 0.979871 -40.7439 -0.0646736 0.992117 -0.107339 -22.9207 -0.984659 -0.0459765 0.168321 237.235
0.169152 0.117107 0.978608 -39.8193 -0.0635994 0.992143 -0.107734 -23.0414 -0.983536 -0.0440154 0.175271 237.403
0.178448 0.118292 0.976813 -38.9137 -0.0624735 0.992106 -0.108731 -23.1664 -0.981964 -0.0416221 0.184429 237.569
0.187173 0.12035 0.974927 -38.0116 -0.0627394 0.991905 -0.110401 -23.2841 -0.980321 -0.0405023 0.193209 237.763
0.196477 0.121535 0.972947 -37.0971 -0.0632194 0.991794 -0.111123 -23.3996 -0.978468 -0.039676 0.202548 237.967
0.203948 0.120481 0.97154 -36.2025 -0.0648352 0.991882 -0.109393 -23.5186 -0.976833 -0.0406795 0.210103 238.17
