1.000000e+00 -1.734723e-18 -6.776264e-21 0.000000e+00 0.000000e+00 1.000000e+00 8.673617e-19 0.000000e+00 -2.168404e-19 -8.673617e-19 1.000000e+00 0.000000e+00
9.999837e-01 -1.281035e-03 5.571905e-03 1.818704e-02 1.273626e-03 9.999983e-01 1.333054e-03 -2.112153e-03 -5.573604e-03 -1.325935e-03 9.999836e-01 1.676217e-01
9.998716e-01 -4.832161e-03 1.528080e-02 2.841212e-02 4.815016e-03 9.999877e-01 1.158622e-03 -1.130718e-02 -1.528621e-02 -1.084896e-03 9.998826e-01 5.342471e-01
9.998158e-01 -7.231723e-03 1.777947e-02 3.179654e-02 7.232137e-03 9.999738e-01 4.104456e-05 -1.638671e-02 -1.777930e-02 8.754658e-05 9.998419e-01 8.560093e-01
9.998235e-01 -8.997308e-03 1.649388e-02 3.720663e-02 9.016881e-03 9.999587e-01 -1.112697e-03 -2.384577e-02 -1.648319e-02 1.261224e-03 9.998633e-01 1.177034e+00
9.998980e-01 -1.075933e-02 9.397391e-03 4.080728e-02 1.078093e-02 9.999394e-01 -2.250619e-03 -2.592497e-02 -9.372607e-03 2.351702e-03 9.999533e-01 1.495075e+00
9.999192e-01 -1.253210e-02 -2.143813e-03 4.439781e-02 1.252262e-02 9.999120e-01 -4.377111e-03 -3.706905e-02 2.198479e-03 4.349911e-03 9.999881e-01 1.809719e+00
9.997802e-01 -1.161102e-02 -1.745426e-02 2.610742e-02 1.154279e-02 9.999254e-01 -4.005056e-03 -4.492958e-02 1.749946e-02 3.802705e-03 9.998396e-01 2.147189e+00
9.993098e-01 -8.575832e-03 -3.614357e-02 -1.903848e-02 8.430954e-03 9.999558e-01 -4.158933e-03 -5.012858e-02 3.617764e-02 3.851338e-03 9.993380e-01 2.492233e+00
9.984138e-01 -5.346367e-03 -5.604751e-02 -5.631364e-02 5.028982e-03 9.999705e-01 -5.802295e-03 -5.745399e-02 5.607689e-02 5.511229e-03 9.984112e-01 2.852576e+00
9.970882e-01 -3.956312e-03 -7.615395e-02 -9.844245e-02 3.510602e-03 9.999759e-01 -5.985722e-03 -6.045959e-02 7.617580e-02 5.700946e-03 9.970781e-01 3.193662e+00
9.952694e-01 -4.395401e-03 -9.705415e-02 -1.448608e-01 3.894940e-03 9.999781e-01 -5.345380e-03 -7.052828e-02 9.707553e-02 4.942073e-03 9.952647e-01 3.570775e+00
9.931078e-01 -5.843216e-03 -1.170584e-01 -2.049238e-01 5.351729e-03 9.999755e-01 -4.512528e-03 -8.125966e-02 1.170819e-01 3.854963e-03 9.931148e-01 3.948873e+00
9.909505e-01 -5.002049e-03 -1.341347e-01 -2.936804e-01 4.529265e-03 9.999824e-01 -3.829610e-03 -8.774585e-02 1.341515e-01 3.187423e-03 9.909557e-01 4.357096e+00
9.885653e-01 -3.908810e-03 -1.507428e-01 -3.678521e-01 3.438551e-03 9.999884e-01 -3.380141e-03 -9.407652e-02 1.507543e-01 2.823153e-03 9.885672e-01 4.755760e+00
9.864406e-01 -3.474670e-03 -1.640817e-01 -4.538279e-01 2.938077e-03 9.999895e-01 -3.512855e-03 -1.020097e-01 1.640922e-01 2.983138e-03 9.864405e-01 5.174907e+00
9.844587e-01 -4.221653e-03 -1.755654e-01 -5.263223e-01 3.484743e-03 9.999838e-01 -4.505441e-03 -1.109624e-01 1.755816e-01 3.823621e-03 9.844575e-01 5.596941e+00
9.826688e-01 -7.370341e-03 -1.852237e-01 -6.201703e-01 6.401534e-03 9.999625e-01 -5.827967e-03 -1.227913e-01 1.852597e-01 4.541246e-03 9.826791e-01 6.047495e+00
9.811273e-01 -7.006563e-03 -1.932361e-01 -7.154908e-01 5.559972e-03 9.999523e-01 -8.027426e-03 -1.346337e-01 1.932832e-01 6.801539e-03 9.811194e-01 6.514956e+00
9.795165e-01 -6.597136e-03 -2.012559e-01 -8.280727e-01 4.764834e-03 9.999427e-01 -9.587416e-03 -1.376313e-01 2.013077e-01 8.432081e-03 9.794918e-01 6.975578e+00
9.780511e-01 -7.090416e-03 -2.082445e-01 -9.359629e-01 4.583749e-03 9.999112e-01 -1.251724e-02 -1.489017e-01 2.083147e-01 1.128796e-02 9.779967e-01 7.464880e+00
9.760251e-01 -1.114562e-02 -2.173722e-01 -1.055162e+00 8.261125e-03 9.998654e-01 -1.417411e-02 -1.599986e-01 2.175010e-01 1.203855e-02 9.759859e-01 7.957795e+00
9.743763e-01 -1.716658e-02 -2.242680e-01 -1.163468e+00 1.410418e-02 9.997842e-01 -1.525006e-02 -1.780154e-01 2.244815e-01 1.169618e-02 9.744082e-01 8.467514e+00
9.724320e-01 -1.733831e-02 -2.325410e-01 -1.290644e+00 1.374507e-02 9.997599e-01 -1.706367e-02 -1.987275e-01 2.327811e-01 1.339697e-02 9.724369e-01 9.003227e+00
9.702331e-01 -1.472034e-02 -2.417253e-01 -1.446298e+00 9.615762e-03 9.997054e-01 -2.228344e-02 -2.145436e-01 2.419821e-01 1.929576e-02 9.700888e-01 9.534620e+00
9.682206e-01 -1.168479e-02 -2.498245e-01 -1.605200e+00 5.662172e-03 9.996761e-01 -2.481252e-02 -2.286377e-01 2.500335e-01 2.260945e-02 9.679732e-01 1.008350e+01
9.659468e-01 -1.316128e-02 -2.584057e-01 -1.756195e+00 6.547349e-03 9.996290e-01 -2.643907e-02 -2.486019e-01 2.586579e-01 2.384686e-02 9.656746e-01 1.063120e+01
9.635025e-01 -1.585734e-02 -2.672293e-01 -1.923010e+00 8.506589e-03 9.995535e-01 -2.864261e-02 -2.756220e-01 2.675642e-01 2.532402e-02 9.632072e-01 1.121087e+01
9.616100e-01 -1.576239e-02 -2.739669e-01 -2.101959e+00 7.615151e-03 9.994973e-01 -3.077620e-02 -3.078352e-01 2.743143e-01 2.750840e-02 9.612466e-01 1.180019e+01
9.590796e-01 -1.466508e-02 -2.827565e-01 -2.286130e+00 5.104856e-03 9.993910e-01 -3.451799e-02 -3.277403e-01 2.830905e-01 3.166207e-02 9.585704e-01 1.236278e+01
9.567828e-01 -1.586218e-02 -2.903707e-01 -2.469460e+00 4.738139e-03 9.992290e-01 -3.897287e-02 -3.550060e-01 2.907650e-01 3.591276e-02 9.561203e-01 1.295570e+01
9.553487e-01 -1.693457e-02 -2.949952e-01 -2.675210e+00 3.200111e-03 9.988908e-01 -4.697895e-02 -3.966436e-01 2.954635e-01 4.393726e-02 9.543431e-01 1.356217e+01
9.537244e-01 -1.745804e-02 -3.001750e-01 -2.873046e+00 1.011655e-03 9.984937e-01 -5.485767e-02 -4.270992e-01 3.006806e-01 5.201542e-02 9.523054e-01 1.417859e+01
9.529172e-01 -1.766269e-02 -3.027158e-01 -3.089559e+00 -1.468350e-03 9.980216e-01 -6.285421e-02 -4.706640e-01 3.032271e-01 6.033935e-02 9.510060e-01 1.481285e+01
9.509794e-01 -1.747899e-02 -3.087597e-01 -3.308044e+00 -5.069822e-03 9.973862e-01 -7.207741e-02 -5.116378e-01 3.092125e-01 7.010949e-02 9.484051e-01 1.543809e+01
9.497709e-01 -1.724756e-02 -3.124704e-01 -3.544069e+00 -7.883934e-03 9.968445e-01 -7.898689e-02 -5.740587e-01 3.128467e-01 7.748295e-02 9.466379e-01 1.608084e+01
9.481725e-01 -1.487302e-02 -3.174077e-01 -3.778234e+00 -1.308836e-02 9.962282e-01 -8.577910e-02 -6.326481e-01 3.174863e-01 8.548773e-02 9.444016e-01 1.674205e+01
9.466122e-01 -1.306409e-02 -3.221096e-01 -4.019775e+00 -1.733094e-02 9.956713e-01 -9.131431e-02 -7.016035e-01 3.219083e-01 9.202171e-02 9.422882e-01 1.740656e+01
9.453034e-01 -1.159110e-02 -3.259864e-01 -4.259699e+00 -2.115190e-02 9.950869e-01 -9.671912e-02 -7.761738e-01 3.255059e-01 9.832415e-02 9.404139e-01 1.809043e+01
9.431829e-01 -9.726416e-03 -3.321316e-01 -4.519282e+00 -2.475202e-02 9.947375e-01 -9.942117e-02 -8.520447e-01 3.313508e-01 1.019933e-01 9.379787e-01 1.876791e+01
9.414701e-01 -7.869856e-03 -3.370047e-01 -4.782928e+00 -2.786306e-02 9.944898e-01 -1.010631e-01 -9.287769e-01 3.359431e-01 1.045378e-01 9.360631e-01 1.947847e+01
9.391018e-01 -6.909737e-03 -3.435696e-01 -5.062525e+00 -2.935839e-02 9.945292e-01 -1.002488e-01 -1.014162e+00 3.423827e-01 1.042305e-01 9.337613e-01 2.019186e+01
9.372107e-01 -7.486421e-03 -3.486832e-01 -5.328297e+00 -2.871638e-02 9.947184e-01 -9.854269e-02 -1.102500e+00 3.475793e-01 1.023682e-01 9.320458e-01 2.091930e+01
9.341507e-01 -7.740572e-03 -3.567948e-01 -5.613725e+00 -2.857141e-02 9.949335e-01 -9.638974e-02 -1.183817e+00 3.557332e-01 1.002367e-01 9.291967e-01 2.164235e+01
9.322751e-01 -7.166295e-03 -3.616791e-01 -5.893183e+00 -2.867675e-02 9.951933e-01 -9.363677e-02 -1.271068e+00 3.606117e-01 9.766701e-02 9.275885e-01 2.236216e+01
9.281793e-01 -4.811704e-03 -3.721022e-01 -6.214915e+00 -3.045615e-02 9.955798e-01 -8.884441e-02 -1.351142e+00 3.708850e-01 9.379634e-02 9.239300e-01 2.309645e+01
9.246908e-01 -2.381602e-03 -3.807115e-01 -6.527138e+00 -3.158582e-02 9.960532e-01 -8.294815e-02 -1.427395e+00 3.794065e-01 8.872647e-02 9.209660e-01 2.389006e+01
9.215711e-01 8.071882e-04 -3.882088e-01 -6.872514e+00 -3.422216e-02 9.962736e-01 -7.916866e-02 -1.508117e+00 3.866983e-01 8.624489e-02 9.181646e-01 2.460268e+01
9.178350e-01 1.706208e-03 -3.969583e-01 -7.218269e+00 -3.515898e-02 9.964102e-01 -7.701075e-02 -1.578475e+00 3.954020e-01 8.463982e-02 9.146001e-01 2.536521e+01
9.135233e-01 2.985040e-03 -4.067754e-01 -7.559978e+00 -3.725322e-02 9.963849e-01 -7.635034e-02 -1.653802e+00 4.050770e-01 8.490151e-02 9.103320e-01 2.610999e+01
9.096778e-01 3.239415e-03 -4.153020e-01 -7.925057e+00 -3.787166e-02 9.964504e-01 -7.518166e-02 -1.725393e+00 4.135844e-01 8.411926e-02 9.065715e-01 2.687703e+01
9.054111e-01 3.458682e-03 -4.245217e-01 -8.289459e+00 -3.820693e-02 9.965728e-01 -7.336763e-02 -1.797513e+00 4.228131e-01 8.264754e-02 9.024403e-01 2.765193e+01
9.019058e-01 3.851191e-03 -4.319156e-01 -8.666197e+00 -3.829198e-02 9.967359e-01 -7.107207e-02 -1.865853e+00 4.302321e-01 8.063922e-02 8.991094e-01 2.844364e+01
8.983568e-01 4.105957e-03 -4.392473e-01 -9.058914e+00 -3.719781e-02 9.970756e-01 -6.675729e-02 -1.937270e+00 4.376887e-01 7.631091e-02 8.958824e-01 2.923238e+01
8.944017e-01 5.781626e-03 -4.472271e-01 -9.469799e+00 -3.713802e-02 9.974235e-01 -6.137726e-02 -2.000766e+00 4.457200e-01 7.150506e-02 8.923120e-01 3.001781e+01
8.907947e-01 5.249170e-03 -4.543757e-01 -9.894008e+00 -3.511152e-02 9.977389e-01 -5.730906e-02 -2.065706e+00 4.530476e-01 6.700443e-02 8.889648e-01 3.083979e+01
8.868800e-01 4.561979e-03 -4.619774e-01 -1.033549e+01 -3.396361e-02 9.978893e-01 -5.534750e-02 -2.130020e+00 4.607498e-01 6.477701e-02 8.851630e-01 3.164979e+01
8.837186e-01 5.220396e-03 -4.679895e-01 -1.077820e+01 -3.429299e-02 9.979722e-01 -5.362415e-02 -2.190372e+00 4.667606e-01 6.343742e-02 8.821056e-01 3.247631e+01
8.807558e-01 5.581944e-03 -4.735379e-01 -1.122950e+01 -3.411418e-02 9.980806e-01 -5.168548e-02 -2.249252e+00 4.723405e-01 6.167664e-02 8.792556e-01 3.328980e+01
8.777780e-01 4.507797e-03 -4.790463e-01 -1.168461e+01 -3.265283e-02 9.981933e-01 -5.043830e-02 -2.307406e+00 4.779535e-01 5.991584e-02 8.763393e-01 3.411535e+01
8.752787e-01 3.072212e-03 -4.836091e-01 -1.216013e+01 -3.135551e-02 9.982364e-01 -5.040852e-02 -2.364700e+00 4.826013e-01 5.928532e-02 8.738314e-01 3.495880e+01
8.735880e-01 2.787435e-03 -4.866582e-01 -1.264895e+01 -3.151700e-02 9.982085e-01 -5.085793e-02 -2.426799e+00 4.856447e-01 5.976689e-02 8.721108e-01 3.580941e+01
8.718469e-01 1.460986e-03 -4.897763e-01 -1.315012e+01 -3.043913e-02 9.982241e-01 -5.120679e-02 -2.483609e+00 4.888317e-01 5.955285e-02 8.703431e-01 3.666709e+01
8.712101e-01 2.755137e-03 -4.909025e-01 -1.365335e+01 -3.136772e-02 9.982532e-01 -5.006604e-02 -2.546521e+00 4.899071e-01 5.901653e-02 8.697747e-01 3.754224e+01
8.707387e-01 3.561664e-03 -4.917332e-01 -1.414269e+01 -3.131525e-02 9.983457e-01 -4.822052e-02 -2.606432e+00 4.907480e-01 5.738621e-02 8.694097e-01 3.841912e+01
8.710504e-01 1.794632e-03 -4.911903e-01 -1.464923e+01 -2.896673e-02 9.984406e-01 -4.772009e-02 -2.664101e+00 4.903387e-01 5.579478e-02 8.697441e-01 3.932378e+01
8.705562e-01 8.755929e-05 -4.920690e-01 -1.517042e+01 -2.756968e-02 9.984379e-01 -4.859793e-02 -2.721409e+00 4.912961e-01 5.587342e-02 8.691987e-01 4.020768e+01
8.691750e-01 -1.067030e-03 -4.945035e-01 -1.570128e+01 -2.679205e-02 9.984273e-01 -4.924602e-02 -2.782946e+00 4.937784e-01 5.605217e-02 8.677794e-01 4.111307e+01
8.678281e-01 -2.687216e-03 -4.968573e-01 -1.624822e+01 -2.388148e-02 9.986040e-01 -4.711309e-02 -2.842544e+00 4.962904e-01 5.275175e-02 8.665524e-01 4.204693e+01
8.660832e-01 -1.739680e-03 -4.998969e-01 -1.678177e+01 -2.289109e-02 9.988070e-01 -4.313527e-02 -2.905719e+00 4.993756e-01 4.880191e-02 8.650101e-01 4.296629e+01
8.634857e-01 -8.401534e-04 -5.043725e-01 -1.731617e+01 -2.198936e-02 9.989851e-01 -3.930983e-02 -2.965180e+00 5.038937e-01 4.503430e-02 8.625909e-01 4.389560e+01
8.598160e-01 -2.253347e-03 -5.105991e-01 -1.787084e+01 -1.933012e-02 9.991298e-01 -3.695997e-02 -3.031537e+00 5.102381e-01 4.164871e-02 8.590242e-01 4.480312e+01
8.540066e-01 -6.179336e-03 -5.202255e-01 -1.842164e+01 -1.623695e-02 9.991258e-01 -3.852253e-02 -3.086182e+00 5.200088e-01 4.134537e-02 8.531597e-01 4.568322e+01
8.486188e-01 -8.173118e-03 -5.289416e-01 -1.899163e+01 -1.652661e-02 9.989830e-01 -4.195094e-02 -3.148615e+00 5.287466e-01 4.434197e-02 8.476207e-01 4.659082e+01
8.417824e-01 -8.452199e-03 -5.397508e-01 -1.956301e+01 -1.671201e-02 9.989901e-01 -4.170727e-02 -3.210062e+00 5.395583e-01 4.412877e-02 8.407910e-01 4.747762e+01
8.354709e-01 -6.620493e-03 -5.494948e-01 -2.016591e+01 -1.647131e-02 9.991765e-01 -3.708196e-02 -3.261085e+00 5.492878e-01 4.003180e-02 8.346738e-01 4.839188e+01
8.312960e-01 -3.400788e-03 -5.558196e-01 -2.077235e+01 -1.790074e-02 9.992988e-01 -3.288696e-02 -3.319531e+00 5.555417e-01 3.728837e-02 8.306522e-01 4.926282e+01
8.269439e-01 -3.335802e-03 -5.622745e-01 -2.138434e+01 -1.854244e-02 9.992767e-01 -3.319900e-02 -3.371891e+00 5.619786e-01 3.787965e-02 8.262840e-01 5.011955e+01
8.239263e-01 -4.246651e-03 -5.666810e-01 -2.200617e+01 -2.039699e-02 9.991018e-01 -3.714338e-02 -3.419679e+00 5.663298e-01 4.216200e-02 8.230996e-01 5.100144e+01
8.210510e-01 -6.258350e-03 -5.708205e-01 -2.262023e+01 -2.294348e-02 9.987702e-01 -4.395150e-02 -3.480957e+00 5.703937e-01 4.918304e-02 8.198976e-01 5.185081e+01
8.173376e-01 -6.498603e-03 -5.761224e-01 -2.324532e+01 -2.418721e-02 9.986679e-01 -4.557896e-02 -3.542999e+00 5.756512e-01 5.118819e-02 8.160916e-01 5.270901e+01
8.143188e-01 -4.683325e-03 -5.803990e-01 -2.387819e+01 -2.403372e-02 9.988377e-01 -4.177987e-02 -3.600419e+00 5.799201e-01 4.797128e-02 8.132598e-01 5.358916e+01
8.108247e-01 -1.913092e-03 -5.852860e-01 -2.449954e+01 -2.419428e-02 9.990304e-01 -3.678297e-02 -3.663978e+00 5.847889e-01 4.398511e-02 8.099922e-01 5.444138e+01
8.079825e-01 -1.247006e-03 -5.892052e-01 -2.514788e+01 -2.290413e-02 9.991755e-01 -3.352331e-02 -3.713220e+00 5.887612e-01 4.058148e-02 8.072877e-01 5.530434e+01
8.052085e-01 -5.003161e-04 -5.929916e-01 -2.579154e+01 -2.399375e-02 9.991532e-01 -3.342352e-02 -3.771684e+00 5.925063e-01 4.114099e-02 8.045146e-01 5.616944e+01
8.022207e-01 -1.994470e-03 -5.970242e-01 -2.641626e+01 -2.367125e-02 9.991019e-01 -3.514471e-02 -3.823985e+00 5.965582e-01 4.232613e-02 8.014530e-01 5.701431e+01
7.981093e-01 -4.556128e-03 -6.024954e-01 -2.707000e+01 -2.257224e-02 9.990433e-01 -3.745569e-02 -3.875466e+00 6.020898e-01 4.349341e-02 7.972429e-01 5.787464e+01
7.936312e-01 -4.811370e-03 -6.083801e-01 -2.775971e+01 -2.285620e-02 9.990270e-01 -3.771669e-02 -3.931695e+00 6.079697e-01 4.383840e-02 7.927491e-01 5.872715e+01
7.887758e-01 -4.196172e-03 -6.146667e-01 -2.841049e+01 -2.349191e-02 9.990403e-01 -3.696636e-02 -3.985298e+00 6.142320e-01 4.359786e-02 7.879203e-01 5.956212e+01
7.841846e-01 -5.262252e-03 -6.205052e-01 -2.909298e+01 -2.184339e-02 9.991102e-01 -3.607837e-02 -4.049038e+00 6.201430e-01 4.184604e-02 7.833719e-01 6.042023e+01
7.788444e-01 -7.204344e-03 -6.271758e-01 -2.978768e+01 -2.058156e-02 9.991020e-01 -3.703540e-02 -4.099148e+00 6.268795e-01 4.175307e-02 7.779967e-01 6.124147e+01
7.737906e-01 -8.560390e-03 -6.333835e-01 -3.047274e+01 -1.989004e-02 9.990873e-01 -3.780222e-02 -4.155673e+00 6.331291e-01 4.184903e-02 7.729141e-01 6.206451e+01
7.687599e-01 -8.670721e-03 -6.394786e-01 -3.118065e+01 -2.060877e-02 9.990529e-01 -3.832138e-02 -4.219275e+00 6.392053e-01 4.263881e-02 7.678532e-01 6.290466e+01
7.624841e-01 -1.106070e-02 -6.469124e-01 -3.189132e+01 -1.884252e-02 9.990502e-01 -3.929019e-02 -4.274305e+00 6.467326e-01 4.214760e-02 7.615514e-01 6.371344e+01
7.561216e-01 -1.210313e-02 -6.543191e-01 -3.262412e+01 -1.918826e-02 9.989891e-01 -4.065227e-02 -4.331884e+00 6.541498e-01 4.329331e-02 7.551250e-01 6.455117e+01
7.498950e-01 -1.285867e-02 -6.614318e-01 -3.335921e+01 -1.832468e-02 9.990237e-01 -4.019719e-02 -4.396690e+00 6.613030e-01 4.226420e-02 7.489273e-01 6.537212e+01
7.439992e-01 -1.261659e-02 -6.680613e-01 -3.407988e+01 -1.793442e-02 9.990844e-01 -3.884110e-02 -4.453149e+00 6.679398e-01 4.087904e-02 7.430918e-01 6.618790e+01
7.384432e-01 -1.353716e-02 -6.741798e-01 -3.484458e+01 -1.680812e-02 9.991183e-01 -3.847203e-02 -4.515928e+00 6.741062e-01 3.974111e-02 7.375645e-01 6.701478e+01
7.316878e-01 -1.453836e-02 -6.814848e-01 -3.559668e+01 -1.629359e-02 9.991138e-01 -3.880834e-02 -4.576599e+00 6.814451e-01 3.949943e-02 7.308026e-01 6.781203e+01
7.255373e-01 -1.591859e-02 -6.879987e-01 -3.637536e+01 -1.616806e-02 9.990622e-01 -4.016605e-02 -4.632721e+00 6.879929e-01 4.026558e-02 7.245995e-01 6.861173e+01
7.194841e-01 -1.552952e-02 -6.943352e-01 -3.717083e+01 -1.734643e-02 9.990363e-01 -4.031919e-02 -4.699980e+00 6.942923e-01 4.105326e-02 7.185214e-01 6.940735e+01
7.141859e-01 -1.588750e-02 -6.997757e-01 -3.796810e+01 -1.619453e-02 9.990997e-01 -3.921128e-02 -4.749868e+00 6.997687e-01 3.933668e-02 7.132857e-01 7.018898e+01
7.084383e-01 -1.548970e-02 -7.056027e-01 -3.878032e+01 -1.713737e-02 9.990868e-01 -3.913863e-02 -4.808771e+00 7.055647e-01 3.981948e-02 7.075259e-01 7.098645e+01
7.040701e-01 -1.544669e-02 -7.099624e-01 -3.959158e+01 -1.795500e-02 9.990566e-01 -3.954250e-02 -4.873153e+00 7.099035e-01 4.058807e-02 7.031285e-01 7.177943e+01
6.986676e-01 -1.772717e-02 -7.152267e-01 -4.042126e+01 -1.783451e-02 9.989508e-01 -4.218098e-02 -4.934472e+00 7.152241e-01 4.222621e-02 6.976185e-01 7.258085e+01
6.938320e-01 -1.927729e-02 -7.198788e-01 -4.125587e+01 -1.880906e-02 9.988155e-01 -4.487530e-02 -5.006000e+00 7.198913e-01 4.467616e-02 6.926475e-01 7.338299e+01
6.885110e-01 -1.993500e-02 -7.249519e-01 -4.211373e+01 -1.933471e-02 9.987623e-01 -4.582715e-02 -5.062411e+00 7.249682e-01 4.556923e-02 6.872733e-01 7.416769e+01
6.841774e-01 -1.866575e-02 -7.290767e-01 -4.295798e+01 -2.028691e-02 9.987985e-01 -4.460871e-02 -5.131340e+00 7.290334e-01 4.531099e-02 6.829767e-01 7.497019e+01
6.799629e-01 -1.957334e-02 -7.329851e-01 -4.380886e+01 -1.792355e-02 9.989013e-01 -4.330127e-02 -5.196688e+00 7.330274e-01 4.258096e-02 6.788650e-01 7.573862e+01
6.741499e-01 -2.035655e-02 -7.383139e-01 -4.468901e+01 -1.788797e-02 9.988769e-01 -4.387411e-02 -5.267203e+00 7.383779e-01 4.278466e-02 6.730286e-01 7.650813e+01
6.691774e-01 -2.090887e-02 -7.428085e-01 -4.555528e+01 -1.719599e-02 9.989007e-01 -4.360889e-02 -5.333855e+00 7.429038e-01 4.195541e-02 6.680822e-01 7.729613e+01
6.651017e-01 -2.227292e-02 -7.464205e-01 -4.644717e+01 -1.541491e-02 9.989326e-01 -4.354331e-02 -5.398407e+00 7.465937e-01 4.046673e-02 6.640484e-01 7.806880e+01
6.614302e-01 -2.247246e-02 -7.496699e-01 -4.734500e+01 -1.514446e-02 9.989470e-01 -4.330679e-02 -5.467765e+00 7.498538e-01 3.999777e-02 6.603934e-01 7.884661e+01
6.577771e-01 -2.461903e-02 -7.528102e-01 -4.823303e+01 -1.282505e-02 9.989547e-01 -4.387470e-02 -5.541262e+00 7.531035e-01 3.851460e-02 6.567738e-01 7.962454e+01
6.532419e-01 -2.972907e-02 -7.565653e-01 -4.911452e+01 -8.575450e-03 9.988743e-01 -4.665486e-02 -5.603915e+00 7.571007e-01 3.696480e-02 6.522516e-01 8.039804e+01
6.494185e-01 -3.287676e-02 -7.597201e-01 -5.002057e+01 -5.970230e-03 9.988137e-01 -4.832692e-02 -5.679028e+00 7.604078e-01 3.592010e-02 6.484519e-01 8.117339e+01
6.437101e-01 -3.660032e-02 -7.643937e-01 -5.093913e+01 -1.376709e-03 9.987986e-01 -4.898333e-02 -5.760228e+00 7.652683e-01 3.258341e-02 6.428864e-01 8.194829e+01
6.358927e-01 -3.987971e-02 -7.707464e-01 -5.184749e+01 2.832157e-03 9.987779e-01 -4.934182e-02 -5.835485e+00 7.717723e-01 2.919323e-02 6.352286e-01 8.270078e+01
6.274288e-01 -4.054266e-02 -7.776177e-01 -5.279451e+01 5.041278e-03 9.988342e-01 -4.800862e-02 -5.918248e+00 7.786576e-01 2.620181e-02 6.269018e-01 8.346636e+01
6.174583e-01 -3.941701e-02 -7.856154e-01 -5.374263e+01 5.732942e-03 9.989427e-01 -4.561453e-02 -5.990505e+00 7.865828e-01 2.366118e-02 6.170314e-01 8.420496e+01
6.087591e-01 -3.916449e-02 -7.923878e-01 -5.471850e+01 5.973663e-03 9.989787e-01 -4.478611e-02 -6.064772e+00 7.933326e-01 2.253050e-02 6.083714e-01 8.493549e+01
6.000517e-01 -3.973282e-02 -7.989739e-01 -5.568667e+01 4.158757e-03 9.989072e-01 -4.655212e-02 -6.136558e+00 7.999505e-01 2.461094e-02 5.995612e-01 8.565078e+01
5.905932e-01 -4.141057e-02 -8.059062e-01 -5.666303e+01 4.184540e-03 9.988262e-01 -4.825698e-02 -6.211551e+00 8.069586e-01 2.512790e-02 5.900733e-01 8.637024e+01
5.802809e-01 -4.343287e-02 -8.132574e-01 -5.766413e+01 5.248629e-03 9.987556e-01 -4.959456e-02 -6.280564e+00 8.143995e-01 2.451029e-02 5.797868e-01 8.706963e+01
5.719440e-01 -4.390841e-02 -8.191166e-01 -5.868038e+01 6.810680e-03 9.987861e-01 -4.878399e-02 -6.362269e+00 8.202644e-01 2.232297e-02 5.715488e-01 8.777170e+01
5.607227e-01 -4.355443e-02 -8.268573e-01 -5.970360e+01 7.905478e-03 9.988517e-01 -4.725318e-02 -6.438920e+00 8.279660e-01 1.995923e-02 5.604231e-01 8.846720e+01
5.509079e-01 -4.357736e-02 -8.334276e-01 -6.072618e+01 7.275063e-03 9.988487e-01 -4.741780e-02 -6.521119e+00 8.345344e-01 2.005960e-02 5.505906e-01 8.914807e+01
5.407073e-01 -4.455286e-02 -8.400301e-01 -6.177994e+01 7.903866e-03 9.988215e-01 -4.788718e-02 -6.595409e+00 8.411737e-01 1.925346e-02 5.404222e-01 8.980518e+01
5.298790e-01 -4.514296e-02 -8.468709e-01 -6.283519e+01 6.558642e-03 9.987705e-01 -4.913639e-02 -6.668982e+00 8.480480e-01 2.048201e-02 5.295236e-01 9.044296e+01
5.197421e-01 -4.600289e-02 -8.530837e-01 -6.392910e+01 5.239616e-03 9.987021e-01 -5.066318e-02 -6.749871e+00 8.543072e-01 2.186196e-02 5.193085e-01 9.108785e+01
5.107294e-01 -4.571591e-02 -8.585252e-01 -6.500523e+01 4.469371e-03 9.987129e-01 -5.052202e-02 -6.830685e+00 8.597299e-01 2.196601e-02 5.102764e-01 9.171108e+01
5.013693e-01 -4.416901e-02 -8.641052e-01 -6.611286e+01 3.493641e-03 9.987914e-01 -4.902646e-02 -6.911760e+00 8.652264e-01 2.156149e-02 5.009176e-01 9.232751e+01
4.933863e-01 -4.292248e-02 -8.687505e-01 -6.722457e+01 4.302965e-03 9.988899e-01 -4.690853e-02 -6.986076e+00 8.697997e-01 1.940582e-02 4.930233e-01 9.295488e+01
4.851852e-01 -4.374705e-02 -8.733164e-01 -6.835969e+01 6.081799e-03 9.988924e-01 -4.665869e-02 -7.066698e+00 8.743903e-01 1.732677e-02 4.849138e-01 9.356856e+01
4.781789e-01 -4.590143e-02 -8.770621e-01 -6.948915e+01 6.943079e-03 9.987997e-01 -4.848722e-02 -7.146403e+00 8.782350e-01 1.709605e-02 4.779237e-01 9.417163e+01
4.723900e-01 -4.858457e-02 -8.800495e-01 -7.059411e+01 8.374892e-03 9.986819e-01 -5.063842e-02 -7.235273e+00 8.813499e-01 1.655076e-02 4.721742e-01 9.478476e+01
4.648156e-01 -5.147931e-02 -8.839096e-01 -7.173277e+01 9.575890e-03 9.985422e-01 -5.311996e-02 -7.315416e+00 8.853557e-01 1.622677e-02 4.646310e-01 9.537169e+01
4.612545e-01 -5.476064e-02 -8.855764e-01 -7.284837e+01 1.115618e-02 9.983727e-01 -5.592480e-02 -7.406215e+00 8.871978e-01 1.591591e-02 4.611148e-01 9.593686e+01
4.549404e-01 -5.567067e-02 -8.887800e-01 -7.396818e+01 1.341727e-02 9.983593e-01 -5.566650e-02 -7.496389e+00 8.904209e-01 1.339994e-02 4.549409e-01 9.650800e+01
4.515614e-01 -5.267468e-02 -8.906838e-01 -7.510922e+01 1.414311e-02 9.985530e-01 -5.188371e-02 -7.594807e+00 8.921280e-01 1.083164e-02 4.516530e-01 9.708457e+01
4.492353e-01 -5.311161e-02 -8.918333e-01 -7.624233e+01 2.002343e-02 9.985792e-01 -4.938245e-02 -7.671532e+00 8.931891e-01 4.326781e-03 4.496605e-01 9.763419e+01
4.440772e-01 -5.220413e-02 -8.944664e-01 -7.738369e+01 2.266382e-02 9.986362e-01 -4.703190e-02 -7.752760e+00 8.957019e-01 6.137728e-04 4.446547e-01 9.818168e+01
4.412641e-01 -5.251985e-02 -8.958391e-01 -7.850140e+01 2.410416e-02 9.986194e-01 -4.667249e-02 -7.834327e+00 8.970535e-01 -9.985532e-04 4.419208e-01 9.872201e+01
4.393326e-01 -5.081994e-02 -8.968858e-01 -7.963363e+01 2.520502e-02 9.987028e-01 -4.424268e-02 -7.916101e+00 8.979709e-01 -3.168775e-03 4.400436e-01 9.926403e+01
4.363171e-01 -4.997468e-02 -8.984040e-01 -8.075957e+01 2.697712e-02 9.987341e-01 -4.245400e-02 -7.996913e+00 8.993885e-01 -5.712951e-03 4.371130e-01 9.981652e+01
4.345264e-01 -5.088569e-02 -8.992204e-01 -8.188087e+01 2.863324e-02 9.986785e-01 -4.267757e-02 -8.073986e+00 9.002039e-01 -7.203066e-03 4.354092e-01 1.003379e+02
4.313428e-01 -5.014788e-02 -9.007933e-01 -8.297689e+01 2.977999e-02 9.987013e-01 -4.133841e-02 -8.153020e+00 9.016965e-01 -8.994592e-03 4.322760e-01 1.008703e+02
4.300714e-01 -4.920742e-02 -9.014528e-01 -8.408208e+01 3.276792e-02 9.987063e-01 -3.888303e-02 -8.227460e+00 9.022000e-01 -1.281625e-02 4.311275e-01 1.013998e+02
4.298658e-01 -4.888452e-02 -9.015684e-01 -8.515938e+01 3.476856e-02 9.986888e-01 -3.757298e-02 -8.300023e+00 9.022231e-01 -1.519490e-02 4.310018e-01 1.019012e+02
4.267158e-01 -5.051290e-02 -9.029740e-01 -8.624130e+01 3.849044e-02 9.985487e-01 -3.767009e-02 -8.370097e+00 9.035664e-01 -1.868144e-02 4.280408e-01 1.024062e+02
4.253360e-01 -5.114366e-02 -9.035893e-01 -8.731043e+01 3.901069e-02 9.985101e-01 -3.815319e-02 -8.439954e+00 9.041944e-01 -1.902172e-02 4.266974e-01 1.029143e+02
4.253390e-01 -5.174579e-02 -9.035535e-01 -8.837117e+01 3.875966e-02 9.984897e-01 -3.893697e-02 -8.518350e+00 9.042038e-01 -1.846002e-02 4.267023e-01 1.034071e+02
4.238871e-01 -5.208550e-02 -9.042161e-01 -8.941376e+01 3.717674e-02 9.985043e-01 -4.008871e-02 -8.590734e+00 9.049517e-01 -1.662272e-02 4.251895e-01 1.038889e+02
4.258774e-01 -5.231298e-02 -9.032672e-01 -9.045206e+01 3.607618e-02 9.985150e-01 -4.081989e-02 -8.659964e+00 9.040614e-01 -1.520216e-02 4.271323e-01 1.043454e+02
4.295428e-01 -5.222660e-02 -9.015350e-01 -9.144708e+01 3.437646e-02 9.985483e-01 -4.146775e-02 -8.731927e+00 9.023920e-01 -1.317941e-02 4.307146e-01 1.048295e+02
4.350676e-01 -5.267237e-02 -8.988558e-01 -9.246709e+01 3.267803e-02 9.985535e-01 -4.269764e-02 -8.798959e+00 8.998046e-01 -1.079648e-02 4.361595e-01 1.052987e+02
4.401798e-01 -5.296362e-02 -8.963462e-01 -9.348797e+01 3.240650e-02 9.985456e-01 -4.308815e-02 -8.865930e+00 8.973247e-01 -1.008092e-02 4.412560e-01 1.057815e+02
4.452719e-01 -5.103825e-02 -8.939396e-01 -9.447198e+01 3.054700e-02 9.986589e-01 -4.180157e-02 -8.933011e+00 8.948742e-01 -8.694109e-03 4.462338e-01 1.062601e+02
4.541198e-01 -5.085506e-02 -8.894880e-01 -9.547447e+01 3.081253e-02 9.986688e-01 -4.136625e-02 -9.003217e+00 8.904077e-01 -8.622139e-03 4.550822e-01 1.067534e+02
4.633176e-01 -5.086371e-02 -8.847314e-01 -9.648056e+01 3.119584e-02 9.986688e-01 -4.107735e-02 -9.068170e+00 8.856431e-01 -8.568085e-03 4.642876e-01 1.072571e+02
4.716368e-01 -4.994517e-02 -8.803773e-01 -9.744610e+01 3.018026e-02 9.987240e-01 -4.049096e-02 -9.129678e+00 8.812763e-01 -7.472994e-03 4.725424e-01 1.077584e+02
4.836513e-01 -4.977822e-02 -8.738441e-01 -9.840548e+01 2.804397e-02 9.987502e-01 -4.137180e-02 -9.194936e+00 8.748114e-01 -4.496534e-03 4.844428e-01 1.082762e+02
4.937356e-01 -5.214691e-02 -8.680471e-01 -9.935338e+01 2.770886e-02 9.986370e-01 -4.423145e-02 -9.266896e+00 8.691706e-01 -2.213956e-03 4.945075e-01 1.088200e+02
5.041959e-01 -5.249320e-02 -8.619924e-01 -1.002950e+02 2.641254e-02 9.986213e-01 -4.536436e-02 -9.336585e+00 8.631853e-01 1.051133e-04 5.048872e-01 1.093498e+02
5.165554e-01 -5.059085e-02 -8.547579e-01 -1.012356e+02 2.333115e-02 9.987140e-01 -4.501153e-02 -9.408324e+00 8.559359e-01 3.308463e-03 5.170714e-01 1.098985e+02
5.292561e-01 -4.724339e-02 -8.471458e-01 -1.021548e+02 2.034542e-02 9.988682e-01 -4.299376e-02 -9.465059e+00 8.482182e-01 5.519175e-03 5.296183e-01 1.104616e+02
5.426919e-01 -4.602916e-02 -8.386697e-01 -1.030764e+02 2.044865e-02 9.989254e-01 -4.159252e-02 -9.531931e+00 8.396830e-01 5.422262e-03 5.430499e-01 1.110491e+02
5.538065e-01 -4.562809e-02 -8.313943e-01 -1.039696e+02 2.085231e-02 9.989443e-01 -4.093338e-02 -9.594451e+00 8.323843e-01 5.332677e-03 5.541732e-01 1.116376e+02
5.646803e-01 -4.551198e-02 -8.240538e-01 -1.048610e+02 2.006958e-02 9.989403e-01 -4.141824e-02 -9.657421e+00 8.250657e-01 6.849647e-03 5.649953e-01 1.122325e+02
5.757755e-01 -4.676246e-02 -8.162694e-01 -1.057344e+02 2.167203e-02 9.988852e-01 -4.193726e-02 -9.728471e+00 8.173206e-01 6.456225e-03 5.761470e-01 1.128301e+02
5.857407e-01 -4.825435e-02 -8.090608e-01 -1.065768e+02 2.297234e-02 9.988135e-01 -4.294024e-02 -9.792334e+00 8.101729e-01 6.565825e-03 5.861542e-01 1.134324e+02
5.963399e-01 -4.770115e-02 -8.013134e-01 -1.074143e+02 2.265290e-02 9.988353e-01 -4.260102e-02 -9.859230e+00 8.024124e-01 7.252616e-03 5.967260e-01 1.140487e+02
6.072644e-01 -4.428558e-02 -7.932645e-01 -1.082327e+02 2.006539e-02 9.989817e-01 -4.040958e-02 -9.921784e+00 7.942464e-01 8.622133e-03 6.075347e-01 1.146793e+02
6.165075e-01 -4.277456e-02 -7.861863e-01 -1.090474e+02 2.154740e-02 9.990658e-01 -3.745990e-02 -9.976625e+00 7.870542e-01 6.154037e-03 6.168532e-01 1.153174e+02
6.275300e-01 -4.263107e-02 -7.774243e-01 -1.098477e+02 2.233527e-02 9.990746e-01 -3.675672e-02 -1.003935e+01 7.782720e-01 5.701962e-03 6.279015e-01 1.159405e+02
6.370589e-01 -4.191283e-02 -7.696747e-01 -1.106167e+02 2.093491e-02 9.990931e-01 -3.707807e-02 -1.009964e+01 7.705308e-01 7.507847e-03 6.373586e-01 1.165623e+02
6.457678e-01 -4.181081e-02 -7.623882e-01 -1.113844e+02 1.972865e-02 9.990799e-01 -3.808062e-02 -1.015771e+01 7.632790e-01 9.550349e-03 6.459985e-01 1.172006e+02
6.559632e-01 -4.153160e-02 -7.536493e-01 -1.121426e+02 2.014214e-02 9.990926e-01 -3.752596e-02 -1.022071e+01 7.545241e-01 9.435543e-03 6.562046e-01 1.178558e+02
6.637695e-01 -3.912532e-02 -7.469131e-01 -1.128683e+02 1.874611e-02 9.991874e-01 -3.568076e-02 -1.027337e+01 7.477023e-01 9.682083e-03 6.639636e-01 1.185076e+02
6.738497e-01 -3.771135e-02 -7.379054e-01 -1.135960e+02 1.848080e-02 9.992444e-01 -3.419080e-02 -1.032056e+01 7.386373e-01 9.402378e-03 6.740375e-01 1.191680e+02
6.816402e-01 -3.732932e-02 -7.307346e-01 -1.142993e+02 1.919558e-02 9.992663e-01 -3.314124e-02 -1.038200e+01 7.314357e-01 8.563531e-03 6.818567e-01 1.198184e+02
6.895595e-01 -3.652357e-02 -7.233075e-01 -1.149826e+02 1.796505e-02 9.992829e-01 -3.333218e-02 -1.043169e+01 7.240062e-01 9.990263e-03 6.897211e-01 1.204719e+02
6.972528e-01 -3.466105e-02 -7.159868e-01 -1.156658e+02 1.677371e-02 9.993457e-01 -3.204369e-02 -1.048509e+01 7.166290e-01 1.033280e-02 6.973780e-01 1.211327e+02
7.037660e-01 -3.304804e-02 -7.096628e-01 -1.163480e+02 1.701368e-02 9.994150e-01 -2.966910e-02 -1.053264e+01 7.102281e-01 8.806122e-03 7.039165e-01 1.217934e+02
7.105160e-01 -2.981941e-02 -7.030489e-01 -1.170046e+02 1.520132e-02 9.995190e-01 -2.703124e-02 -1.057923e+01 7.035168e-01 8.518856e-03 7.106276e-01 1.224497e+02
7.191781e-01 -2.851237e-02 -6.942405e-01 -1.176640e+02 1.415916e-02 9.995516e-01 -2.638369e-02 -1.062246e+01 6.946815e-01 9.144707e-03 7.192593e-01 1.231078e+02
7.262684e-01 -2.751916e-02 -6.868602e-01 -1.182943e+02 1.379911e-02 9.995807e-01 -2.545753e-02 -1.066852e+01 6.872728e-01 9.010937e-03 7.263436e-01 1.237434e+02
7.336414e-01 -2.457469e-02 -6.790923e-01 -1.189113e+02 1.081728e-02 9.996416e-01 -2.448840e-02 -1.070585e+01 6.794508e-01 1.061977e-02 7.336443e-01 1.244170e+02
7.428357e-01 -2.172257e-02 -6.691212e-01 -1.195008e+02 9.841933e-03 9.997198e-01 -2.152905e-02 -1.074327e+01 6.694014e-01 9.407097e-03 7.428413e-01 1.250769e+02
7.509466e-01 -1.806444e-02 -6.601158e-01 -1.200939e+02 7.868976e-03 9.997996e-01 -1.840834e-02 -1.077669e+01 6.603161e-01 8.629244e-03 7.509382e-01 1.257296e+02
7.626024e-01 -1.579889e-02 -6.466745e-01 -1.206687e+02 5.870392e-03 9.998296e-01 -1.750405e-02 -1.080749e+01 6.468409e-01 9.552401e-03 7.625652e-01 1.264111e+02
7.720038e-01 -1.557842e-02 -6.354269e-01 -1.212218e+02 4.875965e-03 9.998153e-01 -1.858794e-02 -1.083975e+01 6.355992e-01 1.125164e-02 7.719372e-01 1.270617e+02
7.813218e-01 -1.588215e-02 -6.239262e-01 -1.217367e+02 4.456531e-03 9.997927e-01 -1.986913e-02 -1.087540e+01 6.241125e-01 1.274364e-02 7.812306e-01 1.277268e+02
7.913781e-01 -1.543483e-02 -6.111321e-01 -1.222683e+02 4.387249e-03 9.997989e-01 -1.956983e-02 -1.091202e+01 6.113113e-01 1.280594e-02 7.912866e-01 1.283916e+02
8.011227e-01 -1.348903e-02 -5.983481e-01 -1.227727e+02 3.675722e-03 9.998380e-01 -1.761875e-02 -1.094584e+01 5.984889e-01 1.191542e-02 8.010425e-01 1.290713e+02
8.114666e-01 -1.169853e-02 -5.842816e-01 -1.232613e+02 3.282059e-03 9.998751e-01 -1.546136e-02 -1.096637e+01 5.843896e-01 1.062873e-02 8.114037e-01 1.297660e+02
8.201852e-01 -1.065553e-02 -5.719988e-01 -1.237420e+02 3.508544e-03 9.999014e-01 -1.359588e-02 -1.099342e+01 5.720873e-01 9.144257e-03 8.201418e-01 1.304566e+02
8.293137e-01 -9.090094e-03 -5.587093e-01 -1.241965e+02 3.569770e-03 9.999335e-01 -1.096998e-02 -1.101924e+01 5.587719e-01 7.103091e-03 8.292910e-01 1.311602e+02
8.380927e-01 -8.063408e-03 -5.454681e-01 -1.246773e+02 4.305990e-03 9.999574e-01 -8.165914e-03 -1.104479e+01 5.455108e-01 4.495013e-03 8.380918e-01 1.318776e+02
8.449347e-01 -8.371025e-03 -5.348040e-01 -1.251378e+02 5.444434e-03 9.999603e-01 -7.050250e-03 -1.106557e+01 5.348419e-01 3.045295e-03 8.449467e-01 1.325906e+02
8.517424e-01 -8.217420e-03 -5.238962e-01 -1.255765e+02 5.720620e-03 9.999633e-01 -6.384134e-03 -1.109118e+01 5.239295e-01 2.440627e-03 8.517582e-01 1.333184e+02
8.580677e-01 -7.067220e-03 -5.134880e-01 -1.259907e+02 4.716359e-03 9.999716e-01 -5.881469e-03 -1.111026e+01 5.135150e-01 2.624904e-03 8.580766e-01 1.340163e+02
8.643191e-01 -5.709916e-03 -5.029115e-01 -1.264180e+02 3.351533e-03 9.999787e-01 -5.593432e-03 -1.112745e+01 5.029328e-01 3.148985e-03 8.643198e-01 1.347420e+02
8.709067e-01 -4.546475e-03 -4.914274e-01 -1.268518e+02 2.380919e-03 9.999845e-01 -5.031966e-03 -1.114224e+01 4.914427e-01 3.212324e-03 8.709040e-01 1.354713e+02
8.762208e-01 -5.303450e-03 -4.818806e-01 -1.272759e+02 3.151527e-03 9.999811e-01 -5.274992e-03 -1.116306e+01 4.818996e-01 3.103397e-03 8.762210e-01 1.362021e+02
8.819350e-01 -6.125994e-03 -4.713313e-01 -1.276713e+02 3.820916e-03 9.999756e-01 -5.847363e-03 -1.117579e+01 4.713556e-01 3.356076e-03 8.819369e-01 1.370116e+02
8.857143e-01 -6.847935e-03 -4.641802e-01 -1.280724e+02 4.369616e-03 9.999699e-01 -6.414530e-03 -1.119661e+01 4.642102e-01 3.653152e-03 8.857176e-01 1.377595e+02
8.891375e-01 -6.082172e-03 -4.575997e-01 -1.284754e+02 3.897985e-03 9.999761e-01 -5.717186e-03 -1.121743e+01 4.576235e-01 3.299648e-03 8.891399e-01 1.385294e+02
8.929850e-01 -4.339251e-03 -4.500654e-01 -1.288768e+02 3.717136e-03 9.999905e-01 -2.266033e-03 -1.123436e+01 4.500710e-01 3.505789e-04 8.929927e-01 1.393442e+02
8.958558e-01 -6.081211e-04 -4.443444e-01 -1.292769e+02 1.588294e-03 9.999971e-01 1.833628e-03 -1.124880e+01 4.443420e-01 -2.348416e-03 8.958542e-01 1.401420e+02
8.986767e-01 2.048021e-03 -4.386068e-01 -1.296940e+02 -1.068988e-04 9.999901e-01 4.450302e-03 -1.125496e+01 4.386116e-01 -3.952497e-03 8.986681e-01 1.409253e+02
9.025613e-01 4.755808e-03 -4.305351e-01 -1.301001e+02 -2.038263e-03 9.999750e-01 6.773040e-03 -1.126101e+01 4.305566e-01 -5.235541e-03 9.025484e-01 1.417741e+02
9.052188e-01 6.482475e-03 -4.248962e-01 -1.305184e+02 -3.004376e-03 9.999563e-01 8.855277e-03 -1.126061e+01 4.249351e-01 -6.739416e-03 9.051987e-01 1.425896e+02
9.089274e-01 8.165571e-03 -4.168744e-01 -1.308962e+02 -3.572007e-03 9.999240e-01 1.179793e-02 -1.126290e+01 4.169391e-01 -9.234387e-03 9.088875e-01 1.434851e+02
9.124050e-01 8.477572e-03 -4.092007e-01 -1.312906e+02 -3.119735e-03 9.999005e-01 1.375918e-02 -1.126693e+01 4.092766e-01 -1.127735e-02 9.123407e-01 1.443843e+02
9.157519e-01 8.236975e-03 -4.016598e-01 -1.316767e+02 -2.446418e-03 9.998856e-01 1.492736e-02 -1.127218e+01 4.017368e-01 -1.268713e-02 9.156673e-01 1.452472e+02
9.189657e-01 7.479265e-03 -3.942664e-01 -1.320647e+02 -1.812116e-03 9.998897e-01 1.474426e-02 -1.125947e+01 3.943332e-01 -1.283501e-02 9.188779e-01 1.461257e+02
9.227817e-01 5.256989e-03 -3.852872e-01 -1.324273e+02 4.880202e-04 9.998902e-01 1.481167e-02 -1.126966e+01 3.853228e-01 -1.385597e-02 9.226778e-01 1.470362e+02
9.269625e-01 3.607217e-03 -3.751366e-01 -1.327915e+02 1.504871e-03 9.999100e-01 1.333341e-02 -1.126802e+01 3.751509e-01 -1.292411e-02 9.268736e-01 1.479796e+02
9.311758e-01 2.576828e-03 -3.645614e-01 -1.331619e+02 1.744221e-03 9.999321e-01 1.152297e-02 -1.127251e+01 3.645664e-01 -1.136578e-02 9.311080e-01 1.488903e+02
9.363548e-01 4.201270e-03 -3.510299e-01 -1.335366e+02 -4.742464e-04 9.999426e-01 1.070270e-02 -1.127008e+01 3.510548e-01 -9.855046e-03 9.363031e-01 1.498370e+02
9.421515e-01 7.672348e-03 -3.350994e-01 -1.338860e+02 -4.011961e-03 9.999245e-01 1.161415e-02 -1.127980e+01 3.351633e-01 -9.597880e-03 9.421112e-01 1.508269e+02
9.484388e-01 1.134628e-02 -3.167571e-01 -1.342369e+02 -7.189411e-03 9.998721e-01 1.428891e-02 -1.126744e+01 3.168788e-01 -1.127486e-02 9.483990e-01 1.518367e+02
9.546513e-01 1.430792e-02 -2.973823e-01 -1.346001e+02 -9.953092e-03 9.998200e-01 1.615297e-02 -1.126772e+01 2.975600e-01 -1.246058e-02 9.546218e-01 1.528399e+02
9.605950e-01 1.578942e-02 -2.775032e-01 -1.349185e+02 -1.149333e-02 9.997877e-01 1.710117e-02 -1.126502e+01 2.777143e-01 -1.323786e-02 9.605725e-01 1.538680e+02
9.667384e-01 1.707532e-02 -2.551968e-01 -1.351916e+02 -1.284302e-02 9.997511e-01 1.824174e-02 -1.125108e+01 2.554447e-01 -1.435749e-02 9.667170e-01 1.549067e+02
9.721353e-01 1.772943e-02 -2.337492e-01 -1.354722e+02 -1.318506e-02 9.996927e-01 2.098970e-02 -1.125117e+01 2.340496e-01 -1.732283e-02 9.720703e-01 1.559439e+02
9.774948e-01 2.027771e-02 -2.099826e-01 -1.357090e+02 -1.548190e-02 9.995810e-01 2.445793e-02 -1.124137e+01 2.103906e-01 -2.065657e-02 9.773992e-01 1.570386e+02
9.818935e-01 2.198596e-02 -1.881536e-01 -1.359359e+02 -1.691740e-02 9.994506e-01 2.850221e-02 -1.122603e+01 1.886769e-01 -2.480306e-02 9.817260e-01 1.581407e+02
9.860149e-01 2.417038e-02 -1.648950e-01 -1.361037e+02 -1.915999e-02 9.993071e-01 3.190877e-02 -1.120703e+01 1.655520e-01 -2.830313e-02 9.857948e-01 1.592875e+02
9.894345e-01 2.571801e-02 -1.426816e-01 -1.362757e+02 -2.138174e-02 9.992642e-01 3.184194e-02 -1.119724e+01 1.433955e-01 -2.845474e-02 9.892563e-01 1.604337e+02
9.922712e-01 2.556822e-02 -1.214250e-01 -1.364474e+02 -2.210001e-02 9.993108e-01 2.982412e-02 -1.117839e+01 1.221039e-01 -2.691013e-02 9.921524e-01 1.615721e+02
9.946349e-01 2.545281e-02 -1.002675e-01 -1.365638e+02 -2.269160e-02 9.993338e-01 2.858353e-02 -1.115453e+01 1.009282e-01 -2.615495e-02 9.945499e-01 1.627289e+02
9.964537e-01 2.432037e-02 -8.055151e-02 -1.366764e+02 -2.194309e-02 9.993009e-01 3.026758e-02 -1.114271e+01 8.123132e-02 -2.839269e-02 9.962908e-01 1.639199e+02
9.979514e-01 2.474387e-02 -5.899820e-02 -1.367359e+02 -2.287731e-02 9.992226e-01 3.210596e-02 -1.112134e+01 5.974676e-02 -3.069046e-02 9.977417e-01 1.651334e+02
9.989800e-01 2.488999e-02 -3.767595e-02 -1.367847e+02 -2.366294e-02 9.991860e-01 3.267130e-02 -1.110119e+01 3.845848e-02 -3.174645e-02 9.987558e-01 1.663659e+02
9.995036e-01 2.604168e-02 -1.772840e-02 -1.368280e+02 -2.544702e-02 9.991320e-01 3.298015e-02 -1.107252e+01 1.857187e-02 -3.251265e-02 9.992988e-01 1.675941e+02
9.996462e-01 2.641637e-02 3.103107e-03 -1.368193e+02 -2.650543e-02 9.990897e-01 3.342649e-02 -1.105360e+01 -2.217276e-03 -3.349691e-02 9.994364e-01 1.688266e+02
9.993464e-01 2.827420e-02 2.252487e-02 -1.368383e+02 -2.900691e-02 9.990378e-01 3.289530e-02 -1.102707e+01 -2.157311e-02 -3.352717e-02 9.992049e-01 1.700439e+02
9.986548e-01 2.942136e-02 4.269582e-02 -1.368066e+02 -3.079094e-02 9.990204e-01 3.178266e-02 -1.100195e+01 -4.171891e-02 -3.305455e-02 9.985825e-01 1.712774e+02
9.976297e-01 2.949301e-02 6.217091e-02 -1.367256e+02 -3.139154e-02 9.990633e-01 2.978478e-02 -1.098450e+01 -6.123424e-02 -3.166583e-02 9.976210e-01 1.725217e+02
9.961591e-01 3.161056e-02 8.165626e-02 -1.365999e+02 -3.392213e-02 9.990576e-01 2.707771e-02 -1.095775e+01 -8.072338e-02 -2.974366e-02 9.962927e-01 1.738169e+02
9.944604e-01 3.221251e-02 1.000542e-01 -1.364632e+02 -3.489075e-02 9.990750e-01 2.513389e-02 -1.094432e+01 -9.915208e-02 -2.848562e-02 9.946645e-01 1.751187e+02
9.925352e-01 3.179733e-02 1.177404e-01 -1.363396e+02 -3.466256e-02 9.991487e-01 2.236736e-02 -1.093499e+01 -1.169290e-01 -2.628158e-02 9.927925e-01 1.763981e+02
9.901827e-01 3.297434e-02 1.358343e-01 -1.361988e+02 -3.562767e-02 9.992180e-01 1.714847e-02 -1.091843e+01 -1.351626e-01 -2.181957e-02 9.905832e-01 1.777137e+02
9.874848e-01 3.421323e-02 1.539587e-01 -1.360111e+02 -3.622566e-02 9.992907e-01 1.028407e-02 -1.092499e+01 -1.534977e-01 -1.573262e-02 9.880238e-01 1.790013e+02
9.843179e-01 3.738164e-02 1.723977e-01 -1.357742e+02 -3.876517e-02 9.992375e-01 4.664339e-03 -1.092418e+01 -1.720919e-01 -1.127422e-02 9.850164e-01 1.803302e+02
