1.000000000 0.000000000 0.000000000 0.000000000 0.000000000 1.000000000 0.000000000 0.000000000 0.000000000 0.000000000 1.000000000 0.000000000
0.999927640 -0.002839054 0.011690843 0.005290492 0.002828618 0.999995589 0.000909116 -0.001796668 -0.011693372 -0.000875981 0.999931276 0.280498296
0.999833941 -0.005228870 0.017457379 0.037633799 0.005217804 0.999986172 0.000679402 -0.001131681 -0.017460689 -0.000588200 0.999847353 0.584119201
0.999777496 -0.007896164 0.019559639 0.042813264 0.007909828 0.999968469 -0.000621386 -0.005056753 -0.019554118 0.000775962 0.999808609 0.862527132
0.999805272 -0.009155380 0.017480677 0.047697157 0.009193612 0.999955535 -0.002108055 -0.007149193 -0.017460596 0.002268355 0.999844968 1.166009307
0.999874651 -0.011461453 0.010928784 0.040919509 0.011498421 0.999928415 -0.003325849 -0.011997946 -0.010889883 0.003451095 0.999934733 1.463118076
0.999907553 -0.013395699 -0.002348276 0.052313961 0.013383422 0.999897063 -0.005167729 -0.018173510 0.002417257 0.005135823 0.999983907 1.767827034
0.999744058 -0.012777948 -0.018668788 0.032474481 0.012671510 0.999902785 -0.005808636 -0.017146992 0.018741192 0.005570587 0.999808848 2.097129345
0.999269545 -0.008175811 -0.037332676 -0.011621192 0.007963296 0.999951303 -0.005837592 -0.020914029 0.037378583 0.005536036 0.999285877 2.423983335
0.998305082 -0.004646696 -0.058010414 -0.035533905 0.004239228 0.999965549 -0.007145114 -0.025921542 0.058041610 0.006887084 0.998290300 2.773151636
0.996986210 -0.004614426 -0.077440739 -0.088160336 0.004052415 0.999964297 -0.007412890 -0.033406496 0.077472188 0.007076725 0.996969402 3.104487896
0.995216668 -0.005898024 -0.097513750 -0.149140358 0.005259428 0.999963045 -0.006804527 -0.037937552 0.097550273 0.006259113 0.995210886 3.461353302
0.993032992 -0.007159440 -0.117618084 -0.192699015 0.006486218 0.999960303 -0.006105580 -0.043316409 0.117657125 0.005300147 0.993040085 3.827131510
0.990895450 -0.006171321 -0.134492263 -0.271600634 0.005434892 0.999968171 -0.005842086 -0.044013098 0.134524018 0.005057945 0.990897417 4.208983898
0.988492966 -0.005391928 -0.151170701 -0.331611335 0.004762140 0.999978423 -0.004527796 -0.058928750 0.151191846 0.003755799 0.988497317 4.599464893
0.986481845 -0.004354651 -0.163812891 -0.419894755 0.003698080 0.999983907 -0.004312802 -0.067519791 0.163829058 0.003648708 0.986481965 5.000900745
0.984435141 -0.005910356 -0.175649032 -0.502475023 0.005060970 0.999973238 -0.005283264 -0.074491873 0.175675526 0.004312077 0.984438598 5.406038284
0.982527375 -0.009634235 -0.185868442 -0.582644224 0.008325250 0.999934793 -0.007821775 -0.079269558 0.185931653 0.006137708 0.982543528 5.836212635
0.980879664 -0.008932137 -0.194410011 -0.664915442 0.007267032 0.999930561 -0.009276442 -0.089426577 0.194479376 0.007686291 0.980876446 6.278121471
0.979508579 -0.008541111 -0.201221123 -0.776102841 0.006487980 0.999920011 -0.010860668 -0.096356690 0.201297775 0.009332599 0.979485691 6.722292423
0.977763712 -0.008794255 -0.209525138 -0.873129964 0.006055202 0.999887705 -0.013710573 -0.106136292 0.209622160 0.012136985 0.977707088 7.167982578
0.976112485 -0.012528208 -0.216904745 -0.981668055 0.009430842 0.999838352 -0.015309125 -0.116707593 0.217061520 0.012897832 0.976072669 7.656540871
0.974386632 -0.018828772 -0.224089250 -1.098704815 0.015443021 0.999738753 -0.016852107 -0.126342043 0.224347994 0.012959853 0.974422872 8.130787849
0.972233176 -0.020004997 -0.233157471 -1.211079597 0.015939906 0.999686480 -0.019306360 -0.140759170 0.233470634 0.015053775 0.972247303 8.620119095
0.970140517 -0.015113766 -0.242072105 -1.352876663 0.009691066 0.999675095 -0.023576282 -0.152892381 0.242349774 0.020526366 0.969971776 9.152845383
0.967894018 -0.012444209 -0.251050323 -1.495593190 0.006130051 0.999645352 -0.025917346 -0.174231902 0.251283795 0.023546293 0.967627048 9.686103821
0.965867758 -0.014748080 -0.258615375 -1.656144142 0.007793542 0.999580443 -0.027896103 -0.188203320 0.258918256 0.024928417 0.965577483 10.192653656
0.963442802 -0.017513797 -0.267340571 -1.803410769 0.009703394 0.999487340 -0.030508485 -0.207735181 0.267737865 0.026799072 0.963119030 10.737612724
0.961156845 -0.016788319 -0.275491565 -1.962899208 0.008022208 0.999425948 -0.032915998 -0.228813455 0.275885969 0.029427392 0.960739791 11.284865379
0.959165990 -0.015995713 -0.282391161 -2.160382748 0.005930976 0.999317467 -0.036460087 -0.252196074 0.282781601 0.033296417 0.958606303 11.855690956
0.956447780 -0.017120263 -0.291401327 -2.324656963 0.005261225 0.999127567 -0.041431658 -0.279162973 0.291856438 0.038094085 0.955703199 12.439170837
0.954828918 -0.018564029 -0.296575278 -2.510853767 0.004243892 0.998796821 -0.048856057 -0.312694758 0.297125399 0.045390543 0.953758895 13.010448456
0.953566074 -0.018603731 -0.300608635 -2.694128513 0.001527403 0.998376310 -0.056941319 -0.347412288 0.301179826 0.053838160 0.952046335 13.586065292
0.952634811 -0.019078862 -0.303517580 -2.911541462 -0.000916758 0.997845531 -0.065601110 -0.387417912 0.304115295 0.062772155 0.950564802 14.166161537
0.951250911 -0.018506924 -0.307862282 -3.122289181 -0.004645803 0.997225046 -0.074302346 -0.431935072 0.308383077 0.072110429 0.948525190 14.792136192
0.950068057 -0.017624810 -0.311544508 -3.332736015 -0.008180780 0.996653616 -0.081330672 -0.480960250 0.311935484 0.079818353 0.946744561 15.373269081
0.948362470 -0.015092974 -0.316829413 -3.566027880 -0.013613882 0.996009946 -0.088197790 -0.539124310 0.316896349 0.087956734 0.944372952 16.056503296
0.946641564 -0.013785039 -0.321993470 -3.788450718 -0.017452370 0.995426357 -0.093924671 -0.600785911 0.321815550 0.094532534 0.942071319 16.706052780
0.944776893 -0.013073039 -0.327453345 -4.021842003 -0.020554524 0.994872808 -0.099023141 -0.673818111 0.327068895 0.100285426 0.939664185 17.373828888
0.942904174 -0.010554910 -0.332896829 -4.257492065 -0.024810573 0.994494855 -0.101805717 -0.747977495 0.332138717 0.104252391 0.937451541 18.034364700
0.941538453 -0.009464884 -0.336772829 -4.530632019 -0.026864583 0.994313121 -0.103051908 -0.822164655 0.335833043 0.106074594 0.935929596 18.694644928
0.939404786 -0.008779275 -0.342697293 -4.777834892 -0.027896600 0.994398773 -0.101945065 -0.900577068 0.341672808 0.105327778 0.933898091 19.333984375
0.937141240 -0.008806610 -0.348838747 -5.052944183 -0.028141104 0.994518042 -0.100707076 -0.980181217 0.347813278 0.104193479 0.931756198 20.061571121
0.934732139 -0.007970551 -0.355263770 -5.331942558 -0.029184660 0.994649053 -0.099103086 -1.055173516 0.354152679 0.103003100 0.929497778 20.736597061
0.931986511 -0.007344984 -0.362418443 -5.629517555 -0.029573372 0.994921267 -0.096213818 -1.131180882 0.361284465 0.100387923 0.927035987 21.442365646
0.928233981 -0.005548165 -0.371955544 -5.907151222 -0.030084485 0.995493948 -0.089926340 -1.213315725 0.370778441 0.094662786 0.923884273 22.164371490
0.925040960 -0.001584741 -0.379864067 -6.223105431 -0.033122882 0.995846033 -0.084815018 -1.288690686 0.378420502 0.091039576 0.921145797 22.883142471
0.921357632 0.002367900 -0.388708651 -6.541545868 -0.036618918 0.996063113 -0.080730252 -1.361655235 0.386987209 0.088615529 0.917817056 23.607549667
0.917463303 0.002659238 -0.397811770 -6.868602753 -0.037260991 0.996156156 -0.079275101 -1.428328276 0.396071881 0.087554850 0.914035678 24.355510712
0.913641512 0.003277362 -0.406507939 -7.208844185 -0.038504098 0.996169746 -0.078508027 -1.500221729 0.404693574 0.087380402 0.910268009 25.062591553
0.909780920 0.003099299 -0.415077120 -7.542764664 -0.038750801 0.996239305 -0.077496678 -1.564923763 0.413275957 0.086589582 0.906479537 25.796579361
0.905710459 0.003746296 -0.423880160 -7.906029701 -0.039397646 0.996376634 -0.075375386 -1.638802171 0.422061950 0.084968157 0.902576387 26.569782257
0.902115941 0.002819951 -0.431484461 -8.282909393 -0.038216077 0.996571004 -0.073386304 -1.702005625 0.429798007 0.082692608 0.899130464 27.333539963
0.898024976 0.002723167 -0.439936042 -8.644750595 -0.036645852 0.996968687 -0.068632670 -1.775152802 0.438415587 0.077755675 0.895402551 28.093990326
0.894419670 0.004167525 -0.447209179 -9.036717415 -0.036245905 0.997342646 -0.063197717 -1.833701372 0.445757359 0.072734796 0.892193913 28.865520477
0.890627921 0.004432310 -0.454711258 -9.449661255 -0.035383981 0.997596085 -0.059581347 -1.881019711 0.453354061 0.069154292 0.888643801 29.652107239
0.887083411 0.003348888 -0.461596876 -9.870946884 -0.033987325 0.997733474 -0.058077298 -1.932954788 0.460356057 0.067207851 0.885186672 30.447757721
0.883819580 0.002419662 -0.467821598 -10.280225754 -0.032672614 0.997864127 -0.056564733 -1.997924924 0.466685504 0.065277971 0.882011056 31.226497650
0.880477369 0.002624906 -0.474080861 -10.731651306 -0.032240625 0.998001099 -0.054352492 -2.059101582 0.472990662 0.063140817 0.878802001 32.061679840
0.877446532 0.001041370 -0.479673386 -11.183490753 -0.030317426 0.998118520 -0.053291481 -2.109930038 0.478715509 0.061302882 0.875827312 32.889579773
0.874763191 0.000501048 -0.484550416 -11.646098137 -0.029964482 0.998141408 -0.053063013 -2.172244787 0.483623326 0.060936872 0.873152375 33.716224670
0.872858763 0.000044296 -0.487972915 -12.122227669 -0.029937547 0.998121142 -0.053460009 -2.226936817 0.487053722 0.061271749 0.871220112 34.546882629
0.871457696 0.000665244 -0.490470171 -12.596775055 -0.031240076 0.998043716 -0.054153070 -2.283061743 0.489474654 0.062514432 0.869773805 35.375286102
0.871087313 0.000985165 -0.491127312 -13.088258743 -0.031179860 0.998091638 -0.053300008 -2.336723804 0.490137547 0.061742239 0.869455636 36.220821381
0.870464921 0.000432450 -0.492230237 -13.557615280 -0.029793113 0.998212457 -0.051809467 -2.390463829 0.491327941 0.059763391 0.868921757 37.080078125
0.870435238 -0.000895186 -0.492282063 -14.058797836 -0.027876098 0.998304129 -0.051104866 -2.450147152 0.491492957 0.058206383 0.868934214 37.948970795
0.869589865 -0.002736804 -0.493767083 -14.558587074 -0.026298163 0.998308659 -0.051847897 -2.512411594 0.493073940 0.058071572 0.868047118 38.825618744
0.868422091 -0.005154311 -0.495798856 -15.054370880 -0.024200955 0.998313606 -0.052767884 -2.562458515 0.495234728 0.057823602 0.866832733 39.694259644
0.866792202 -0.005540942 -0.498638719 -15.570886612 -0.022656413 0.998468101 -0.050479144 -2.629482508 0.498154491 0.055052303 0.865338862 40.582557678
0.865008891 -0.004675225 -0.501734555 -16.085248947 -0.021851722 0.998656869 -0.046978794 -2.687640667 0.501280248 0.051600844 0.863745034 41.449909210
0.861788869 -0.005100551 -0.507241189 -16.609373093 -0.019180840 0.998906612 -0.042632200 -2.751371861 0.506904066 0.046469282 0.860748887 42.358802795
0.857714057 -0.005353756 -0.514099002 -17.128513336 -0.018095454 0.999011815 -0.040593728 -2.808782816 0.513808310 0.044120666 0.856769681 43.230014801
0.852660656 -0.007692340 -0.522408545 -17.663818359 -0.017208871 0.998935580 -0.042796928 -2.866950035 0.522181630 0.045481317 0.851620674 44.081138611
0.846914411 -0.011657927 -0.531601429 -18.214719772 -0.015480353 0.998795271 -0.046565756 -2.916220188 0.531503797 0.047666583 0.845713675 44.945079803
0.840935111 -0.011950513 -0.541004062 -18.781045914 -0.015277573 0.998833299 -0.045811143 -2.974689484 0.540920377 0.046789426 0.839771330 45.801849365
0.834717333 -0.008378698 -0.550614893 -19.362154007 -0.016291965 0.999070823 -0.039901014 -3.036936283 0.550437629 0.042276666 0.833805203 46.691162109
0.829806924 -0.003603123 -0.558038890 -19.962539673 -0.019437958 0.999185741 -0.035355847 -3.088678837 0.557711959 0.040185668 0.829061091 47.547080994
0.825458348 -0.004689308 -0.564443588 -20.538354874 -0.019996969 0.999094725 -0.037544455 -3.133323193 0.564108729 0.042278547 0.824617386 48.415023804
0.822041810 -0.006694341 -0.569387853 -21.123649597 -0.020810464 0.998909712 -0.041788939 -3.183290243 0.569046795 0.046201479 0.821006179 49.241950989
0.819163799 -0.008327316 -0.573499143 -21.705711365 -0.023748059 0.998544693 -0.048419863 -3.248125076 0.573067665 0.053283293 0.817773938 50.046478271
0.816159189 -0.009332817 -0.577751637 -22.294261932 -0.023751425 0.998482645 -0.049681548 -3.306026936 0.577338696 0.054270487 0.814699113 50.858959198
0.812442005 -0.008596729 -0.582978666 -22.898103714 -0.022295477 0.998701870 -0.045798164 -3.366714239 0.582615554 0.050206147 0.811195672 51.703273773
0.809502006 -0.006218683 -0.587084234 -23.514135361 -0.021887625 0.998929143 -0.040760931 -3.420256138 0.586708903 0.045845926 0.808499038 52.541809082
0.806691468 -0.005027724 -0.590951383 -24.130390167 -0.021297978 0.999066949 -0.037573203 -3.475155354 0.590588748 0.042896047 0.805831671 53.360301971
0.803282917 -0.003945107 -0.595584631 -24.755216599 -0.023605159 0.998981535 -0.038454171 -3.526191235 0.595129728 0.044948447 0.802371621 54.203643799
0.800372839 -0.004616001 -0.599484861 -25.394931793 -0.024244074 0.998903155 -0.040059794 -3.577903032 0.599012196 0.046596721 0.799382925 55.025493622
0.795785844 -0.007933483 -0.605526149 -26.020713806 -0.022386815 0.998845398 -0.042507555 -3.631866217 0.605164170 0.047382724 0.794689357 55.866344452
0.791515052 -0.009606460 -0.611073971 -26.666967392 -0.021179099 0.998844743 -0.043135419 -3.680117369 0.610782564 0.047084339 0.790397227 56.695587158
0.787106633 -0.009545719 -0.616743028 -27.326778412 -0.020653615 0.998911679 -0.041819576 -3.743038177 0.616470933 0.045654442 0.786052942 57.528915405
0.782016873 -0.008838687 -0.623194635 -27.989429474 -0.021583818 0.998915613 -0.041251965 -3.796175003 0.622883439 0.045710664 0.780978084 58.346122742
0.777025998 -0.010374513 -0.629383087 -28.652328491 -0.021179972 0.998867095 -0.042613395 -3.847962379 0.629112065 0.046442032 0.775925934 59.141380310
0.771932662 -0.011834851 -0.635594308 -29.352968216 -0.020142524 0.998869240 -0.043062288 -3.908577204 0.635385156 0.046043653 0.770821393 59.987392426
0.765541255 -0.013278618 -0.643249691 -29.999996185 -0.019851509 0.998823404 -0.044244312 -3.960641384 0.643080473 0.046640325 0.764376879 60.776241302
0.760025859 -0.014875086 -0.649722576 -30.674591064 -0.019437432 0.998770475 -0.045603689 -4.016005516 0.649602056 0.047288924 0.758802235 61.554401398
0.754264235 -0.016394241 -0.656366169 -31.397043228 -0.018598462 0.998753548 -0.046318598 -4.079482555 0.656307399 0.047143869 0.753019273 62.378845215
0.747729003 -0.017793516 -0.663765490 -32.096740723 -0.018037694 0.998727620 -0.047092211 -4.128887177 0.663758934 0.047185011 0.746456742 63.183547974
0.741358638 -0.017409166 -0.670883238 -32.832077026 -0.016940426 0.998859465 -0.044640020 -4.199699402 0.670895219 0.044459306 0.740218163 63.991729736
0.735395730 -0.018384863 -0.677388489 -33.563140869 -0.015992302 0.998882592 -0.044472259 -4.250519276 0.677449107 0.043537706 0.734280050 64.770751953
0.728883386 -0.019255916 -0.684367001 -34.294700623 -0.015310204 0.998896003 -0.044411857 -4.322266579 0.684466660 0.042848863 0.727783918 65.535736084
0.722726762 -0.021099875 -0.690811694 -35.056507111 -0.015438423 0.998791695 -0.046658356 -4.376503944 0.690961361 0.044386294 0.721527755 66.309791565
0.715961218 -0.021012610 -0.697823822 -35.814754486 -0.015914198 0.998796046 -0.046403207 -4.436164856 0.697958767 0.044328205 0.714764833 67.112701416
0.710524499 -0.020188197 -0.703382790 -36.578330994 -0.016361458 0.998844147 -0.045195989 -4.503642082 0.703482091 0.043621231 0.709372997 67.884521484
0.705434203 -0.019674560 -0.708502352 -37.342994690 -0.017396780 0.998832881 -0.045058254 -4.563345432 0.708561897 0.044111289 0.704268634 68.645347595
0.701042712 -0.020667324 -0.712819695 -38.135467529 -0.017117465 0.998804271 -0.045793749 -4.627342701 0.712913811 0.044305038 0.699850619 69.408813477
0.695987463 -0.022583107 -0.717698693 -38.934539795 -0.017247228 0.998691201 -0.048150305 -4.690762997 0.717846751 0.045890313 0.694687068 70.167419434
0.690708458 -0.024652625 -0.722712994 -39.738452911 -0.017972996 0.998524725 -0.051237989 -4.751657486 0.722909987 0.048379824 0.689246356 70.930686951
0.685792267 -0.024915662 -0.727370739 -40.556701660 -0.018409377 0.998500228 -0.051560085 -4.823310852 0.727564454 0.048749950 0.684305012 71.689727783
0.680590749 -0.024769872 -0.732244968 -41.369117737 -0.018180028 0.998549640 -0.050675813 -4.880290031 0.732438207 0.047801722 0.679153383 72.459152222
0.675564885 -0.024714034 -0.736886263 -42.195854187 -0.017681992 0.998607576 -0.049702320 -4.946813107 0.737088501 0.046606760 0.674187243 73.207695007
0.670287490 -0.025580617 -0.741660416 -43.036308289 -0.016696481 0.998632908 -0.049533568 -5.019975185 0.741913676 0.045584857 0.668944120 73.966339111
0.666239202 -0.026873877 -0.745253801 -43.895248413 -0.015579879 0.998630702 -0.049938709 -5.083603859 0.745575368 0.044882085 0.664908230 74.707405090
0.661459804 -0.027662016 -0.749470294 -44.759529114 -0.014642068 0.998652816 -0.049781680 -5.151118279 0.749837697 0.043902379 0.660163641 75.472396851
0.657339871 -0.028545920 -0.753053308 -45.613471985 -0.013218557 0.998691678 -0.049395785 -5.222288132 0.753478348 0.042424094 0.656102717 76.219474792
0.653253675 -0.031251565 -0.756493986 -46.473556519 -0.010457789 0.998679996 -0.050287116 -5.294459343 0.757066965 0.040761489 0.652064502 76.964111328
0.648923755 -0.036384590 -0.759983003 -47.347740173 -0.007272062 0.998513699 -0.054013751 -5.355442047 0.760818720 0.040577441 0.647694647 77.715942383
0.643968165 -0.040900070 -0.763958335 -48.237693787 -0.002780788 0.998438120 -0.055797461 -5.421563625 0.765047371 0.038056191 0.642848551 78.472259521
0.636757433 -0.044363450 -0.769786894 -49.131919861 0.001942465 0.998432696 -0.055933699 -5.495975971 0.771061838 0.034120906 0.635845542 79.236854553
0.628601074 -0.047165804 -0.776296496 -50.052200317 0.006121054 0.998428404 -0.055705514 -5.585642815 0.777703822 0.030264791 0.627901971 79.965888977
0.620194793 -0.048161980 -0.782967985 -50.969871521 0.008441071 0.998465419 -0.054731429 -5.653980255 0.784402430 0.027335059 0.619649589 80.679664612
0.611902356 -0.046659950 -0.789555848 -51.918518066 0.008888283 0.998601019 -0.052125391 -5.729731560 0.790883422 0.024877854 0.611460984 81.394355774
0.602160990 -0.046259854 -0.797033370 -52.878314972 0.008311994 0.998629034 -0.051680733 -5.813408852 0.798331439 0.024495188 0.601719975 82.132675171
0.592531621 -0.048141755 -0.804107487 -53.821342468 0.008581700 0.998533130 -0.053458307 -5.887442589 0.805501461 0.024775125 0.592075706 82.820838928
0.583338618 -0.050498124 -0.810657799 -54.795841217 0.008721891 0.998397350 -0.055916779 -5.953581810 0.812182248 0.025547950 0.582844079 83.496154785
0.572575331 -0.051953822 -0.818204284 -55.768890381 0.009299472 0.998337448 -0.056884076 -6.037943840 0.819799304 0.024961554 0.572106600 84.198562622
0.562533319 -0.052466795 -0.825108171 -56.743125916 0.011982154 0.998396873 -0.055316776 -6.122496605 0.826687813 0.021230960 0.562260211 84.865356445
0.553270519 -0.052923948 -0.831318676 -57.735580444 0.012917951 0.998404741 -0.054963749 -6.190998077 0.832901537 0.019670887 0.553071558 85.507225037
0.543131828 -0.053906247 -0.837915242 -58.738643646 0.013696415 0.998372972 -0.055351164 -6.268513680 0.839535654 0.018586541 0.542986512 86.153991699
0.532045007 -0.054095004 -0.844986320 -59.787631989 0.012589537 0.998352289 -0.055986311 -6.355696678 0.846622467 0.019149249 0.531849265 86.815719604
0.522496581 -0.054743454 -0.850882113 -60.819198608 0.011205175 0.998291433 -0.057346676 -6.428253174 0.852567613 0.020429162 0.522217214 87.430877686
0.511830807 -0.056846417 -0.857203484 -61.831520081 0.010612396 0.998150587 -0.059856888 -6.500673294 0.859020710 0.021539614 0.511487365 88.047073364
0.502902031 -0.055407621 -0.862565756 -62.905815125 0.009447139 0.998236001 -0.058614545 -6.598542213 0.864291787 0.021328595 0.502538204 88.654083252
0.494493097 -0.053044066 -0.867561460 -63.969844818 0.008373525 0.998380482 -0.056269798 -6.682873726 0.869141281 0.020560477 0.494136363 89.246437073
0.486553997 -0.051371671 -0.872138858 -65.045181274 0.009055784 0.998512626 -0.053763378 -6.764991283 0.873603582 0.018260885 0.486295462 89.827911377
0.478160441 -0.051567938 -0.876757264 -66.112861633 0.008962295 0.998509288 -0.053841192 -6.848660469 0.878226757 0.017886972 0.477909833 90.429565430
0.471698016 -0.055136546 -0.880034626 -67.197006226 0.011122291 0.998335719 -0.056586891 -6.921813488 0.881690025 0.016903929 0.471526235 90.987983704
0.463752687 -0.058684167 -0.884019017 -68.272499084 0.014312050 0.998169899 -0.058753837 -7.010200500 0.885849059 0.014595130 0.463743865 91.574539185
0.458624095 -0.061429422 -0.886504531 -69.345680237 0.014392353 0.997990310 -0.061708979 -7.088449955 0.888513863 0.015542341 0.458586484 92.109085083
0.452344000 -0.064190388 -0.889530420 -70.481002808 0.016724704 0.997841597 -0.063501485 -7.193068504 0.891686738 0.013847382 0.452441186 92.708602905
0.448218584 -0.065623693 -0.891511917 -71.563194275 0.019785419 0.997785747 -0.063499078 -7.280142307 0.893705010 0.010822531 0.448524505 93.246391296
0.443534434 -0.063294493 -0.894019604 -72.673896790 0.021866066 0.997970521 -0.059805941 -7.372205257 0.895990551 0.006977302 0.444018304 93.796821594
0.440552145 -0.061662033 -0.895606816 -73.773162842 0.024781875 0.998093545 -0.056527887 -7.455097198 0.897384942 0.002708672 0.441240281 94.326660156
0.436853886 -0.060874019 -0.897470415 -74.867599487 0.027095744 0.998145282 -0.054513499 -7.553908348 0.899124265 -0.000503193 0.437693149 94.871459961
0.432538837 -0.061074998 -0.899544299 -75.953727722 0.029178759 0.998128772 -0.053738035 -7.632282257 0.901143014 -0.003003798 0.433511496 95.415863037
0.431072503 -0.061230358 -0.900237441 -77.034393311 0.031472143 0.998108208 -0.052816901 -7.701972485 0.901768267 -0.005564488 0.432184011 95.918647766
0.427950442 -0.059350502 -0.901851296 -78.138107300 0.033149842 0.998201013 -0.049960811 -7.796107769 0.903194070 -0.008515481 0.429147929 96.450225830
0.425813466 -0.060925283 -0.902757406 -79.210067749 0.036092270 0.998080075 -0.050334379 -7.868633270 0.904090762 -0.011149511 0.427194864 96.961456299
0.423377156 -0.060851391 -0.903907537 -80.308959961 0.037548322 0.998062909 -0.049602874 -7.948757648 0.905175030 -0.012939490 0.424841970 97.471557617
0.420798630 -0.060197607 -0.905154586 -81.370407104 0.040821239 0.998041570 -0.047397640 -8.018182755 0.906235099 -0.017004671 0.422431886 97.972969055
0.418493301 -0.059517510 -0.906267643 -82.424079895 0.042771820 0.998034835 -0.045793124 -8.092568398 0.907212198 -0.019598611 0.420216531 98.471939087
0.416833222 -0.060976438 -0.906935453 -83.457946777 0.045405764 0.997898579 -0.046223432 -8.162151337 0.907848179 -0.021912638 0.418726027 98.950096130
0.417066872 -0.061925385 -0.906763792 -84.509567261 0.046344783 0.997827232 -0.046828039 -8.236577988 0.907693505 -0.022493348 0.419030666 99.409034729
0.417224765 -0.061623324 -0.906711698 -85.532882690 0.043591533 0.997906983 -0.047762576 -8.321247101 0.907757282 -0.019597221 0.419037730 99.853965759
0.417336911 -0.062414404 -0.906605840 -86.537727356 0.043020263 0.997877002 -0.048894402 -8.392597198 0.907732964 -0.018596984 0.419136018 100.317146301
0.418640852 -0.062522210 -0.905997157 -87.527030945 0.042084903 0.997891188 -0.049417291 -8.477478981 0.907176375 -0.017440705 0.420389116 100.784828186
0.423535645 -0.062432017 -0.903725564 -88.523529053 0.039531186 0.997945666 -0.050414532 -8.550905228 0.905016482 -0.014372984 0.425133586 101.236587524
0.427647799 -0.063150346 -0.901736856 -89.483985901 0.038522426 0.997923613 -0.051617268 -8.620647430 0.903124213 -0.012663079 0.429192573 101.702606201
0.433087587 -0.063818969 -0.899089694 -90.453071594 0.038516629 0.997889578 -0.052278653 -8.684766769 0.900528491 -0.011988670 0.434631646 102.171157837
0.440381676 -0.062967420 -0.895599902 -91.404846191 0.038143151 0.997949064 -0.051407706 -8.757617950 0.897000015 -0.011521991 0.441880256 102.625152588
0.449056715 -0.059952483 -0.891489625 -92.375549316 0.033962406 0.998170614 -0.050019383 -8.833329201 0.892857552 -0.007815588 0.450271428 103.098587036
0.458987713 -0.059322078 -0.886459887 -93.308197021 0.032746505 0.998219907 -0.049845729 -8.898366928 0.887838960 -0.006149887 0.460113317 103.556022644
0.467112660 -0.059211906 -0.882212937 -94.234779358 0.033546254 0.998223662 -0.049236242 -8.969802856 0.883561194 -0.006596070 0.468269289 104.064323425
0.476603717 -0.060022943 -0.877066851 -95.154029846 0.032388929 0.998188019 -0.050711639 -9.035429001 0.878521383 -0.004237900 0.477684200 104.567016602
0.486628979 -0.062176384 -0.871393263 -96.077888489 0.031419531 0.998064399 -0.053668506 -9.100562096 0.873043478 -0.001262120 0.487640619 105.087921143
0.499377131 -0.062389176 -0.864135385 -97.012710571 0.029785478 0.998050511 -0.054844834 -9.181962967 0.865872562 0.001649572 0.500262022 105.583969116
0.512435317 -0.060615599 -0.856583714 -97.923446655 0.027538247 0.998152494 -0.054159373 -9.250000954 0.858284116 0.004164360 0.513157845 106.104148865
0.524927795 -0.057657026 -0.849191606 -98.813682556 0.026255598 0.998325050 -0.051552750 -9.333711624 0.850741625 0.004765440 0.525562406 106.655227661
0.536816657 -0.056169577 -0.841827154 -99.717796326 0.026066633 0.998409271 -0.049995091 -9.385200500 0.843296051 0.004894601 0.537426770 107.238899231
0.548823416 -0.055558540 -0.834090054 -100.577903748 0.026143668 0.998441577 -0.049303669 -9.452161789 0.835529447 0.005252832 0.549420595 107.792533875
0.560283959 -0.055474903 -0.826440930 -101.436302185 0.024667446 0.998429656 -0.050296422 -9.517265320 0.827933192 0.007794094 0.560772419 108.364067078
0.571825027 -0.056377996 -0.818436146 -102.281845093 0.024563229 0.998365104 -0.051610570 -9.580615044 0.820007861 0.009408781 0.572274923 108.936210632
0.581957877 -0.058528662 -0.811109960 -103.079223633 0.027587699 0.998253465 -0.052238982 -9.645467758 0.812750816 0.008024232 0.582556188 109.528984070
0.592360675 -0.057842001 -0.803593874 -103.872154236 0.027569862 0.998290658 -0.051533278 -9.717844009 0.805200994 0.008371313 0.592942834 110.119812012
0.603549123 -0.054221686 -0.795479953 -104.677322388 0.025728280 0.998489916 -0.048538644 -9.800945282 0.796910584 0.008829126 0.604032636 110.716201782
0.613288403 -0.051757526 -0.788161457 -105.458900452 0.025726445 0.998630226 -0.045560338 -9.856024742 0.789440095 0.007665030 0.613779783 111.316101074
0.623762727 -0.050392963 -0.779987574 -106.216613770 0.025372148 0.998699129 -0.044233002 -9.922574043 0.781201839 0.007800936 0.624229789 111.919670105
0.633607090 -0.049714580 -0.772056043 -106.976860046 0.023194829 0.998705268 -0.045273658 -9.983795166 0.773307204 0.010778007 0.633939862 112.539604187
0.643781424 -0.049726304 -0.763591945 -107.724723816 0.021493515 0.998667657 -0.046913706 -10.037939072 0.764907479 0.013789894 0.643992424 113.129928589
0.652357519 -0.048948299 -0.756329179 -108.451293945 0.021324152 0.998702586 -0.046241548 -10.102340698 0.757611334 0.014037943 0.652554929 113.768630981
0.662771523 -0.046499811 -0.747376561 -109.149971008 0.020585643 0.998824298 -0.043888938 -10.161032677 0.748538673 0.013703108 0.662949502 114.348350525
0.671144366 -0.044734530 -0.739975750 -109.832786560 0.020908769 0.998922825 -0.041425060 -10.217494965 0.741031706 0.012330215 0.671356797 114.968704224
0.679611623 -0.044685196 -0.732209802 -110.527252197 0.021947209 0.998934746 -0.040592197 -10.275110245 0.733243704 0.011516967 0.679868281 115.600463867
0.687290668 -0.044140961 -0.725040257 -111.192619324 0.021006506 0.998942316 -0.040903527 -10.324693680 0.726078749 0.012882049 0.687490880 116.229560852
0.694920242 -0.042640198 -0.717821479 -111.853248596 0.019296983 0.998986661 -0.040660683 -10.372243881 0.718827784 0.014404148 0.695038855 116.859504700
0.702050507 -0.039891489 -0.711008966 -112.491180420 0.018894762 0.999121726 -0.037399501 -10.431116104 0.711876452 0.012821995 0.702187657 117.491050720
0.709548235 -0.036525019 -0.703709722 -113.124404907 0.017423306 0.999259710 -0.034297258 -10.482774734 0.704441547 0.012074603 0.709659338 118.118179321
0.716724634 -0.035106558 -0.696472108 -113.742301941 0.016589230 0.999307632 -0.033299748 -10.524241447 0.697158992 0.012312812 0.716810942 118.761627197
0.724224508 -0.035482883 -0.688650608 -114.320838928 0.017083278 0.999291897 -0.033522990 -10.565546036 0.689352512 0.012513761 0.724317849 119.365516663
0.732032597 -0.033110801 -0.680464566 -114.916526794 0.015035421 0.999360204 -0.032453120 -10.603223801 0.681103766 0.013525670 0.732061923 120.006774902
0.741530240 -0.030161481 -0.670241177 -115.497032166 0.013987535 0.999466896 -0.029501652 -10.646438599 0.670773685 0.012501349 0.741556704 120.626037598
0.750419259 -0.026260737 -0.660440207 -116.026138306 0.011986724 0.999586761 -0.026126241 -10.686056137 0.660853386 0.011689116 0.750423968 121.232208252
0.760176182 -0.024662716 -0.649248660 -116.555809021 0.010786352 0.999620557 -0.025342878 -10.721597672 0.649627507 0.012262024 0.760153830 121.867698669
0.770297050 -0.022763647 -0.637278855 -117.114761353 0.008006318 0.999629140 -0.026029358 -10.760073662 0.637634993 0.014948080 0.770193577 122.510223389
0.780328751 -0.024041502 -0.624907315 -117.634086609 0.008190662 0.999567986 -0.028227719 -10.789562225 0.625315964 0.016908493 0.780188501 123.151588440
0.790202856 -0.023024477 -0.612412572 -118.135848999 0.007768445 0.999590039 -0.027557224 -10.827215195 0.612795949 0.017018305 0.790057838 123.791404724
0.800476134 -0.021136465 -0.598991632 -118.636131287 0.007034121 0.999640465 -0.025873844 -10.863303185 0.599323153 0.016498018 0.800337017 124.453140259
0.810402334 -0.018621273 -0.585577726 -119.097503662 0.006540073 0.999720037 -0.022739885 -10.899077415 0.585837245 0.014598736 0.810297251 125.086105347
0.820088506 -0.017727498 -0.571961999 -119.575454712 0.007105466 0.999758422 -0.020798771 -10.922121048 0.572192490 0.012992775 0.820016384 125.770835876
0.829010367 -0.016364602 -0.558993816 -120.029113770 0.007682963 0.999810755 -0.017875414 -10.955335617 0.559180558 0.010524174 0.828979194 126.460395813
0.837170899 -0.015294189 -0.546727300 -120.479049683 0.008062503 0.999845445 -0.015624118 -10.986686707 0.546881676 0.008672066 0.837164938 127.115943909
0.844503105 -0.015014095 -0.535340071 -120.913871765 0.008976796 0.999863327 -0.013881104 -11.017577171 0.535475254 0.006916998 0.844522476 127.810684204
0.850963235 -0.015348518 -0.525000930 -121.345741272 0.009681634 0.999861598 -0.013538409 -11.038923264 0.525135934 0.006437822 0.850993991 128.518341064
0.857569575 -0.014267475 -0.514169991 -121.772323608 0.008410146 0.999870479 -0.013717919 -11.056975365 0.514299095 0.007439825 0.857578576 129.233840942
0.864125907 -0.012018908 -0.503132045 -122.189407349 0.006456346 0.999897301 -0.012796988 -11.077612877 0.503234267 0.007809813 0.864114761 129.947830200
0.870399356 -0.011195044 -0.492219090 -122.607948303 0.005890754 0.999906659 -0.012325183 -11.101064682 0.492311150 0.007828290 0.870384037 130.690582275
0.876432180 -0.011542405 -0.481386989 -122.997421265 0.006368251 0.999903083 -0.012380778 -11.127679825 0.481483161 0.007785319 0.876420736 131.376220703
0.881386697 -0.012853294 -0.472220600 -123.394256592 0.007265888 0.999880433 -0.013653999 -11.142848969 0.472339600 0.008603352 0.881374598 132.129333496
0.885913491 -0.012981422 -0.463668764 -123.796325684 0.007371228 0.999876082 -0.013909809 -11.167229652 0.463791847 0.008905079 0.885899365 132.878845215
0.889244616 -0.012492979 -0.457261264 -124.183166504 0.007191116 0.999885261 -0.013333480 -11.188231468 0.457375288 0.008568507 0.889232457 133.618225098
0.892478883 -0.010554522 -0.450965703 -124.573120117 0.006760187 0.999926984 -0.010023880 -11.204824448 0.451038569 0.005897488 0.892484903 134.383590698
0.895594954 -0.006116870 -0.444828391 -124.957702637 0.004084244 0.999976456 -0.005527741 -11.228649139 0.444851756 0.003133831 0.895598769 135.165115356
0.898810863 -0.004273253 -0.438315839 -125.345428467 0.003316968 0.999990165 -0.002947384 -11.237803459 0.438324094 0.001195261 0.898816109 135.941162109
0.901947618 -0.001675931 -0.431841940 -125.729576111 0.001392594 0.999998569 -0.000972304 -11.243889809 0.431842983 0.000275587 0.901948750 136.749420166
0.905231118 0.000069483 -0.424919605 -126.120529175 0.000529977 0.999999046 0.001292561 -11.254040718 0.424919277 -0.001395263 0.905230165 137.562515259
0.908501983 0.001436618 -0.417878270 -126.504013062 0.000330215 0.999991298 0.004155770 -11.259923935 0.417880654 -0.003913515 0.908493400 138.399398804
0.911891520 0.001336344 -0.410429150 -126.877822876 0.001229830 0.999981225 0.005988342 -11.260229111 0.410429507 -0.005965476 0.911872804 139.228134155
0.915378213 0.001004072 -0.402593672 -127.258255005 0.001905064 0.999974966 0.006825493 -11.261610985 0.402590424 -0.007014874 0.915353298 140.090866089
0.919107080 0.000588570 -0.394007385 -127.646713257 0.002213313 0.999975383 0.006656801 -11.261695862 0.394001573 -0.006990374 0.919083178 140.971939087
0.922976077 -0.002319553 -0.384850323 -128.019958496 0.004962996 0.999970436 0.005875639 -11.260505676 0.384825319 -0.007333086 0.922960281 141.862457275
0.926971793 -0.004254428 -0.375107020 -128.382705688 0.006345444 0.999970376 0.004339417 -11.259328842 0.375077426 -0.006402738 0.926971316 142.751449585
0.931219280 -0.004504784 -0.364431471 -128.729812622 0.005968565 0.999977946 0.002890411 -11.276608467 0.364410460 -0.004866740 0.931225657 143.675598145
0.936426222 -0.002748285 -0.350853741 -129.100021362 0.003763039 0.999990523 0.002210464 -11.279474258 0.350844294 -0.003390213 0.936427653 144.619262695
0.942310154 0.001300205 -0.334738821 -129.437316895 -0.000176293 0.999994218 0.003387940 -11.285496712 0.334741324 -0.003133478 0.942304850 145.570190430
0.948832691 0.004901560 -0.315741211 -129.776092529 -0.003031882 0.999974906 0.006412493 -11.289233208 0.315764666 -0.005127093 0.948823750 146.543075562
0.955182016 0.007945579 -0.295912832 -130.084259033 -0.005824364 0.999950647 0.008049197 -11.294181824 0.295962214 -0.005964943 0.955181003 147.525253296
0.961477220 0.009173114 -0.274731874 -130.376037598 -0.007120989 0.999938846 0.008466019 -11.288971901 0.274792701 -0.006183521 0.961483538 148.523757935
0.967357099 0.010990955 -0.253178537 -130.673889160 -0.008746392 0.999911904 0.009989397 -11.287148476 0.253266037 -0.007448914 0.967367947 149.588729858
0.972748876 0.012089974 -0.231545910 -130.904754639 -0.009381746 0.999874115 0.012793877 -11.297216415 0.231671453 -0.010272924 0.972739875 150.586822510
0.977742314 0.014448551 -0.209311277 -131.139953613 -0.011324733 0.999805987 0.016115123 -11.290407181 0.209503531 -0.013386043 0.977716267 151.631591797
0.982197225 0.016583180 -0.187119216 -131.352386475 -0.013036843 0.999711633 0.020167056 -11.279067039 0.187399685 -0.017368585 0.982130110 152.717163086
0.986243010 0.018465692 -0.164267197 -131.557937622 -0.014823810 0.999616981 0.023368888 -11.271035194 0.164635822 -0.020612331 0.986139119 153.843170166
0.989674509 0.020046337 -0.141924247 -131.733032227 -0.016927509 0.999588788 0.023148749 -11.254226685 0.142329901 -0.020507304 0.989606798 154.947082520
0.992662966 0.019139955 -0.119389534 -131.884323120 -0.016778914 0.999643862 0.020749973 -11.239704132 0.119744152 -0.018594502 0.992630661 156.060363770
0.994914412 0.019820770 -0.098754734 -131.992630005 -0.017953387 0.999643505 0.019762304 -11.224040985 0.099111214 -0.017888816 0.994915485 157.157104492
0.996769965 0.018833902 -0.078068674 -132.102615356 -0.017209826 0.999622345 0.021424085 -11.206800461 0.078442685 -0.020011336 0.996717870 158.309204102
0.998160899 0.018753003 -0.057645980 -132.186523438 -0.017459435 0.999586105 0.022862248 -11.190784454 0.058050849 -0.021813735 0.998075306 159.449325562
0.999079764 0.019477161 -0.038213000 -132.211135864 -0.018562919 0.999536335 0.024135530 -11.186905861 0.038665373 -0.023403976 0.998978078 160.607666016
0.999631941 0.020391442 -0.017888980 -132.249191284 -0.019959165 0.999512255 0.024018999 -11.159332275 0.018370032 -0.023653110 0.999551415 161.781158447
0.999757290 0.021766787 0.003397411 -132.264587402 -0.021844829 0.999450445 0.024932494 -11.150821686 -0.002852844 -0.025000660 0.999683380 163.016448975
0.999443293 0.023905387 0.023276767 -132.241806030 -0.024468752 0.999406934 0.024226462 -11.133966446 -0.022683822 -0.024782525 0.999435484 164.199066162
0.998703361 0.025369829 0.044135310 -132.207199097 -0.026401503 0.999387920 0.022951564 -11.119179726 -0.043526012 -0.024087042 0.998761892 165.439468384
0.997650027 0.025362130 0.063649163 -132.145217896 -0.026702868 0.999437213 0.020302845 -11.101245880 -0.063098416 -0.021954751 0.997765839 166.656600952
0.996207416 0.027371705 0.082592830 -132.059570312 -0.028926680 0.999424994 0.017689262 -11.090592384 -0.082061164 -0.020011310 0.996426344 167.918853760
0.994494200 0.027347811 0.101159722 -131.942413330 -0.029070901 0.999455571 0.015598295 -11.076686859 -0.100678071 -0.018453220 0.994747937 169.150787354
0.992233753 0.028308079 0.121123105 -131.811782837 -0.030076209 0.999465823 0.012794230 -11.077975273 -0.120696209 -0.016337791 0.992555141 170.429046631
0.989783406 0.029564478 0.139481053 -131.647735596 -0.030832643 0.999500394 0.006939453 -11.071928978 -0.139206231 -0.011169124 0.990200460 171.684661865
0.987075686 0.030864883 0.157254368 -131.441802979 -0.031339046 0.999508619 0.000536000 -11.085379601 -0.157160565 -0.005457274 0.987558007 172.965591431
0.984142125 0.032653801 0.174349815 -131.216552734 -0.032387402 0.999465823 -0.004373677 -11.098626137 -0.174399495 -0.001342418 0.984674096 174.247039795
0.980637372 0.035478469 0.192591727 -131.000656128 -0.034472570 0.999368906 -0.008572425 -11.121157646 -0.192774296 0.001767308 0.981241524 175.552734375
0.976895034 0.037549019 0.210395113 -130.745040894 -0.035883438 0.999287069 -0.011729792 -11.142301559 -0.210685566 0.003909073 0.977546096 176.846389771
0.973025203 0.037314139 0.227661148 -130.445831299 -0.035607103 0.999298513 -0.011602104 -11.171902657 -0.227934390 0.003182785 0.973671317 178.174102783
0.968958378 0.036610097 0.244498417 -130.138153076 -0.034633487 0.999323428 -0.012380105 -11.200002670 -0.244786233 0.003527972 0.969570696 179.479156494
0.964478910 0.036660485 0.261603296 -129.799926758 -0.033203769 0.999293149 -0.017623007 -11.230557442 -0.262064457 0.008310803 0.965014577 180.782196045
0.959867358 0.038146421 0.277847946 -129.434051514 -0.033356432 0.999202430 -0.021948144 -11.266150475 -0.278463602 0.011799295 0.960374296 182.083023071
0.954743505 0.040403005 0.294673502 -129.046264648 -0.035395667 0.999124348 -0.022308899 -11.310651779 -0.295316786 0.010869113 0.955337465 183.436340332
0.948991656 0.042770602 0.312387109 -128.664566040 -0.037521861 0.999035716 -0.022796806 -11.353006363 -0.313060939 0.009912630 0.949681282 184.723388672
0.942974389 0.046346325 0.329622805 -128.208282471 -0.039883126 0.998856962 -0.026347008 -11.395154953 -0.330467135 0.011698163 0.943745017 186.031341553
0.936746299 0.047077406 0.346828759 -127.714385986 -0.038814209 0.998773634 -0.030737350 -11.442777634 -0.347850442 0.015331210 0.937424719 187.374252319
0.930366874 0.047717940 0.363511235 -127.224243164 -0.038346522 0.998720944 -0.032957867 -11.505170822 -0.364618957 0.016723519 0.931006551 188.667846680
0.923363984 0.048482031 0.380852312 -126.704116821 -0.036695037 0.998597860 -0.038154367 -11.574952126 -0.382168114 0.021254977 0.923848331 189.966186523
0.915159404 0.051574528 0.399779260 -126.176040649 -0.037016951 0.998343050 -0.044055969 -11.645204544 -0.401389003 0.025519624 0.915552080 191.251327515
0.905587196 0.055398796 0.420526803 -125.579429626 -0.038641926 0.998086512 -0.048270769 -11.718638420 -0.422396272 0.027463423 0.905995131 192.575042725
0.894287646 0.058073800 0.443708301 -124.944152832 -0.040119804 0.997955322 -0.049754333 -11.801219940 -0.445690513 0.026693199 0.894789100 193.876281738
0.880809665 0.063561559 0.469184697 -124.332153320 -0.044024732 0.997649670 -0.052505486 -11.897407532 -0.471419305 0.025591612 0.881537914 195.150085449
