1 -1.22322e-18 -1.71789e-20 0 7.5476e-19 1 6.23824e-19 0 -2.14909e-19 -9.89981e-19 1 0
0.999871 0.00138128 0.0159924 0.0071502 -0.00136596 0.999999 -0.000969187 -0.00429728 -0.0159938 0.000947217 0.999872 0.099188
0.999285 0.00397807 0.0375868 0.0309511 -0.00395755 0.999992 -0.000620425 -0.00346566 -0.037589 0.00047123 0.999293 0.234457
0.997892 0.0055929 0.0646598 0.0649118 -0.00564535 0.999984 0.000628476 -0.00258335 -0.0646552 -0.000992178 0.997907 0.403609
0.995043 0.00518307 0.0993148 0.11468 -0.00547589 0.999981 0.00267595 -0.000773192 -0.0992991 -0.00320653 0.995052 0.595861
0.990473 0.00191491 0.137694 0.191709 -0.00254613 0.999987 0.00440819 -0.00370534 -0.137683 -0.00471678 0.990465 0.789614
0.984183 -0.00125557 0.17715 0.273644 0.000411718 0.999988 0.00480015 -0.00637249 -0.177154 -0.00465129 0.984172 0.981237
0.975213 -0.00156219 0.221262 0.363434 0.000255613 0.999982 0.00593361 -0.00816651 -0.221268 -0.00572998 0.975196 1.19589
0.962932 -0.00142841 0.26974 0.461385 -0.00088882 0.999964 0.00846828 0.000868085 -0.269742 -0.00839413 0.962896 1.41088
0.948233 -0.00552857 0.317527 0.606933 0.000654854 0.99988 0.0154537 0.00690475 -0.317574 -0.0144458 0.948123 1.64328
0.931614 -0.015133 0.363134 0.758698 0.00714648 0.999702 0.0233268 -0.00606685 -0.363379 -0.0191364 0.931445 1.84642
0.910468 -0.0207425 0.41306 0.920746 0.010092 0.999558 0.0279499 -0.00986505 -0.413457 -0.0212789 0.910275 2.07019
0.884814 -0.0224025 0.465406 1.10154 0.00849307 0.999453 0.0319624 -0.00902897 -0.465868 -0.024328 0.88452 2.31492
0.856364 -0.0244744 0.515792 1.28971 0.00685568 0.999327 0.0360358 0.00908879 -0.516327 -0.0273236 0.855956 2.53733
0.824177 -0.0295246 0.565562 1.51997 0.00796832 0.999146 0.0405474 0.0107139 -0.566277 -0.0289116 0.823708 2.75059
0.788434 -0.0354063 0.6141 1.7664 0.0106313 0.998977 0.0439473 0.0126204 -0.615028 -0.0281208 0.788004 2.95849
0.750762 -0.0396755 0.65938 2.04057 0.0119518 0.998847 0.0464933 0.021974 -0.660465 -0.0270246 0.750371 3.16654
0.71027 -0.0425679 0.702641 2.33166 0.0126693 0.998781 0.047702 0.0291883 -0.703815 -0.0249793 0.709944 3.37996
0.668442 -0.0439906 0.742462 2.63663 0.01203 0.998758 0.0483453 0.0488408 -0.743667 -0.0233842 0.668141 3.58086
0.625913 -0.0443234 0.778632 2.98114 0.00791533 0.998693 0.0504875 0.0673681 -0.779853 -0.0254376 0.625446 3.79978
0.583962 -0.0449997 0.810533 3.32214 0.00485839 0.998638 0.0519428 0.0835375 -0.811767 -0.0263947 0.583385 4.00355
0.544375 -0.0459445 0.837583 3.70805 0.00304146 0.9986 0.0528002 0.101808 -0.838836 -0.0261956 0.543753 4.19914
0.505261 -0.0485346 0.8616 4.12824 0.00214809 0.998485 0.0549858 0.114287 -0.862964 -0.0259314 0.5046 4.4037
0.467974 -0.048268 0.882423 4.54771 -0.000807779 0.998484 0.0550448 0.134243 -0.883742 -0.0264723 0.467225 4.59469
0.431541 -0.0476297 0.900835 5.01089 -0.00139921 0.998569 0.0534674 0.158766 -0.902093 -0.0243338 0.430856 4.78325
0.397972 -0.0463433 0.916226 5.50115 -0.00017987 0.998719 0.050594 0.175438 -0.917398 -0.0202998 0.397454 4.96439
0.3694 -0.0446551 0.928197 6.01218 0.00216703 0.998883 0.0471933 0.192902 -0.929268 -0.0154218 0.369084 5.12507
0.34415 -0.0426647 0.937945 6.54081 0.00317317 0.999014 0.0442783 0.212987 -0.938909 -0.0122621 0.343946 5.30089
0.323401 -0.0421711 0.945322 7.13675 0.00398042 0.999058 0.0432065 0.232841 -0.946254 -0.0102102 0.323264 5.49738
0.310138 -0.0426719 0.949733 7.71841 0.00528167 0.999054 0.0431631 0.255296 -0.950677 -0.00837033 0.31007 5.66125
0.297955 -0.044031 0.953564 8.33219 0.00619029 0.999004 0.0441949 0.272448 -0.95456 -0.00726525 0.297931 5.84682
0.287446 -0.0458922 0.956697 8.9828 0.0054736 0.998914 0.0462728 0.297381 -0.957781 -0.00806434 0.287385 6.04214
0.277698 -0.04726 0.959505 9.65643 0.00369268 0.998834 0.0481284 0.329141 -0.960661 -0.00982204 0.277549 6.23491
0.267053 -0.049098 0.96243 10.3472 0.00310525 0.99874 0.0500887 0.353365 -0.963677 -0.0103878 0.266869 6.43144
0.256994 -0.0512052 0.965055 11.0438 0.00233494 0.998625 0.0523646 0.376328 -0.96641 -0.011204 0.25676 6.61331
0.246517 -0.0528154 0.967698 11.7924 0.00197049 0.998539 0.0539966 0.406073 -0.969136 -0.0114043 0.246261 6.79508
0.235959 -0.0540503 0.970259 12.5502 0.00165572 0.998473 0.0552194 0.436296 -0.971762 -0.011423 0.235688 6.98129
0.225518 -0.0570051 0.97257 13.3106 0.000107684 0.998288 0.0584876 0.464034 -0.974239 -0.0130853 0.225138 7.16392
0.213354 -0.06028 0.975114 14.0885 -0.001682 0.998071 0.0620672 0.504559 -0.976974 -0.0148824 0.212841 7.34327
0.201428 -0.0642534 0.977394 14.8794 -0.00181655 0.99782 0.0659706 0.541079 -0.979502 -0.0150638 0.200872 7.49945
0.188885 -0.0666123 0.979737 15.6511 -0.00253002 0.99766 0.0683187 0.578502 -0.981996 -0.0153831 0.188274 7.64644
0.174432 -0.0669534 0.98239 16.4564 -0.00341384 0.997638 0.0685988 0.617997 -0.984663 -0.0153196 0.173792 7.78533
0.160501 -0.0663398 0.984804 17.2522 -0.00461405 0.997677 0.0679591 0.651418 -0.987025 -0.0154514 0.159822 7.90841
0.142608 -0.0651387 0.987633 18.0544 -0.00582423 0.99776 0.0666476 0.688791 -0.989762 -0.0152567 0.141909 8.03729
0.122625 -0.0635019 0.990419 18.8802 -0.00831463 0.99785 0.0650078 0.727155 -0.992418 -0.0162065 0.121833 8.13457
0.0969534 -0.0620527 0.993353 19.691 -0.0127363 0.997895 0.0635795 0.761474 -0.995207 -0.0188159 0.0959591 8.21191
0.0653905 -0.0616957 0.995951 20.5046 -0.0169339 0.997874 0.0629267 0.794367 -0.997716 -0.0209801 0.0642068 8.27335
0.0320267 -0.0613661 0.997601 21.3492 -0.0196413 0.997882 0.0620139 0.830038 -0.999294 -0.0215802 0.0307536 8.29107
-0.000801001 -0.060748 0.998153 22.1915 -0.0208123 0.997938 0.0607183 0.865645 -0.999783 -0.0207253 -0.00206366 8.27601
-0.0350363 -0.0596533 0.997604 23.0258 -0.0222203 0.998017 0.0588976 0.894432 -0.999139 -0.0201035 -0.0362924 8.23436
-0.0669807 -0.057753 0.996081 23.8572 -0.0240631 0.998127 0.0562535 0.921948 -0.997464 -0.0202009 -0.068245 8.15706
-0.0999347 -0.0545811 0.993496 24.6826 -0.0258 0.998301 0.0522498 0.952324 -0.994659 -0.0204107 -0.101173 8.07276
-0.132806 -0.05023 0.989868 25.5101 -0.0237604 0.998589 0.0474848 0.972812 -0.990857 -0.0172134 -0.133812 7.95036
-0.163145 -0.0446975 0.985589 26.3218 -0.0187303 0.998934 0.0422023 0.985296 -0.986424 -0.0115753 -0.163808 7.79945
-0.193393 -0.03838 0.98037 27.1584 -0.0126774 0.999249 0.0366183 0.997063 -0.981039 -0.00534683 -0.193735 7.60875
-0.223391 -0.0326789 0.974181 27.9824 -0.00724129 0.999466 0.0318666 1.0079 -0.974702 6.43736e-05 -0.223508 7.39483
-0.25076 -0.0263295 0.967691 28.7827 0.00167706 0.999617 0.0276327 1.01601 -0.968048 0.00855206 -0.25062 7.15966
-0.276977 -0.0157361 0.960748 29.5978 0.00839599 0.999788 0.0187961 1.01641 -0.96084 0.0132725 -0.276787 6.90856
-0.302001 -0.00054418 0.953308 30.3754 0.0124307 0.999913 0.00450874 1.00078 -0.953227 0.0132119 -0.301967 6.65314
-0.32556 0.0162489 0.945382 31.1328 0.0132689 0.999832 -0.0126154 0.973217 -0.945428 0.00843716 -0.325721 6.36781
-0.350757 0.0310319 0.935952 31.8967 0.0122477 0.999517 -0.0285494 0.942384 -0.936386 0.00144937 -0.350968 6.06753
-0.375347 0.0417982 0.925941 32.6456 0.0161483 0.999126 -0.0385558 0.897738 -0.926744 0.000480569 -0.375694 5.75371
-0.398331 0.0462685 0.916074 33.4056 0.0200098 0.998928 -0.0417525 0.850699 -0.917024 0.00169911 -0.39883 5.41111
-0.420487 0.0457712 0.906143 34.1331 0.0228638 0.998944 -0.0398491 0.801204 -0.90701 0.00396186 -0.42109 5.06087
-0.441176 0.0421988 0.896428 34.8692 0.0266319 0.99907 -0.0339237 0.757201 -0.897025 0.00890726 -0.441889 4.67812
-0.459329 0.041068 0.887316 35.592 0.0335895 0.999019 -0.0288501 0.720263 -0.887631 0.0165528 -0.460258 4.28084
-0.473113 0.0413961 0.880028 36.2972 0.036715 0.998954 -0.0272519 0.667076 -0.880236 0.019417 -0.474138 3.89374
-0.484326 0.0450342 0.873728 37.0052 0.0398676 0.998773 -0.0293799 0.619644 -0.873979 0.020604 -0.485527 3.49413
-0.493627 0.047612 0.868369 37.6941 0.0412751 0.998658 -0.0312927 0.577648 -0.868694 0.0203951 -0.49493 3.09646
-0.503707 0.046791 0.862606 38.3751 0.0353172 0.998813 -0.0335564 0.525844 -0.863152 0.0135622 -0.504762 2.69493
-0.514968 0.0458902 0.85598 39.0638 0.034455 0.998867 -0.032822 0.489025 -0.856516 0.0125905 -0.515966 2.28587
-0.523741 0.0471042 0.850574 39.7309 0.0360823 0.998801 -0.0330953 0.453016 -0.851113 0.0133573 -0.524813 1.87141
-0.531226 0.0500029 0.845753 40.4189 0.0394493 0.998634 -0.0342631 0.403308 -0.846311 0.015163 -0.532473 1.4363
-0.534298 0.0531163 0.843625 41.1207 0.0405506 0.998485 -0.0371844 0.360152 -0.844323 0.014342 -0.535643 0.986607
-0.53385 0.0549315 0.843793 41.8194 0.0401415 0.998409 -0.0396005 0.314923 -0.844626 0.0127304 -0.535206 0.543706
-0.530326 0.0554727 0.845977 42.5454 0.0421001 0.998349 -0.0390724 0.272923 -0.846748 0.0148946 -0.531786 0.0892661
-0.524558 0.0544809 0.84963 43.2813 0.0406203 0.998415 -0.0389427 0.230071 -0.850405 0.0140845 -0.52594 -0.353619
-0.517573 0.0529574 0.853998 44.017 0.0383377 0.998516 -0.0386842 0.183627 -0.85478 0.0127184 -0.518835 -0.791188
-0.510885 0.0522601 0.858059 44.7989 0.0363291 0.998571 -0.0391878 0.136467 -0.858881 0.011152 -0.512054 -1.23854
-0.504869 0.0510484 0.861685 45.5897 0.0336091 0.998655 -0.039471 0.0906267 -0.862541 0.00903279 -0.505906 -1.6929
-0.500396 0.0487115 0.864425 46.3912 0.0294344 0.998796 -0.0392446 0.0413924 -0.865296 0.00580608 -0.501227 -2.15096
-0.49858 0.0457547 0.865635 47.2182 0.0248864 0.99895 -0.0384674 -0.00687212 -0.866487 0.00236348 -0.499195 -2.62042
-0.498906 0.0433945 0.865569 48.0524 0.0221513 0.999058 -0.0373191 -0.0588544 -0.866373 0.000554766 -0.499397 -3.09502
-0.500289 0.0418821 0.864845 48.8846 0.0207755 0.999123 -0.0363668 -0.107006 -0.865609 -0.000226359 -0.50072 -3.56339
-0.500142 0.0414741 0.864949 49.7423 0.0210969 0.99914 -0.0357096 -0.156157 -0.865686 0.000387913 -0.500587 -4.05078
-0.500705 0.0407912 0.864656 50.6045 0.0209661 0.999168 -0.0349958 -0.208403 -0.865364 0.000605852 -0.501143 -4.54285
-0.500103 0.0402188 0.865032 51.4695 0.0212915 0.99919 -0.0341471 -0.254478 -0.865704 0.00134074 -0.500554 -5.04779
-0.500708 0.0395847 0.86471 52.3717 0.0208289 0.999216 -0.0336812 -0.310428 -0.865365 0.00114654 -0.50114 -5.55786
-0.500453 0.0379983 0.86493 53.2473 0.0189029 0.999278 -0.0329632 -0.362251 -0.865557 -0.000146855 -0.50081 -6.0648
-0.50084 0.0372032 0.86474 54.1314 0.0183518 0.999308 -0.0323636 -0.419913 -0.865345 -0.000339437 -0.501176 -6.56357
-0.50013 0.0363675 0.865186 55.0054 0.0171233 0.999338 -0.0321081 -0.470858 -0.865781 -0.00124337 -0.500421 -7.06087
-0.498194 0.0347935 0.866367 55.9008 0.0168365 0.999394 -0.0304543 -0.529174 -0.866902 -0.000585576 -0.498478 -7.57146
-0.49618 0.032745 0.867602 56.776 0.0175469 0.999463 -0.0276866 -0.58053 -0.868043 0.00148621 -0.496488 -8.07287
-0.492908 0.0316437 0.869506 57.6666 0.0182146 0.999495 -0.0260488 -0.623317 -0.869891 0.00299805 -0.493235 -8.57976
-0.491344 0.0312272 0.870406 58.5361 0.0182547 0.999507 -0.0255541 -0.674625 -0.870774 0.00333315 -0.491672 -9.06559
-0.488447 0.0314316 0.872027 59.4297 0.0188653 0.999498 -0.0254592 -0.727267 -0.87239 0.00401559 -0.488795 -9.56645
-0.488455 0.0319107 0.872005 60.3159 0.0182948 0.999486 -0.026328 -0.774352 -0.872397 0.00309315 -0.488788 -10.0517
-0.48953 0.0332359 0.871353 61.1854 0.0179017 0.999446 -0.0280645 -0.823967 -0.871803 0.00186026 -0.489854 -10.5341
-0.492774 0.0348978 0.869457 62.0747 0.0164718 0.999391 -0.0307774 -0.878118 -0.870002 -0.000844773 -0.493048 -11.0183
-0.496469 0.0351665 0.867342 62.9278 0.0152649 0.999378 -0.0317822 -0.937388 -0.86792 -0.00253904 -0.496697 -11.5122
-0.501731 0.0339392 0.864358 63.7977 0.0154924 0.999422 -0.0302498 -0.984614 -0.864885 -0.00178628 -0.501967 -12.0118
-0.506723 0.0320381 0.861513 64.6552 0.0182075 0.999484 -0.0264598 -1.03807 -0.861917 0.00227823 -0.507045 -12.5134
-0.51141 0.0298294 0.858819 65.5111 0.0158868 0.999555 -0.0252573 -1.08533 -0.85919 0.000727071 -0.511656 -13.0171
-0.516445 0.0319914 0.855722 66.3472 0.0168086 0.999488 -0.0272217 -1.1384 -0.856155 0.000324983 -0.516719 -13.5164
-0.521994 0.0343768 0.852256 67.1852 0.0174089 0.999409 -0.0296497 -1.18422 -0.852771 -0.000640207 -0.522284 -14.0194
-0.526209 0.0349429 0.849637 68.0177 0.0157459 0.999384 -0.0313496 -1.23846 -0.85021 -0.00311815 -0.526435 -14.5293
-0.530389 0.0349426 0.847034 68.8422 0.014508 0.999378 -0.0321428 -1.29289 -0.84763 -0.00475946 -0.530566 -15.0358
-0.533584 0.0337474 0.845073 69.6571 0.014688 0.999423 -0.0306371 -1.35229 -0.845619 -0.00393503 -0.533772 -15.547
-0.535301 0.0278339 0.844203 70.4875 0.0161217 0.999612 -0.0227353 -1.39464 -0.844508 0.00143978 -0.535541 -16.083
-0.537688 0.0195279 0.842918 71.289 0.0165157 0.999784 -0.0126268 -1.43135 -0.842982 0.00713212 -0.537895 -16.593
-0.539042 0.0168174 0.842111 72.104 0.0168553 0.999816 -0.0091776 -1.4628 -0.84211 0.00924695 -0.539227 -17.109
-0.539346 0.0213513 0.841813 72.908 0.0171615 0.99975 -0.0143618 -1.49813 -0.841909 0.00670081 -0.539577 -17.6266
-0.541135 0.0277059 0.840479 73.6916 0.0186281 0.999607 -0.020958 -1.53887 -0.840729 0.00431542 -0.541438 -18.1296
-0.541492 0.0317967 0.840104 74.4875 0.0239375 0.999462 -0.0223992 -1.57723 -0.840365 0.00798102 -0.541962 -18.6532
-0.541515 0.0327347 0.840053 75.2847 0.0270599 0.999403 -0.0215008 -1.61746 -0.840255 0.0110888 -0.542078 -19.1684
-0.540823 0.0299539 0.840603 76.083 0.0264033 0.999478 -0.018628 -1.66075 -0.840722 0.0121203 -0.541331 -19.6797
-0.539825 0.025167 0.841401 76.8856 0.0250029 0.999591 -0.0138572 -1.69165 -0.841406 0.013557 -0.540233 -20.1915
-0.539298 0.0188686 0.841904 77.6867 0.0226128 0.999713 -0.00792037 -1.72295 -0.841811 0.0147663 -0.53957 -20.6994
-0.53829 0.01278 0.842663 78.4773 0.0141401 0.999881 -0.00613177 -1.74944 -0.842641 0.00861465 -0.538407 -21.1933
-0.536006 0.00757576 0.84418 79.28 0.00663345 0.999967 -0.00476194 -1.77235 -0.844188 0.0030474 -0.536039 -21.6892
-0.534132 0.00754669 0.845367 80.0561 0.00793629 0.999961 -0.00391234 -1.79613 -0.845364 0.00461938 -0.534171 -22.1662
-0.530646 0.0108655 0.847524 80.8462 0.0134316 0.9999 -0.00440926 -1.82917 -0.847487 0.00904385 -0.530739 -22.6673
-0.526009 0.0142848 0.850359 81.6402 0.015441 0.999855 -0.00724468 -1.85333 -0.850339 0.00931967 -0.526153 -23.1515
-0.517602 0.0161703 0.855468 82.4121 0.0197592 0.999781 -0.00694273 -1.87891 -0.855393 0.0133098 -0.517808 -23.6214
-0.509528 0.0189525 0.860245 83.2045 0.0273132 0.99961 -0.00584513 -1.91285 -0.86002 0.0205178 -0.509847 -24.0908
-0.499695 0.0185867 0.866002 84.0098 0.0259426 0.999642 -0.00648568 -1.93624 -0.865813 0.0192255 -0.499998 -24.5509
-0.488438 0.0162178 0.872448 84.7995 0.0234845 0.999709 -0.00543565 -1.96377 -0.872282 0.017834 -0.488677 -24.9797
-0.477234 0.0126097 0.878686 85.6239 0.0235104 0.999722 -0.0015776 -1.98991 -0.878462 0.0199054 -0.477398 -25.417
-0.466393 0.011855 0.884498 86.442 0.0230983 0.999732 -0.0012199 -2.01148 -0.884276 0.0198614 -0.466542 -25.8327
-0.453828 0.0109072 0.891023 87.2565 0.0240304 0.999711 1.8295e-06 -2.03525 -0.890765 0.0214125 -0.453959 -26.2405
-0.441768 0.0123006 0.897045 88.0911 0.0266596 0.999644 -0.00057839 -2.05438 -0.896733 0.0236594 -0.441938 -26.6474
-0.429273 0.0155847 0.90304 88.9253 0.0255201 0.999661 -0.00512085 -2.0801 -0.902814 0.0208475 -0.429525 -27.0397
-0.419001 0.0245289 0.907654 89.7384 0.0283554 0.999501 -0.0139213 -2.11203 -0.907543 0.0199039 -0.419487 -27.4063
-0.404908 0.0289741 0.913898 90.5596 0.0275011 0.999432 -0.0195013 -2.14599 -0.913944 0.017237 -0.405475 -27.768
-0.393667 0.0263168 0.918876 91.391 0.0265237 0.999499 -0.0172625 -2.17566 -0.91887 0.0175763 -0.394168 -28.1138
-0.381298 0.0221424 0.924187 92.2451 0.025799 0.999579 -0.0133047 -2.21626 -0.924092 0.0187701 -0.381708 -28.4599
-0.3718 0.0221772 0.928048 93.0746 0.0226972 0.999633 -0.0147947 -2.25279 -0.928035 0.0155634 -0.372167 -28.7773
-0.364905 0.0270931 0.93065 93.9059 0.0192974 0.999582 -0.0215334 -2.2895 -0.930845 0.0101015 -0.365276 -29.0928
-0.359471 0.032656 0.932585 94.7331 0.013663 0.999465 -0.0297314 -2.32389 -0.933056 0.00205431 -0.359724 -29.4019
-0.355795 0.0346666 0.933921 95.5636 0.0102853 0.999397 -0.0331787 -2.36922 -0.934507 -0.00219912 -0.355937 -29.7083
-0.350019 0.0347278 0.936099 96.3988 0.0103534 0.999395 -0.0332047 -2.41723 -0.936686 -0.00193048 -0.350166 -30.0224
-0.3465 0.0338706 0.937438 97.2376 0.00881736 0.999421 -0.032851 -2.46856 -0.938009 -0.00311714 -0.346598 -30.3167
-0.340958 0.0303927 0.939587 98.0623 0.0074566 0.999533 -0.0296259 -2.50597 -0.940049 -0.00309505 -0.341025 -30.6043
-0.335727 0.0269711 0.941573 98.9056 0.00817064 0.999636 -0.025721 -2.54981 -0.941924 -0.00094197 -0.335825 -30.8987
-0.329329 0.0237602 0.943916 99.7373 0.00692077 0.999717 -0.0227502 -2.59176 -0.94419 -0.000959668 -0.3294 -31.1845
-0.325069 0.0226656 0.945419 100.561 0.00047416 0.999717 -0.0238043 -2.63057 -0.94569 -0.00728978 -0.324988 -31.4409
-0.318704 0.0220892 0.947597 101.418 -0.00964459 0.999601 -0.0265452 -2.66713 -0.947805 -0.0175993 -0.318364 -31.7059
-0.311766 0.0251075 0.949827 102.258 -0.00908745 0.999526 -0.029404 -2.71355 -0.950116 -0.0177987 -0.31139 -31.9723
-0.304508 0.0287516 0.952076 103.095 -0.00712683 0.999448 -0.0324616 -2.76349 -0.952483 -0.0166701 -0.304135 -32.2313
-0.29803 0.0272448 0.954168 103.936 -0.00792622 0.999488 -0.0310146 -2.80565 -0.954524 -0.0168062 -0.297661 -32.4952
-0.29027 0.0231341 0.956665 104.799 -0.00743306 0.999623 -0.0264283 -2.84218 -0.956916 -0.0147823 -0.289989 -32.7545
-0.283989 0.0199218 0.958621 105.654 -0.00860872 0.999691 -0.0233257 -2.88697 -0.958789 -0.0148767 -0.28373 -32.9937
-0.276991 0.0230101 0.960597 106.497 -0.0097947 0.999594 -0.0267686 -2.92533 -0.960823 -0.0168234 -0.276653 -33.2293
-0.270579 0.0256233 0.962357 107.342 -0.00948473 0.999526 -0.0292797 -2.97174 -0.962651 -0.0170502 -0.270208 -33.462
-0.263791 0.0264528 0.964217 108.193 -0.0109984 0.999476 -0.0304291 -3.01177 -0.964517 -0.0186317 -0.263362 -33.688
-0.255608 0.0258602 0.966435 109.044 -0.0114626 0.999491 -0.0297764 -3.05181 -0.966713 -0.018689 -0.255181 -33.9091
-0.247846 0.0257709 0.968457 109.89 -0.0084077 0.999551 -0.02875 -3.09599 -0.968763 -0.0152681 -0.247518 -34.1207
-0.239908 0.0263476 0.970438 110.733 -0.00515349 0.999583 -0.0284129 -3.14368 -0.970782 -0.0118176 -0.239672 -34.3283
-0.232468 0.0276031 0.972212 111.599 -0.00239456 0.999578 -0.0289526 -3.17901 -0.972601 -0.00905858 -0.232304 -34.5316
-0.226503 0.026117 0.97366 112.46 -0.00897656 0.999542 -0.0288994 -3.22457 -0.973969 -0.0152859 -0.226165 -34.7104
-0.218665 0.0246738 0.975488 113.323 -0.0130632 0.999517 -0.0282098 -3.27031 -0.975713 -0.0189115 -0.218237 -34.9025
-0.214676 0.0242726 0.976384 114.192 -0.0108942 0.999569 -0.0272443 -3.31525 -0.976625 -0.0164856 -0.21432 -35.0886
-0.210766 0.0244423 0.977231 115.03 -0.010176 0.999578 -0.027196 -3.3562 -0.977484 -0.0156762 -0.210428 -35.2638
-0.205717 0.0256952 0.978274 115.88 -0.00978986 0.999551 -0.0283127 -3.39394 -0.978563 -0.0154016 -0.205373 -35.4425
-0.199931 0.0248411 0.979495 116.741 -0.00369995 0.999652 -0.0261075 -3.43408 -0.979803 -0.00884376 -0.199769 -35.6155
-0.194141 0.0236235 0.980689 117.59 0.00311992 0.99972 -0.0234643 -3.47537 -0.980969 -0.0014957 -0.19416 -35.7894
-0.189202 0.022568 0.981679 118.466 0.00589134 0.999744 -0.0218478 -3.51821 -0.981921 0.00164975 -0.189287 -35.9667
-0.184516 0.0238769 0.982539 119.324 0.00351187 0.999714 -0.0236347 -3.5587 -0.982823 -0.000910446 -0.184548 -36.1189
-0.180875 0.0256139 0.983173 120.168 0.00144914 0.999667 -0.0257771 -3.59747 -0.983505 -0.00323766 -0.180852 -36.2664
-0.179164 0.0251004 0.983499 121.026 1.65839e-05 0.999675 -0.0255102 -3.63714 -0.983819 -0.0045542 -0.179106 -36.4149
-0.178734 0.0240919 0.983602 121.869 -0.000668126 0.999697 -0.0246076 -3.67498 -0.983897 -0.00505539 -0.178664 -36.5556
-0.176882 0.0199949 0.984029 122.718 0.000528347 0.999795 -0.0202203 -3.70654 -0.984232 -0.00305671 -0.176857 -36.7092
-0.175803 0.0149467 0.984312 123.592 -0.000581883 0.999883 -0.0152871 -3.74054 -0.984425 -0.00326026 -0.175773 -36.8629
-0.174765 0.0130257 0.984524 124.437 0.000666526 0.999914 -0.013111 -3.77523 -0.98461 -0.00163513 -0.174758 -37.0111
-0.174529 0.0171067 0.984503 125.29 -0.000364727 0.999848 -0.0174379 -3.80712 -0.984652 -0.00340251 -0.174497 -37.1524
-0.174034 0.02081 0.98452 126.129 0.000499196 0.999778 -0.0210443 -3.84209 -0.984739 -0.00317096 -0.174006 -37.2941
-0.174527 0.0195316 0.984459 126.961 -0.00317965 0.999787 -0.0203994 -3.87558 -0.984647 -0.00669049 -0.174428 -37.4323
-0.173547 0.019264 0.984637 127.793 -0.00357357 0.99979 -0.0201903 -3.90936 -0.984819 -0.00702262 -0.173441 -37.5729
-0.172905 0.018769 0.98476 128.63 -0.00104695 0.999814 -0.0192398 -3.9518 -0.984938 -0.00435764 -0.172853 -37.7204
-0.171651 0.0217437 0.984918 129.463 -0.00196331 0.999747 -0.0224133 -3.98563 -0.985156 -0.00578096 -0.171565 -37.8617
-0.172425 0.0231797 0.98475 130.294 -0.0105795 0.999622 -0.0253822 -4.02139 -0.984966 -0.0147947 -0.172114 -37.9845
-0.171801 0.0237633 0.984845 131.123 -0.0170998 0.999486 -0.0270996 -4.0633 -0.984983 -0.0214964 -0.171307 -38.1126
-0.171027 0.0270597 0.984895 131.951 -0.0172319 0.999388 -0.0304503 -4.10765 -0.985116 -0.0221794 -0.170456 -38.2563
-0.169767 0.0278287 0.985091 132.752 -0.0149722 0.999413 -0.0308135 -4.15357 -0.985371 -0.0199801 -0.16925 -38.3921
-0.168994 0.0293869 0.985179 133.575 -0.014989 0.999363 -0.0323812 -4.19667 -0.985503 -0.020239 -0.168446 -38.5215
-0.167063 0.0281289 0.985545 134.379 -0.0095863 0.999499 -0.0301522 -4.23645 -0.9859 -0.014485 -0.166709 -38.6621
-0.163369 0.0256106 0.986233 135.184 -0.00198807 0.999652 -0.0262884 -4.27633 -0.986563 -0.0062554 -0.163261 -38.8063
-0.158993 0.0204853 0.987067 135.984 0.00139261 0.999788 -0.020525 -4.31609 -0.987279 -0.00188874 -0.158988 -38.9518
-0.158068 0.0197991 0.98723 136.783 0.00308058 0.999804 -0.0195581 -4.34738 -0.987424 -5.02518e-05 -0.158098 -39.0683
-0.152812 0.0241686 0.98796 137.572 0.00210693 0.999707 -0.0241301 -4.39187 -0.988253 -0.0016058 -0.152818 -39.19
-0.145513 0.0276201 0.988971 138.36 0.00647257 0.999615 -0.026965 -4.43119 -0.989335 0.00247743 -0.145635 -39.3072
-0.136922 0.0282619 0.990179 139.137 0.00433107 0.9996 -0.0279319 -4.46316 -0.990572 0.00046405 -0.13699 -39.4092
-0.128715 0.0240215 0.991391 139.886 0.00674842 0.999705 -0.0233468 -4.49776 -0.991659 0.00368524 -0.128839 -39.4947
-0.115349 0.0223525 0.993073 140.661 0.0124709 0.999701 -0.0210531 -4.53175 -0.993247 0.00995603 -0.115593 -39.5914
-0.101431 0.0244773 0.994541 141.43 0.0131319 0.999643 -0.0232636 -4.56928 -0.994756 0.0107005 -0.101717 -39.6693
-0.0869948 0.0256133 0.995879 142.188 0.0121322 0.999623 -0.0246498 -4.60427 -0.996135 0.00993779 -0.0872727 -39.7332
-0.0728014 0.0256455 0.997017 142.964 0.0149132 0.999586 -0.0246227 -4.64186 -0.997235 0.0130761 -0.0731537 -39.7867
-0.0595063 0.0272793 0.997855 143.721 0.0170858 0.999508 -0.0263056 -4.67431 -0.998082 0.0154838 -0.0599431 -39.8217
-0.0475072 0.0330891 0.998323 144.451 0.0158112 0.999351 -0.0323707 -4.71775 -0.998746 0.0142469 -0.0479995 -39.8322
-0.0343422 0.0420472 0.998525 145.175 0.00918786 0.999086 -0.0417548 -4.76062 -0.999368 0.00774036 -0.0346971 -39.8379
-0.022005 0.0503325 0.99849 145.921 0.00313689 0.99873 -0.0502755 -4.80626 -0.999753 0.00202584 -0.022135 -39.8311
-0.00719618 0.0511036 0.998667 146.645 0.00190048 0.998692 -0.0510911 -4.85269 -0.999972 0.00153029 -0.00728389 -39.8297
0.00267124 0.0471228 0.998885 147.373 -9.21775e-05 0.998889 -0.0471227 -4.90015 -0.999996 3.38022e-05 0.00267262 -39.7981
0.0140624 0.04465 0.998904 148.109 -0.000871438 0.999003 -0.0446422 -4.94817 -0.999901 -0.000242703 0.0140873 -39.7699
0.0233383 0.0505326 0.99845 148.859 -0.00396039 0.998719 -0.0504536 -5.00949 -0.99972 -0.00277675 0.0235085 -39.7368
0.0314014 0.0588951 0.99777 149.603 -0.0090199 0.998239 -0.0586389 -5.063 -0.999466 -0.00715845 0.0318773 -39.7098
0.0323325 0.0621598 0.997542 150.33 -0.0144355 0.997989 -0.0617198 -5.11264 -0.999373 -0.0124045 0.0331648 -39.659
0.0326765 0.0579273 0.997786 151.091 -0.0156008 0.998227 -0.057442 -5.16621 -0.999344 -0.0136892 0.0335223 -39.6279
0.0314033 0.0530889 0.998096 151.841 -0.0139002 0.998515 -0.0526739 -5.23491 -0.99941 -0.0122196 0.0320946 -39.5969
0.0288985 0.0503872 0.998312 152.586 -0.0119491 0.998675 -0.0500596 -5.287 -0.999511 -0.0104823 0.0294623 -39.5748
0.0263021 0.0503769 0.998384 153.327 -0.0109615 0.998684 -0.0501033 -5.33714 -0.999594 -0.00962599 0.0268197 -39.5574
0.022934 0.0505276 0.998459 154.069 -0.00984626 0.998685 -0.0503129 -5.38905 -0.999689 -0.00867721 0.0234013 -39.5452
0.0187359 0.0491095 0.998618 154.818 -0.0106307 0.998746 -0.0489164 -5.4416 -0.999768 -0.00969952 0.0192345 -39.5307
0.0132574 0.049386 0.998692 155.53 -0.0114111 0.998722 -0.049236 -5.48928 -0.999847 -0.0107435 0.013804 -39.5142
0.00806996 0.0476123 0.998833 156.264 -0.0132976 0.998783 -0.0475024 -5.53837 -0.999879 -0.0128987 0.00869326 -39.5092
-0.000356309 0.0451005 0.998982 156.992 -0.0120525 0.99891 -0.0451016 -5.58841 -0.999927 -0.0120563 0.000187651 -39.5019
-0.00560104 0.0447216 0.998984 157.721 -0.0127015 0.998916 -0.0447898 -5.63922 -0.999904 -0.0129395 -0.00502693 -39.505
-0.00898824 0.0461005 0.998896 158.452 -0.0138225 0.998836 -0.046222 -5.68599 -0.999864 -0.0142227 -0.00834055 -39.5212
-0.0150301 0.0483465 0.998717 159.135 -0.0140231 0.998722 -0.0485578 -5.73159 -0.999789 -0.014735 -0.0143329 -39.5183
-0.0177839 0.0502797 0.998577 159.834 -0.0143661 0.998619 -0.0505376 -5.78193 -0.999739 -0.0152444 -0.017037 -39.5273
-0.0180043 0.051677 0.998502 160.553 -0.0115174 0.998586 -0.0518891 -5.82946 -0.999772 -0.0124344 -0.0173837 -39.5463
-0.0193974 0.0502603 0.998548 161.25 -0.00835304 0.998693 -0.0504299 -5.87566 -0.999777 -0.00931912 -0.0189522 -39.5479
-0.0147233 0.0467624 0.998797 161.957 -0.00612903 0.998883 -0.0468567 -5.92593 -0.999873 -0.00681155 -0.0144202 -39.5609
-0.00560209 0.0456589 0.998941 162.659 -0.00470846 0.998945 -0.0456855 -5.97726 -0.999973 -0.00495941 -0.0053812 -39.5627
0.00370007 0.0465945 0.998907 163.331 -0.00279412 0.99891 -0.0465844 -6.0208 -0.999989 -0.0026187 0.00382623 -39.5453
0.0186744 0.0470392 0.998718 164.024 -0.00160896 0.998893 -0.0470174 -6.06892 -0.999824 -0.000728878 0.0187294 -39.5257
0.035799 0.0451126 0.99834 164.708 -0.00212149 0.998982 -0.0450655 -6.10797 -0.999357 -0.000504665 0.0358583 -39.5004
0.0496732 0.0400129 0.997964 165.372 -0.0055468 0.999193 -0.0397861 -6.15093 -0.99875 -0.0035592 0.049855 -39.4374
0.0662235 0.0335815 0.99724 166.033 -0.0084253 0.999417 -0.0330953 -6.19021 -0.997769 -0.00621035 0.0664678 -39.3827
0.0827198 0.0263118 0.996225 166.684 -0.00712983 0.999641 -0.0258101 -6.21838 -0.996547 -0.00496791 0.0828777 -39.315
0.101071 0.0190903 0.994696 167.355 -0.00728275 0.999803 -0.0184483 -6.24575 -0.994853 -0.00537953 0.10119 -39.2353
0.116378 0.0132732 0.993116 167.991 -0.0100527 0.999875 -0.0121855 -6.27682 -0.993154 -0.0085654 0.116497 -39.1313
0.135788 0.010662 0.99068 168.638 -0.0104113 0.999902 -0.0093342 -6.302 -0.990683 -0.00904683 0.135886 -39.0361
0.152131 0.00971788 0.988312 169.266 -0.00870647 0.999926 -0.00849189 -6.32172 -0.988322 -0.00731284 0.152205 -38.9116
0.170844 0.00890743 0.985258 169.899 -0.00860344 0.999935 -0.00754828 -6.33584 -0.985261 -0.00718703 0.170909 -38.7926
0.185707 0.00820197 0.982571 170.514 -0.0134163 0.999893 -0.00581087 -6.35117 -0.982514 -0.0121034 0.185797 -38.6505
0.199627 0.00515239 0.979858 171.123 -0.0171849 0.999851 -0.00175642 -6.37252 -0.979721 -0.0164882 0.199686 -38.5074
0.212676 0.000750969 0.977122 171.749 -0.0136399 0.999905 0.00220033 -6.38681 -0.977028 -0.0137958 0.212666 -38.368
0.222433 -0.00097767 0.974947 172.357 -0.0107305 0.999936 0.00345089 -6.39866 -0.974889 -0.0112293 0.222409 -38.2192
0.233932 0.0024385 0.97225 172.957 -0.0142847 0.999898 0.000929177 -6.41584 -0.972148 -0.0141056 0.233943 -38.0602
0.241717 0.00955529 0.9703 173.534 -0.0183996 0.999817 -0.00526233 -6.43287 -0.970172 -0.0165811 0.241849 -37.8867
0.251723 0.0190513 0.967612 174.11 -0.0190348 0.99971 -0.0147314 -6.45729 -0.967612 -0.01471 0.252013 -37.7306
0.259141 0.0255065 0.965503 174.695 -0.0148977 0.999638 -0.0224097 -6.4733 -0.965725 -0.00857647 0.259427 -37.5682
0.266271 0.0239789 0.9636 175.292 -0.0149691 0.999673 -0.0207402 -6.48741 -0.963782 -0.00890173 0.266542 -37.4068
0.271624 0.0170689 0.962252 175.895 -0.0177888 0.999761 -0.0127128 -6.50072 -0.962239 -0.0136642 0.271863 -37.2172
0.275313 0.00673149 0.961331 176.483 -0.0220967 0.999756 -0.000672322 -6.51929 -0.961101 -0.0210572 0.275394 -37.0327
0.278124 -0.00187249 0.960543 177.091 -0.022039 0.999722 0.00833025 -6.53982 -0.960292 -0.0234863 0.278006 -36.8557
0.27902 -0.00315028 0.96028 177.692 -0.0189193 0.999782 0.00877707 -6.55671 -0.960099 -0.0206168 0.2789 -36.682
0.278665 -0.000542222 0.960388 178.271 -0.0152436 0.999871 0.00498759 -6.55601 -0.960267 -0.0160297 0.278621 -36.5074
0.280832 -0.000979501 0.959757 178.888 -0.0122938 0.999914 0.00461774 -6.56479 -0.959678 -0.0130959 0.280795 -36.3361
0.282391 -0.00264986 0.959296 179.496 -0.0133668 0.999888 0.00669681 -6.55984 -0.959206 -0.0147138 0.282324 -36.1492
0.284501 -0.00630881 0.958655 180.085 -0.0142198 0.999841 0.0107999 -6.57108 -0.95857 -0.0167045 0.284366 -35.9598
0.288523 -0.0113572 0.957406 180.695 -0.0140599 0.999772 0.0160968 -6.57836 -0.95737 -0.0181054 0.288297 -35.7792
0.293488 -0.014529 0.955852 181.31 -0.01224 0.999745 0.0189543 -6.5834 -0.955884 -0.0172625 0.293235 -35.5946
0.297875 -0.016846 0.954456 181.906 -0.00997723 0.999735 0.020759 -6.585 -0.954553 -0.0157064 0.297628 -35.3962
0.305967 -0.0198158 0.951836 182.52 -0.00847391 0.999687 0.0235359 -6.58201 -0.952005 -0.015267 0.305703 -35.2028
0.315875 -0.0219192 0.948548 183.127 -0.00626366 0.999663 0.0251862 -6.58421 -0.94878 -0.0138971 0.315631 -34.9939
0.326123 -0.0201353 0.945113 183.737 -0.00783732 0.999681 0.0240022 -6.59089 -0.945295 -0.0152348 0.325862 -34.7696
0.337618 -0.0164187 0.94114 184.336 -0.00877238 0.99975 0.0205881 -6.5881 -0.941242 -0.0152069 0.337389 -34.5382
0.349121 -0.0129972 0.936988 184.934 -0.0103023 0.99979 0.0177069 -6.58469 -0.937021 -0.015835 0.348913 -34.3058
0.362342 -0.0123318 0.931964 185.544 -0.00910463 0.999818 0.0167695 -6.57662 -0.932001 -0.0145615 0.362164 -34.0645
0.372824 -0.01555 0.927772 186.143 -0.0083418 0.999763 0.0201087 -6.58101 -0.927865 -0.0152363 0.372606 -33.8066
0.384034 -0.0170673 0.923161 186.76 -0.00863393 0.999719 0.0220743 -6.58091 -0.923279 -0.0164478 0.383778 -33.5344
0.394831 -0.0175738 0.918585 187.363 -0.0105847 0.999664 0.0236746 -6.58237 -0.918693 -0.0190704 0.394513 -33.2564
0.405396 -0.0184892 0.913954 187.991 -0.0135853 0.999563 0.026247 -6.57028 -0.91404 -0.0230568 0.404968 -32.9654
0.411496 -0.0175247 0.911243 188.609 -0.0175302 0.999478 0.0271379 -6.5664 -0.911243 -0.0271414 0.410974 -32.6642
0.415546 -0.0196872 0.909359 189.235 -0.0181224 0.999388 0.0299177 -6.5575 -0.909392 -0.028912 0.414935 -32.3669
0.418088 -0.0242835 0.908082 189.878 -0.0144825 0.999337 0.0333916 -6.54874 -0.908291 -0.0271119 0.417459 -32.0745
0.417567 -0.0236408 0.908338 190.497 -0.0110696 0.999455 0.0311009 -6.54132 -0.908579 -0.0230416 0.417078 -31.7812
0.416525 -0.023432 0.908822 191.146 -0.0092377 0.999507 0.0300039 -6.53592 -0.909077 -0.0208928 0.416104 -31.4831
0.414538 -0.0223235 0.909758 191.792 -0.00620632 0.999606 0.0273561 -6.52837 -0.910011 -0.0169864 0.414237 -31.1816
0.415099 -0.0236698 0.909468 192.45 -0.00335233 0.999615 0.027546 -6.5134 -0.90977 -0.0144832 0.41486 -30.8941
0.414526 -0.0296918 0.909553 193.125 0.000230696 0.999471 0.032522 -6.5058 -0.910037 -0.0132714 0.414314 -30.5875
0.413494 -0.0330205 0.909908 193.793 0.00101131 0.999358 0.035807 -6.49833 -0.910506 -0.0138858 0.413262 -30.2865
0.411815 -0.0355716 0.910573 194.469 0.00199998 0.999271 0.038132 -6.49133 -0.911265 -0.0138822 0.411586 -29.9805
0.411287 -0.0362075 0.910787 195.134 0.00153903 0.999237 0.0390288 -6.47528 -0.911505 -0.0146503 0.411028 -29.677
0.40886 -0.0361703 0.91188 195.796 0.000190492 0.999218 0.0395491 -6.45747 -0.912597 -0.0159964 0.408547 -29.3718
0.407085 -0.0354262 0.912703 196.471 -0.000651472 0.999236 0.0390756 -6.45086 -0.91339 -0.0165017 0.406751 -29.0667
0.407114 -0.0322966 0.912806 197.153 0.0003137 0.99938 0.0352198 -6.44301 -0.913377 -0.0140521 0.406872 -28.7633
0.407192 -0.026628 0.912954 197.818 -0.000381901 0.99957 0.0293246 -6.4369 -0.913342 -0.0122894 0.407007 -28.4726
0.40528 -0.0236332 0.913887 198.481 -0.00237186 0.999635 0.0269025 -6.42445 -0.914189 -0.0130707 0.405076 -28.1665
0.404233 -0.0258543 0.91429 199.163 -0.00322882 0.999554 0.029693 -6.41016 -0.91465 -0.014955 0.403969 -27.8613
0.403671 -0.0288892 0.914448 199.826 -0.00518968 0.999413 0.0338644 -6.40844 -0.914889 -0.0184158 0.403284 -27.5655
0.401208 -0.0283751 0.915547 200.505 -0.00868845 0.999357 0.03478 -6.40453 -0.915946 -0.0219087 0.400704 -27.2509
0.396672 -0.0281098 0.91753 201.185 -0.0114724 0.999301 0.0355748 -6.39568 -0.917889 -0.0246378 0.396073 -26.9518
0.389054 -0.0289414 0.92076 201.85 -0.0122634 0.999255 0.0365904 -6.38716 -0.921133 -0.0255273 0.388409 -26.6651
0.380277 -0.0293451 0.924407 202.54 -0.011342 0.999273 0.0363876 -6.37199 -0.924803 -0.024322 0.379668 -26.3761
0.370526 -0.0290243 0.928368 203.214 -0.00879503 0.999357 0.0347539 -6.37205 -0.92878 -0.0210423 0.370033 -26.1156
0.360103 -0.0255902 0.932561 203.9 -0.0103868 0.999452 0.0314366 -6.36929 -0.932855 -0.0210067 0.35964 -25.8502
0.349447 -0.0252936 0.936615 204.571 -0.0131546 0.999405 0.0318972 -6.34934 -0.936864 -0.0234672 0.348906 -25.5984
0.33857 -0.032524 0.940379 205.271 -0.00869116 0.999252 0.0376893 -6.33136 -0.940901 -0.0209334 0.338034 -25.3541
0.329396 -0.0418505 0.943264 205.963 -0.00370605 0.998952 0.0456155 -6.32778 -0.944185 -0.0185213 0.328896 -25.1216
0.322627 -0.0469458 0.945361 206.651 -0.00377056 0.998698 0.0508812 -6.3154 -0.946519 -0.0199802 0.32203 -24.8963
0.317936 -0.0472329 0.946935 207.355 -0.00962541 0.998546 0.053039 -6.28925 -0.948063 -0.0259777 0.317019 -24.644
0.315934 -0.0492838 0.9475 208.039 -0.00916262 0.998445 0.0549889 -6.26521 -0.948737 -0.0260545 0.314991 -24.4197
0.313755 -0.0502091 0.948176 208.732 -0.00856652 0.998411 0.0557039 -6.24285 -0.949465 -0.0255999 0.312826 -24.1888
0.313011 -0.0489687 0.948486 209.444 -0.00829275 0.998491 0.0542871 -6.2229 -0.949713 -0.024858 0.312132 -23.9588
0.313346 -0.0467103 0.94849 210.145 -0.0115223 0.998529 0.0529811 -6.19384 -0.949569 -0.0275301 0.312346 -23.7211
0.312502 -0.0473476 0.948736 210.852 -0.0131289 0.998446 0.0541529 -6.16841 -0.949826 -0.0293788 0.311395 -23.4788
0.314005 -0.0484736 0.948183 211.541 -0.0136292 0.998363 0.0555524 -6.14498 -0.949324 -0.0303667 0.31283 -23.2424
0.316228 -0.0503091 0.947348 212.258 -0.0119448 0.998303 0.0570023 -6.11921 -0.948608 -0.0293416 0.31509 -23.0095
0.317558 -0.0513705 0.946846 212.98 -0.00893 0.998325 0.0571585 -6.0956 -0.948197 -0.0266065 0.316568 -22.764
0.319622 -0.0523314 0.946099 213.691 -0.00839702 0.998278 0.0580544 -6.06379 -0.947508 -0.0264999 0.318632 -22.5174
0.324064 -0.0539632 0.944495 214.424 -0.00964885 0.998131 0.0603383 -6.03509 -0.945986 -0.0286668 0.322938 -22.264
0.328703 -0.0579912 0.942651 215.125 -0.0106599 0.997822 0.0651023 -6.00129 -0.944373 -0.0314479 0.327369 -22.0092
0.334226 -0.061841 0.940462 215.856 -0.0107013 0.997532 0.0693968 -5.96511 -0.942432 -0.0332584 0.332739 -21.7473
0.339262 -0.0621817 0.938635 216.581 -0.0117087 0.997456 0.0703105 -5.93148 -0.940619 -0.0348438 0.337671 -21.4821
0.343426 -0.058149 0.937378 217.3 -0.0156376 0.997589 0.0676133 -5.89819 -0.939049 -0.0378785 0.341689 -21.2013
0.347838 -0.0515812 0.936134 218.011 -0.0225892 0.997734 0.0633688 -5.86534 -0.937282 -0.0431887 0.345885 -20.9239
0.352259 -0.0487549 0.934632 218.733 -0.0259093 0.997751 0.0618127 -5.82845 -0.935544 -0.0459898 0.350204 -20.6396
0.356765 -0.0488668 0.932915 219.463 -0.0269133 0.997679 0.0625513 -5.79621 -0.933807 -0.047424 0.354621 -20.3502
0.360229 -0.0469129 0.931684 220.187 -0.0288096 0.997699 0.061376 -5.76934 -0.932419 -0.0489508 0.358048 -20.0566
0.364572 -0.0439317 0.930138 220.91 -0.0297847 0.997825 0.0588029 -5.73831 -0.930699 -0.0491417 0.36247 -19.7638
0.368673 -0.0433122 0.928549 221.635 -0.0304689 0.997814 0.0586406 -5.70725 -0.92906 -0.0499111 0.366548 -19.4682
0.372799 -0.044848 0.926828 222.355 -0.0299305 0.99773 0.0603179 -5.67811 -0.927429 -0.0502269 0.370611 -19.1605
0.377132 -0.0452768 0.925052 223.09 -0.0270505 0.99784 0.0598676 -5.65426 -0.925764 -0.0476011 0.375093 -18.8664
0.380885 -0.0452075 0.923517 223.81 -0.0235448 0.998006 0.0585644 -5.62542 -0.924323 -0.0440503 0.379061 -18.5673
0.384822 -0.0430657 0.921985 224.53 -0.0254551 0.998036 0.0572426 -5.59926 -0.92264 -0.0454974 0.38297 -18.2524
0.389835 -0.042799 0.91989 225.254 -0.0300713 0.997795 0.0591674 -5.57103 -0.920394 -0.0507278 0.387688 -17.9398
0.393893 -0.0432386 0.918139 225.983 -0.0325931 0.997608 0.060964 -5.53936 -0.918578 -0.0539383 0.391541 -17.6141
0.396181 -0.0408212 0.917265 226.68 -0.0299021 0.997908 0.0573252 -5.50984 -0.917686 -0.0501393 0.394131 -17.2887
0.400521 -0.0349166 0.915622 227.396 -0.0287506 0.998303 0.050646 -5.49094 -0.915836 -0.0466095 0.398838 -16.9777
0.402735 -0.0280096 0.914888 228.086 -0.0348728 0.998336 0.0459154 -5.46609 -0.914652 -0.0503964 0.401088 -16.6534
0.405812 -0.0278857 0.913531 228.789 -0.0422803 0.997892 0.0492428 -5.43275 -0.912978 -0.0586077 0.403778 -16.3221
0.409129 -0.0380913 0.911681 229.509 -0.0416554 0.997307 0.0603623 -5.40752 -0.911525 -0.0626724 0.406441 -16.0039
0.411047 -0.050372 0.910222 230.25 -0.037303 0.996707 0.0720038 -5.37142 -0.910851 -0.0635509 0.407814 -15.676
0.413026 -0.0589185 0.908812 230.985 -0.0365407 0.996029 0.0811795 -5.32351 -0.909986 -0.0667379 0.409233 -15.3408
0.414082 -0.0616648 0.908148 231.698 -0.0362092 0.995797 0.0841264 -5.28505 -0.909519 -0.0677186 0.410109 -15.0041
0.417048 -0.0571686 0.907085 232.388 -0.0371985 0.99611 0.0798821 -5.24625 -0.908123 -0.0670568 0.413299 -14.6854
0.422223 -0.0502278 0.905099 233.099 -0.0386482 0.996558 0.0733323 -5.2073 -0.905668 -0.065943 0.418829 -14.3593
0.425812 -0.0457695 0.903653 233.796 -0.0391812 0.99685 0.0689526 -5.16989 -0.903963 -0.0647671 0.422678 -14.0186
0.430086 -0.0440742 0.901711 234.487 -0.0370165 0.997107 0.0663926 -5.13459 -0.902029 -0.0619327 0.427211 -13.6827
0.434652 -0.0427753 0.899582 235.189 -0.035311 0.997294 0.0644827 -5.10667 -0.899906 -0.0597926 0.431965 -13.3494
0.438448 -0.0439071 0.897683 235.89 -0.0340032 0.99728 0.0653866 -5.07116 -0.898113 -0.0591928 0.435763 -13.0022
0.441368 -0.0485065 0.896014 236.59 -0.0329126 0.996991 0.0701855 -5.03377 -0.896722 -0.0604678 0.438444 -12.6492
0.443523 -0.0544303 0.894608 237.308 -0.0306925 0.996646 0.0758551 -4.98375 -0.895737 -0.0611013 0.440365 -12.2783
0.447667 -0.0604689 0.892153 238.029 -0.0277763 0.996289 0.0814647 -4.93862 -0.893769 -0.0612498 0.444327 -11.9292
0.449635 -0.0657323 0.89079 238.748 -0.0260859 0.995897 0.0866553 -4.88816 -0.892832 -0.0622003 0.446075 -11.5653
0.451016 -0.0732235 0.889507 239.471 -0.0227625 0.995361 0.0934787 -4.8393 -0.892226 -0.0624078 0.447257 -11.204
0.452529 -0.0734161 0.888722 240.172 -0.0240519 0.995238 0.0944623 -4.78289 -0.891425 -0.0641224 0.448609 -10.8499
0.453588 -0.0636526 0.888936 240.872 -0.0312418 0.995697 0.0872387 -4.73786 -0.890664 -0.0673424 0.449647 -10.4683
0.454227 -0.0494253 0.889514 241.573 -0.0350843 0.996693 0.0732963 -4.69776 -0.890195 -0.0645011 0.450991 -10.0921
0.45615 -0.0408593 0.888965 242.284 -0.0361574 0.99727 0.0643905 -4.65203 -0.889168 -0.0615144 0.453427 -9.72075
0.455567 -0.0434958 0.889138 243.003 -0.0347807 0.997173 0.0666013 -4.61044 -0.889522 -0.0612662 0.452767 -9.3431
0.454185 -0.0487751 0.889571 243.713 -0.0348632 0.996762 0.0724523 -4.56413 -0.890225 -0.0639201 0.451014 -8.96411
0.457787 -0.0507852 0.88761 244.443 -0.0330815 0.996703 0.0740889 -4.52612 -0.888446 -0.0632804 0.454597 -8.60063
