1.000000000 0.000000000 0.000000000 0.000000000 0.000000000 1.000000000 0.000000000 0.000000000 0.000000000 0.000000000 1.000000000 0.000000000
0.999870181 0.001765564 0.016017472 0.006598031 -0.001743010 0.999997497 -0.001421938 0.003220806 -0.016019942 0.001393835 0.999870718 0.121175297
0.999281943 0.004476260 0.037623566 0.017451128 -0.004452997 0.999989867 -0.000702094 0.000987056 -0.037626326 0.000534053 0.999291718 0.260724902
0.997899950 0.006036506 0.064494342 0.054899059 -0.006090132 0.999981344 0.000634940 0.001732205 -0.064489312 -0.001026385 0.997917831 0.427998692
0.995058417 0.005578785 0.099134102 0.089034364 -0.005890103 0.999978602 0.002847970 0.002151291 -0.099116094 -0.003417807 0.995069981 0.606151402
0.990483880 0.002689813 0.137602597 0.138802633 -0.003388677 0.999982536 0.004844839 0.001503182 -0.137587175 -0.005265026 0.990475595 0.779640734
0.984197974 -0.000428811 0.177071184 0.218675286 -0.000438222 0.999988139 0.004857381 0.009806087 -0.177071154 -0.004858221 0.984185994 0.985739470
0.975244522 0.000007478 0.221129298 0.290816188 -0.001322603 0.999982297 0.005799249 0.012172222 -0.221125320 -0.005948152 0.975227237 1.187566519
0.962934375 0.000597989 0.269734919 0.380349189 -0.002942980 0.999961257 0.008289361 0.023113493 -0.269719571 -0.008775937 0.962898910 1.412138104
0.948250234 -0.003494169 0.317504704 0.495197564 -0.001609222 0.999873698 0.015809756 0.018163791 -0.317519844 -0.015502539 0.948124886 1.636296749
0.931665659 -0.012950288 0.363085806 0.645270526 0.004802031 0.999716163 0.023335326 0.012588240 -0.363284886 -0.019997172 0.931463480 1.820561171
0.910500348 -0.017959423 0.413118154 0.801485598 0.007266937 0.999597073 0.027439207 0.017499823 -0.413444519 -0.021981305 0.910263896 2.038677931
0.884799361 -0.019465979 0.465565413 0.951295972 0.005274410 0.999481440 0.031765874 0.019040488 -0.465942293 -0.025650844 0.884443283 2.260466337
0.856350899 -0.021571061 0.515943646 1.135955811 0.003794608 0.999362946 0.035484120 0.036163367 -0.516380310 -0.028429056 0.855887234 2.485448360
0.824187934 -0.026275665 0.565706551 1.333803892 0.004382448 0.999189079 0.040024988 0.031887174 -0.566299319 -0.030508934 0.823634803 2.672742367
0.788450956 -0.032198556 0.614254236 1.573853016 0.006994202 0.999033749 0.043390587 0.034880094 -0.615057766 -0.029915137 0.787914336 2.881666183
0.750794232 -0.036000650 0.659554362 1.833611727 0.007810097 0.998927653 0.045634255 0.046179734 -0.660490036 -0.029110756 0.750270307 3.096709490
0.710698605 -0.038630012 0.702435195 2.102477551 0.008201647 0.998878360 0.046634603 0.057077654 -0.703448832 -0.027382027 0.710218251 3.306124449
0.668144047 -0.039819043 0.742965579 2.389613628 0.007383746 0.998872578 0.046894152 0.082307540 -0.743995249 -0.025846181 0.667684853 3.522111416
0.625644505 -0.039995275 0.779082358 2.718332767 0.002593962 0.998785973 0.049190987 0.099127211 -0.780103981 -0.028755164 0.624988794 3.732592344
0.583717704 -0.040114954 0.810965061 3.054459095 -0.001164029 0.998736382 0.050241046 0.117018722 -0.811955869 -0.030270576 0.582933486 3.945002079
0.544117033 -0.041176978 0.837998271 3.429600239 -0.002801675 0.998700202 0.050892588 0.137352556 -0.839004636 -0.030039318 0.543294430 4.129374504
0.505007863 -0.043733615 0.862006068 3.833248615 -0.004135340 0.998581409 0.053085424 0.149601430 -0.863104820 -0.030373247 0.504110575 4.344273567
0.468362957 -0.042423878 0.882517099 4.239269257 -0.007845627 0.998607457 0.052168280 0.176817223 -0.883501351 -0.031357583 0.467377841 4.528099537
0.431781530 -0.041638736 0.901016712 4.694193363 -0.008752022 0.998693407 0.050346792 0.199634358 -0.901935875 -0.029624529 0.430852890 4.715777874
0.398206204 -0.040333655 0.916408777 5.149219513 -0.007677956 0.998851240 0.047298472 0.217624903 -0.917263806 -0.025870692 0.397439063 4.898845673
0.369616717 -0.038715091 0.928377450 5.652557850 -0.005032068 0.999033511 0.043665003 0.234843314 -0.929170668 -0.020810975 0.369064569 5.051958084
0.344346702 -0.036603861 0.938128769 6.136682034 -0.003992802 0.999173582 0.040451281 0.255043179 -0.938834071 -0.017675031 0.343915910 5.222113609
0.324242055 -0.036345933 0.945275664 6.735933304 -0.003329917 0.999211550 0.039561979 0.273384839 -0.945968270 -0.015975349 0.323865443 5.413956642
0.310088038 -0.036895614 0.949991703 7.325222015 -0.002280909 0.999215007 0.039551854 0.295432925 -0.950705051 -0.014431402 0.309760451 5.585952759
0.297921985 -0.038064200 0.953831017 7.906566143 -0.001306329 0.999187469 0.040282253 0.318353951 -0.954589307 -0.013246989 0.297630191 5.780193329
0.287427485 -0.040010966 0.956966341 8.567016602 -0.002088410 0.999098539 0.042399786 0.343837172 -0.957800090 -0.014185404 0.287084848 5.968169212
0.277703196 -0.040819068 0.959799290 9.256867409 -0.003745645 0.999043286 0.043571807 0.383489072 -0.960659623 -0.015695101 0.277284652 6.143406868
0.267109394 -0.043420654 0.962687433 9.879570007 -0.004312537 0.998920500 0.046251461 0.390606880 -0.963656545 -0.016505826 0.266633779 6.326445580
0.256578505 -0.044852018 0.965482056 10.583871841 -0.005489401 0.998838961 0.047860436 0.424299717 -0.966507792 -0.017579880 0.256034315 6.515586853
0.246112257 -0.046544239 0.968123138 11.325879097 -0.005708402 0.998759389 0.049468298 0.454202294 -0.969224453 -0.017701192 0.245541230 6.700688839
0.235548958 -0.047369134 0.970707417 12.085255623 -0.005815858 0.998724878 0.050147604 0.491331816 -0.971845150 -0.017457711 0.234973133 6.892848492
0.225142926 -0.050707228 0.973005414 12.843545914 -0.007735032 0.998520374 0.053826720 0.510213375 -0.974295020 -0.019644935 0.224417567 7.067569733
0.212938845 -0.053647131 0.975591600 13.613341331 -0.008911154 0.998343229 0.056843236 0.557233751 -0.977024913 -0.020797778 0.212107986 7.254157066
0.201861680 -0.057912610 0.977700472 14.332758904 -0.009926227 0.998077989 0.061169077 0.584140778 -0.979363680 -0.022052569 0.200898901 7.385363579
0.189682931 -0.059976082 0.980011821 15.106204987 -0.010633855 0.997948587 0.063131988 0.620396793 -0.981787801 -0.022396371 0.188656017 7.519039154
0.175233275 -0.059595075 0.982721627 15.893352509 -0.011438106 0.997975707 0.062559702 0.672712505 -0.984460533 -0.022203011 0.174196869 7.665085793
0.161308616 -0.059240505 0.985124409 16.678180695 -0.012752722 0.997988284 0.062102262 0.700511992 -0.986821651 -0.022580650 0.160228640 7.774432182
0.143377155 -0.057800986 0.987978816 17.479549408 -0.014122171 0.998071909 0.060440913 0.740216911 -0.989567339 -0.022618249 0.142284423 7.919178009
0.123416029 -0.056718759 0.990732789 18.275733948 -0.017064132 0.998096347 0.059266005 0.768464744 -0.992208302 -0.024220373 0.122213237 8.007648468
0.098021433 -0.055071868 0.993659377 19.078022003 -0.021484036 0.998117864 0.057438310 0.806452036 -0.994952440 -0.026977999 0.096653767 8.080207825
0.066424295 -0.054859899 0.996282160 19.864820480 -0.025785612 0.998059392 0.056676950 0.834361136 -0.997458220 -0.029454473 0.064880796 8.156139374
0.033060849 -0.054651968 0.997957945 20.693771362 -0.028143261 0.998057008 0.055589728 0.864977539 -0.999057114 -0.029923635 0.031458512 8.181007385
-0.000287891 -0.053823981 0.998550415 21.564010620 -0.029747408 0.998108983 0.053791605 0.903046191 -0.999557436 -0.029688803 -0.001888470 8.160139084
-0.034309972 -0.052144833 0.998050034 22.384263992 -0.030717842 0.998221159 0.051097788 0.935906231 -0.998939097 -0.028904779 -0.035850711 8.121609688
-0.066263117 -0.050293434 0.996533871 23.191135406 -0.032388341 0.998310983 0.048229508 0.961882830 -0.997276366 -0.029080234 -0.067780115 8.048074722
-0.099238530 -0.047284253 0.993939638 24.000524521 -0.034474373 0.998434126 0.044056021 0.986312509 -0.994466364 -0.029893391 -0.100713238 7.971067429
-0.131830305 -0.043559022 0.990314722 24.813755035 -0.032444835 0.998688400 0.039608289 0.995261073 -0.990741193 -0.026909024 -0.133070678 7.863474369
-0.163107261 -0.037684206 0.985888422 25.607387543 -0.026962185 0.999067426 0.033727281 1.010647297 -0.986239791 -0.021080537 -0.163971171 7.711680412
-0.193376422 -0.031455886 0.980620205 26.421762466 -0.020611349 0.999395609 0.027993634 1.022381663 -0.980908155 -0.014798596 -0.193907887 7.536084175
-0.222597227 -0.025660258 0.974572659 27.220890045 -0.015380138 0.999621570 0.022806888 1.029162169 -0.974789143 -0.009912313 -0.222907662 7.350386620
-0.250208259 -0.019577995 0.967994034 28.004261017 -0.006851897 0.999806225 0.018450320 1.029755712 -0.968167782 -0.002016173 -0.250293940 7.116672516
-0.276426971 -0.008916490 0.960993528 28.774452209 -0.000692722 0.999958515 0.009078762 1.027626157 -0.961034656 0.001843913 -0.276421666 6.885278225
-0.302008659 0.006580412 0.953282475 29.548986435 0.003807174 0.999976635 -0.005696589 1.012899399 -0.953297496 0.001908892 -0.302026629 6.629658222
-0.325644284 0.023701863 0.945195317 30.285663605 0.005471802 0.999716282 -0.023183860 0.987271309 -0.945476472 -0.002377770 -0.325681478 6.345624924
-0.351102054 0.038674757 0.935538113 31.025268555 0.005290009 0.999212623 -0.039321732 0.957966566 -0.936322153 -0.008856934 -0.351030231 6.077215195
-0.375717312 0.049495790 0.925411582 31.774568558 0.009511881 0.998726189 -0.049555209 0.917610168 -0.926685452 -0.009816344 -0.375709504 5.763059616
-0.399190336 0.053601872 0.915299892 32.490104675 0.012994806 0.998520076 -0.052807983 0.864844322 -0.916776001 -0.009186293 -0.399296135 5.443666458
-0.421054184 0.053311467 0.905467391 33.199024200 0.016716169 0.998557806 -0.051019132 0.810865641 -0.906881452 -0.006345874 -0.421338141 5.090848923
-0.441725880 0.048612952 0.895832002 33.936687469 0.019846775 0.998816013 -0.044415202 0.753547192 -0.896930516 -0.001839969 -0.442167699 4.726823807
-0.459444940 0.047858756 0.886915922 34.631633759 0.027233027 0.998836935 -0.039790701 0.713800311 -0.887788653 0.005871766 -0.460213929 4.348812103
-0.473270059 0.047374479 0.879642546 35.324600220 0.029383935 0.998846173 -0.037985057 0.649523854 -0.880427122 0.007870168 -0.474116057 3.967315674
-0.484123558 0.051992301 0.873453557 36.027084351 0.033837266 0.998598754 -0.040686805 0.608312368 -0.874345124 0.009857838 -0.485204548 3.558811188
-0.493422359 0.054660156 0.868070662 36.699867249 0.034628805 0.998466730 -0.043187395 0.568385124 -0.869100332 0.008750619 -0.494558543 3.162350655
-0.503538787 0.053752556 0.862298846 37.375999451 0.028597668 0.998552859 -0.045546532 0.513629198 -0.863499224 0.001725288 -0.504347265 2.763339043
-0.515624940 0.052290123 0.855217397 38.055740356 0.028090289 0.998631120 -0.044122703 0.460896134 -0.856353760 0.001272542 -0.516387880 2.379394531
-0.523894191 0.053820636 0.850081205 38.703399658 0.029863823 0.998548806 -0.044815768 0.421171308 -0.851259649 0.001907956 -0.524741292 1.955579758
-0.531408489 0.056482583 0.845230639 39.390243530 0.032887720 0.998398006 -0.046041030 0.369588971 -0.846477032 0.003331113 -0.532414854 1.525539398
-0.534581721 0.059755124 0.843001485 40.053333282 0.034638859 0.998208165 -0.048790835 0.321636558 -0.844406486 0.003117916 -0.535693884 1.100284576
-0.534229755 0.062228780 0.843045771 40.737026215 0.034236182 0.998061299 -0.051976003 0.283024192 -0.844645739 0.001095543 -0.535324574 0.660148621
-0.530755699 0.061923027 0.845259726 41.452041626 0.035251819 0.998077214 -0.050982974 0.237275958 -0.846791387 0.002737435 -0.531918108 0.203895569
-0.525314510 0.061017819 0.848717570 42.133995056 0.033235688 0.998135805 -0.051188845 0.193065763 -0.850258827 0.001317471 -0.526363194 -0.196853638
-0.517879367 0.059737053 0.853365421 42.860462189 0.031058343 0.998214066 -0.051028423 0.144518733 -0.854889691 0.000077546 -0.518809795 -0.648187637
-0.511221886 0.059144765 0.857411325 43.629074097 0.028726719 0.998247743 -0.051731769 0.094081163 -0.858968616 -0.001815797 -0.512025177 -1.085624695
-0.504619420 0.058030598 0.861389399 44.404155731 0.026962515 0.998310983 -0.051459622 0.034244061 -0.862920761 -0.002742300 -0.505331755 -1.535017014
-0.500551045 0.055597816 0.863919795 45.179443359 0.021973062 0.998429954 -0.051523164 -0.016953230 -0.865428150 -0.006807007 -0.500986814 -1.975122452
-0.498664200 0.052815147 0.865184605 45.986434937 0.018605765 0.998564243 -0.050233524 -0.078596830 -0.866595566 -0.008952241 -0.498930871 -2.440452576
-0.499310762 0.049938273 0.864982605 46.778041840 0.014892490 0.998684883 -0.049060643 -0.135637283 -0.866294920 -0.011614763 -0.499397844 -2.884019852
-0.500567496 0.048686001 0.864327312 47.600009918 0.013756327 0.998738647 -0.048290290 -0.191247702 -0.865588188 -0.012282582 -0.500605822 -3.350992203
-0.500387907 0.048167907 0.864460349 48.419048309 0.014082882 0.998771906 -0.047499981 -0.247840166 -0.865686774 -0.011594323 -0.500451744 -3.841180801
-0.500948191 0.047700919 0.864161789 49.246280670 0.013575570 0.998790205 -0.047262631 -0.301460862 -0.865370810 -0.011944639 -0.500989735 -4.317781448
-0.500484645 0.047350340 0.864449620 50.080879211 0.014044835 0.998815894 -0.046578825 -0.355207443 -0.865631521 -0.011170934 -0.500557065 -4.815330505
-0.500507534 0.046693686 0.864472032 50.942562103 0.014711468 0.998858988 -0.045434918 -0.421633124 -0.865607202 -0.010022862 -0.500623345 -5.314872742
-0.500473678 0.044950727 0.864583969 51.798126221 0.012358509 0.998920381 -0.044781167 -0.480273008 -0.865663469 -0.011726829 -0.500488877 -5.813482285
-0.500635207 0.044359423 0.864520907 52.676231384 0.012206348 0.998948634 -0.044188470 -0.539600253 -0.865572274 -0.011569655 -0.500650227 -6.313791275
-0.500849545 0.043731216 0.864428878 53.516654968 0.010761403 0.998960197 -0.044301968 -0.595271468 -0.865467429 -0.012886152 -0.500799239 -6.788305283
-0.498358518 0.042086627 0.865948856 54.398910522 0.011283338 0.999051213 -0.042062011 -0.661003351 -0.866897523 -0.011191172 -0.498360574 -7.312206268
-0.496323943 0.040110916 0.867210388 55.238609314 0.011793386 0.999151409 -0.039463945 -0.719045401 -0.868057251 -0.009359553 -0.496375799 -7.792682648
-0.493486553 0.038867924 0.868884504 56.120025635 0.012071278 0.999210835 -0.037841886 -0.771643639 -0.869669557 -0.008185920 -0.493566334 -8.296895981
-0.491700053 0.038628366 0.869907439 56.965644836 0.012390299 0.999224842 -0.037367325 -0.826847076 -0.870676458 -0.007595102 -0.491797477 -8.766592026
-0.488775074 0.038929570 0.871540785 57.830886841 0.013338042 0.999220669 -0.037152506 -0.887431383 -0.872307897 -0.006534571 -0.488913327 -9.269582748
-0.488432676 0.039528333 0.871705830 58.683032990 0.012117063 0.999184310 -0.038519565 -0.933752537 -0.872517467 -0.008251698 -0.488513261 -9.726997375
-0.489472479 0.041184723 0.871045709 59.524063110 0.012022704 0.999107897 -0.040483758 -0.988593102 -0.871935904 -0.009343361 -0.489530981 -10.203844070
-0.492779791 0.042703755 0.869105518 60.397544861 0.010078264 0.999008179 -0.043372218 -1.048851967 -0.870095670 -0.012613878 -0.492721438 -10.676326752
-0.496046364 0.043404195 0.867210507 61.221580505 0.009670123 0.998964071 -0.044467170 -1.108749032 -0.868242204 -0.013671742 -0.495952159 -11.174467087
-0.501233220 0.042598892 0.864262998 62.064022064 0.011348257 0.999025285 -0.042659741 -1.159718990 -0.865237713 -0.011574601 -0.501228034 -11.671928406
-0.506969571 0.040025853 0.861034095 62.904865265 0.012345865 0.999155998 -0.039177403 -1.222565413 -0.861875415 -0.009231545 -0.507035851 -12.158071518
-0.511864066 0.037596140 0.858243406 63.747993469 0.009951079 0.999234319 -0.037837479 -1.277155638 -0.859008849 -0.010827194 -0.511846304 -12.658166885
-0.516972780 0.041144948 0.855012476 64.555297852 0.012268005 0.999097705 -0.040660933 -1.328437805 -0.855913997 -0.010531304 -0.517011166 -13.147994995
-0.522551417 0.043379258 0.851503491 65.397796631 0.012690967 0.998989940 -0.043104645 -1.374531865 -0.852513373 -0.011717992 -0.522574127 -13.640287399
-0.527366221 0.042796016 0.848559558 66.213317871 0.010185771 0.998977304 -0.044051841 -1.452875853 -0.849577010 -0.014588220 -0.527262807 -14.138517380
-0.530804753 0.042913642 0.846406937 67.005226135 0.008981119 0.998945892 -0.045015208 -1.509641886 -0.847446561 -0.016292606 -0.530630708 -14.638238907
-0.533950627 0.041684967 0.844487488 67.808021545 0.009893663 0.999023616 -0.043057512 -1.576769471 -0.845457613 -0.014635515 -0.533841848 -15.146678925
-0.535977840 0.035890333 0.843468845 68.612976074 0.010953726 0.999307454 -0.035560917 -1.611043811 -0.844160974 -0.009820733 -0.535999775 -15.670555115
-0.537805796 0.027048379 0.842634737 69.381126404 0.010492180 0.999622524 -0.025391094 -1.661160588 -0.843003392 -0.004814403 -0.537886560 -16.164436340
-0.539121628 0.025338795 0.841846645 70.184364319 0.010853965 0.999673307 -0.023138318 -1.701523066 -0.842157960 -0.003336992 -0.539220512 -16.684497833
-0.540250838 0.030156223 0.840963542 70.986793518 0.010771209 0.999523759 -0.028922424 -1.740857363 -0.841435134 -0.006567169 -0.540318251 -17.211004257
-0.541471779 0.036755867 0.839915097 71.731712341 0.013248841 0.999292850 -0.035189282 -1.785663605 -0.840614498 -0.007926103 -0.541575849 -17.690965652
-0.541826367 0.040512040 0.839513540 72.516731262 0.018231554 0.999169171 -0.036449738 -1.829055309 -0.840292752 -0.004443794 -0.542114794 -18.208299637
-0.541836917 0.041878566 0.839439750 73.295532227 0.021462481 0.999121666 -0.035991408 -1.870754957 -0.840209544 -0.001485011 -0.542259693 -18.709911346
-0.540703714 0.037760668 0.840365171 74.086563110 0.018650087 0.999284506 -0.032901749 -1.915064573 -0.841006339 -0.002117214 -0.541021109 -19.237918854
-0.539821386 0.033495825 0.841112971 74.860824585 0.018017368 0.999438882 -0.028237427 -1.952385187 -0.841586828 -0.000088523 -0.540121853 -19.740970612
-0.539292157 0.026719920 0.841694713 75.636558533 0.014906256 0.999642789 -0.022183280 -1.998484015 -0.841986835 0.000583248 -0.539497793 -20.229003906
-0.538297653 0.020966928 0.842494130 76.404396057 0.005228651 0.999754369 -0.021539867 -2.026747704 -0.842738688 -0.007189750 -0.538275003 -20.721309662
-0.536788523 0.016348932 0.843558431 77.151229858 -0.000336114 0.999808133 -0.019591071 -2.067648172 -0.843716741 -0.010799795 -0.536679983 -21.176071167
-0.534231067 0.016894437 0.845169723 77.903869629 0.002341239 0.999826014 -0.018506030 -2.097903728 -0.845335305 -0.007907751 -0.534177601 -21.662027359
-0.530727684 0.019961484 0.847307324 78.688255310 0.007111946 0.999792337 -0.019099128 -2.145926476 -0.847512722 -0.004110431 -0.530759394 -22.170692444
-0.526021898 0.023360243 0.850150168 79.445495605 0.007827394 0.999713302 -0.022626787 -2.165182114 -0.850435019 -0.005247724 -0.526053965 -22.619873047
-0.517356157 0.025614634 0.855386794 80.208358765 0.013437862 0.999671817 -0.021807760 -2.201537848 -0.855664730 0.000212189 -0.517530620 -23.105789185
-0.509268880 0.028943652 0.860120535 80.967536926 0.020249352 0.999560595 -0.021646462 -2.236540794 -0.860369205 0.006393015 -0.509631217 -23.557245255
-0.499456108 0.028399089 0.865873575 81.739662170 0.018970344 0.999581456 -0.021841930 -2.272852898 -0.866131485 0.005516831 -0.499785841 -23.998237610
-0.487886012 0.026047181 0.872518659 82.514633179 0.017112970 0.999648035 -0.020273307 -2.306268454 -0.872739732 0.005040324 -0.488160014 -24.438095093
-0.476687849 0.022139236 0.878793776 83.321670532 0.016212540 0.999734163 -0.016391817 -2.339529037 -0.878923118 0.006433699 -0.476920068 -24.870090485
-0.465873808 0.022882864 0.884555221 84.103080750 0.018176183 0.999702215 -0.016288685 -2.369154215 -0.884664476 0.008489370 -0.466150939 -25.269166946
-0.453106523 0.022445841 0.891173780 84.890800476 0.019294817 0.999695659 -0.015368951 -2.393521786 -0.891247511 0.010231266 -0.453401685 -25.682647705
-0.441083491 0.023734994 0.897152185 85.722396851 0.020080298 0.999660909 -0.016574515 -2.421949148 -0.897241354 0.010704340 -0.441410512 -26.093557358
-0.430117458 0.026448440 0.902385414 86.528099060 0.017854417 0.999624491 -0.020788243 -2.462610006 -0.902596354 0.007170175 -0.430428147 -26.451221466
-0.419225574 0.036006253 0.907167852 87.324783325 0.020360332 0.999334812 -0.030255411 -2.491712093 -0.907653749 0.005786397 -0.419679791 -26.813659668
-0.405303121 0.040537514 0.913283169 88.104141235 0.020957500 0.999165833 -0.035048887 -2.534925461 -0.913942099 0.004934709 -0.405814588 -27.171033859
-0.393916905 0.037077669 0.918397963 88.909790039 0.019438572 0.999298513 -0.032006256 -2.578600645 -0.918940485 0.005244537 -0.394361317 -27.511940002
-0.381763279 0.033300281 0.923660040 89.735527039 0.019642124 0.999417305 -0.027913127 -2.628791332 -0.924051344 0.007486437 -0.382194966 -27.854175568
-0.371564895 0.034365259 0.927770793 90.543998718 0.016490672 0.999401391 -0.030414121 -2.667982578 -0.928260565 0.003998743 -0.371909112 -28.181991577
-0.364493340 0.039086845 0.930385292 91.360664368 0.012300597 0.999233603 -0.037160307 -2.715845585 -0.931124747 -0.002100391 -0.364694744 -28.497669220
-0.359317213 0.044405326 0.932158470 92.166046143 0.006583571 0.998963118 -0.045049954 -2.758987188 -0.933192253 -0.010050293 -0.359236926 -28.802501678
-0.354946166 0.046426106 0.933733284 92.960998535 0.004341806 0.998837292 -0.048012659 -2.810422421 -0.934876680 -0.012987818 -0.354735017 -29.108896255
-0.349678785 0.046552923 0.935712457 93.774856567 0.003855392 0.998827815 -0.048252225 -2.863683701 -0.936861694 -0.013265240 -0.349448383 -29.434509277
-0.346559256 0.045398001 0.936928868 94.569007874 -0.000687804 0.998815536 -0.048651077 -2.917716503 -0.938027859 -0.017504903 -0.346117556 -29.697021484
-0.340656549 0.041436199 0.939274251 95.362953186 -0.002877363 0.998977721 -0.045113582 -2.968420029 -0.940183461 -0.018070867 -0.340189040 -29.992012024
-0.335669309 0.037983615 0.941213667 96.166526794 -0.001450259 0.999164641 -0.040839490 -3.023819923 -0.941978753 -0.015073569 -0.335333854 -30.263067245
-0.329075485 0.034959663 0.943656206 96.965957642 -0.001850307 0.999288738 -0.037665922 -3.079283953 -0.944301844 -0.014140985 -0.328776747 -30.556785583
-0.324393064 0.033289287 0.945336461 97.791343689 -0.012665837 0.999138117 -0.039530165 -3.121675730 -0.945837498 -0.024796790 -0.323691785 -30.800313950
-0.318563998 0.033264063 0.947317541 98.610862732 -0.019449865 0.998944283 -0.041617490 -3.172133207 -0.947701693 -0.031683031 -0.317580670 -31.055330276
-0.310481280 0.037149120 0.949853241 99.417411804 -0.018018590 0.998826444 -0.044954270 -3.226156235 -0.950408697 -0.031072477 -0.309447467 -31.333175659
-0.303604811 0.040886898 0.951920331 100.228233337 -0.016462781 0.998704553 -0.048147004 -3.269819736 -0.952655852 -0.030288920 -0.302538365 -31.590845108
-0.297415346 0.039162330 0.953944683 101.035247803 -0.016981121 0.998783350 -0.046297368 -3.321403027 -0.954597175 -0.029968599 -0.296388417 -31.830575943
-0.289578587 0.034417726 0.956535220 101.861351013 -0.017089389 0.999008000 -0.041119557 -3.374236107 -0.957001746 -0.028253946 -0.288703114 -32.093124390
-0.283240199 0.031584974 0.958528757 102.681999207 -0.018566256 0.999089658 -0.038407747 -3.423316479 -0.958869278 -0.028674912 -0.282395989 -32.321380615
-0.276293844 0.034854714 0.960440993 103.509727478 -0.019620797 0.998929322 -0.041895855 -3.471763611 -0.960872948 -0.030420186 -0.275314152 -32.564224243
-0.270327002 0.037948929 0.962020397 104.310989380 -0.019726723 0.998794794 -0.044942766 -3.516887665 -0.962566435 -0.031126754 -0.269252598 -32.778198242
-0.263076872 0.038429804 0.964009166 105.147384644 -0.021155208 0.998736382 -0.045587413 -3.570066214 -0.964542866 -0.032386810 -0.261931449 -33.011955261
-0.255683452 0.038320657 0.966000736 105.951988220 -0.021425370 0.998744071 -0.045290481 -3.615602970 -0.966523111 -0.032276951 -0.254541278 -33.219764709
-0.247252271 0.038174033 0.968198836 106.777427673 -0.016910266 0.998901427 -0.043703005 -3.668742657 -0.968803585 -0.027178163 -0.246335089 -33.442115784
-0.239428893 0.039235611 0.970120788 107.580192566 -0.014219679 0.998934269 -0.043910407 -3.718750000 -0.970809758 -0.024308221 -0.238615811 -33.647411346
-0.232839450 0.039948989 0.971694291 108.395889282 -0.013795872 0.998919725 -0.044374090 -3.766883850 -0.972417355 -0.023737406 -0.232036769 -33.839202881
-0.225652874 0.038109850 0.973462045 109.211517334 -0.019499175 0.998857677 -0.043624062 -3.826399088 -0.974012733 -0.028825605 -0.224651992 -34.021514893
-0.218739182 0.036709514 0.975092649 110.066276550 -0.023452228 0.998805583 -0.042863205 -3.877683163 -0.975501478 -0.032243956 -0.217617020 -34.221107483
-0.214719251 0.036369987 0.975998402 110.910736084 -0.020748379 0.998911023 -0.041788448 -3.930962086 -0.976455331 -0.029223170 -0.213730842 -34.395195007
-0.211131573 0.037034694 0.976755798 111.699806213 -0.018697662 0.998946071 -0.041917663 -3.975664377 -0.977278829 -0.027113194 -0.210216597 -34.545715332
-0.206299782 0.038056966 0.977748513 112.519783020 -0.019185618 0.998893917 -0.042928074 -4.020920753 -0.978300750 -0.027614763 -0.205341458 -34.714660645
-0.200437009 0.036816083 0.979014575 113.383132935 -0.012471478 0.999116719 -0.040125363 -4.079066753 -0.979627192 -0.020252364 -0.199800819 -34.890953064
-0.194492474 0.035662722 0.980255485 114.203819275 -0.004625390 0.999294400 -0.037273102 -4.124057293 -0.980893075 -0.011783401 -0.194190294 -35.072799683
-0.189584374 0.035240136 0.981231868 115.043930054 -0.002628950 0.999333858 -0.036398202 -4.166519165 -0.981860876 -0.009480141 -0.189365461 -35.243049622
-0.185496479 0.036506221 0.981966674 115.869049072 -0.005163581 0.999259651 -0.038124539 -4.212889671 -0.982631385 -0.012142428 -0.185170621 -35.388160706
-0.181292981 0.038348891 0.982681215 116.707885742 -0.006758338 0.999167264 -0.040239088 -4.257486343 -0.983406007 -0.013936358 -0.180882841 -35.551822662
-0.179641843 0.037578154 0.983014047 117.545318604 -0.009555753 0.999156296 -0.039941508 -4.307533264 -0.983685672 -0.016568607 -0.179131195 -35.695148468
-0.179752648 0.036473121 0.983035386 118.373237610 -0.011152854 0.999172628 -0.039111204 -4.344242573 -0.983648717 -0.017993992 -0.179197103 -35.825260162
-0.177473769 0.032316834 0.983594716 119.185333252 -0.009718538 0.999354362 -0.034588177 -4.385782242 -0.984077513 -0.015697598 -0.177045122 -35.989078522
-0.176366404 0.027342401 0.983944714 120.070213318 -0.010928085 0.999498129 -0.029733393 -4.426879883 -0.984263957 -0.015996603 -0.175979078 -36.157890320
-0.175776616 0.025448134 0.984101117 120.841705322 -0.008170942 0.999593675 -0.027308229 -4.475953579 -0.984396100 -0.012841183 -0.175497279 -36.277912140
-0.174328461 0.030354673 0.984219611 121.670341492 -0.008254777 0.999444604 -0.032286346 -4.510440350 -0.984652996 -0.013752941 -0.173981056 -36.426803589
-0.173871085 0.034019202 0.984180689 122.505409241 -0.007828367 0.999323726 -0.035925649 -4.552889824 -0.984737277 -0.013950958 -0.173487186 -36.579391479
-0.174072370 0.032740474 0.984188437 123.267745972 -0.012639787 0.999290526 -0.035478450 -4.594247818 -0.984651744 -0.018615747 -0.173535034 -36.704414368
-0.173469931 0.031941850 0.984321058 124.079750061 -0.014022020 0.999292612 -0.034898825 -4.639616489 -0.984739363 -0.019856067 -0.172899291 -36.845565796
-0.172738850 0.032379188 0.984435260 124.912437439 -0.009103606 0.999364316 -0.034467634 -4.686892509 -0.984925628 -0.014915810 -0.172334298 -36.994049072
-0.172262073 0.035596319 0.984407723 125.684730530 -0.009474863 0.999240756 -0.037790697 -4.722867966 -0.985005558 -0.015837034 -0.171794042 -37.112281799
-0.172540814 0.036399137 0.984329641 126.487007141 -0.018691644 0.999016166 -0.040218633 -4.768515587 -0.984825015 -0.025338098 -0.171690717 -37.239818573
-0.171928242 0.037167355 0.984408021 127.307838440 -0.024086449 0.998830616 -0.041918624 -4.825511932 -0.984814942 -0.030917892 -0.170831978 -37.376541138
-0.171661824 0.041637588 0.984275639 128.062957764 -0.021072559 0.998722672 -0.045923874 -4.863763332 -0.984930456 -0.028624585 -0.170565128 -37.503353119
-0.169702053 0.042988233 0.984557450 128.845184326 -0.017697042 0.998754084 -0.046658438 -4.914995670 -0.985336483 -0.025341783 -0.168729886 -37.656227112
-0.169599518 0.043885037 0.984535396 129.650070190 -0.019851616 0.998653352 -0.047934033 -4.962216377 -0.985313058 -0.027674217 -0.168499917 -37.769313812
-0.166988328 0.042822182 0.985028446 130.431671143 -0.011994514 0.998894274 -0.045458350 -5.009860516 -0.985885918 -0.019405957 -0.166290045 -37.916599274
-0.163882375 0.039534271 0.985687375 131.211944580 -0.006382689 0.999133348 -0.041134752 -5.065182209 -0.986459255 -0.013032598 -0.163487956 -38.047817230
-0.159430414 0.034625333 0.986601710 132.001953125 -0.001599172 0.999374330 -0.035332013 -5.113600731 -0.987207890 -0.007210745 -0.159275308 -38.212867737
-0.157842427 0.034278214 0.986869097 132.792434692 0.000166317 0.999398232 -0.034686796 -5.157350540 -0.987464309 -0.005310916 -0.157753140 -38.311573029
-0.152378410 0.039638415 0.987526953 133.569137573 0.000209218 0.999196589 -0.040074538 -5.201841831 -0.988322139 -0.005899886 -0.152264282 -38.438705444
-0.145373583 0.042373233 0.988469005 134.331176758 0.002823507 0.999096155 -0.042413533 -5.249876022 -0.989372790 -0.003374859 -0.145361856 -38.562267303
-0.136792868 0.042824406 0.989673495 135.119674683 0.001324893 0.999072134 -0.043047965 -5.289373398 -0.990598798 -0.004577442 -0.136722669 -38.675930023
-0.128789306 0.038612880 0.990919948 135.837905884 0.002667816 0.999251544 -0.038590807 -5.331872463 -0.991668403 -0.002326490 -0.128795922 -38.741870880
-0.115563169 0.037038088 0.992609382 136.628890991 0.007296531 0.999309301 -0.036438592 -5.379771709 -0.993273377 0.003031645 -0.115753591 -38.856124878
-0.101947911 0.039874304 0.993990302 137.357727051 0.010696542 0.999182522 -0.038985509 -5.414745331 -0.994732201 0.006657767 -0.102291100 -38.934364319
-0.086835831 0.040876616 0.995383680 138.138107300 0.009423054 0.999146819 -0.040209103 -5.455175877 -0.996178031 0.005887962 -0.087146908 -39.013916016
-0.073420018 0.040932566 0.996460736 138.880813599 0.013259488 0.999109089 -0.040064391 -5.498781681 -0.997212946 0.010271030 -0.073897354 -39.061397552
-0.059107147 0.043095443 0.997320950 139.637268066 0.012167482 0.999024630 -0.042447943 -5.536402702 -0.998177528 0.009625907 -0.059573863 -39.115703583
-0.046425246 0.048949972 0.997721851 140.335830688 0.009327081 0.998776317 -0.048567720 -5.588467598 -0.998878241 0.007051064 -0.046824999 -39.128982544
-0.033728138 0.058219902 0.997733951 141.040252686 0.002442619 0.998303592 -0.058170579 -5.638084412 -0.999428034 0.000475099 -0.033813134 -39.136901855
-0.020605523 0.066318184 0.997585714 141.818008423 -0.002723029 0.997790158 -0.066388026 -5.686335087 -0.999783993 -0.004084415 -0.020379402 -39.136707306
-0.005946800 0.066848837 0.997745395 142.550689697 -0.001906559 0.997760475 -0.066861220 -5.742824078 -0.999980450 -0.002299871 -0.005806033 -39.155715942
0.003900106 0.063203767 0.997992992 143.221359253 -0.007413732 0.997974992 -0.063173652 -5.793972015 -0.999964833 -0.007152469 0.004360783 -39.106307983
0.014155890 0.060732536 0.998053730 143.933135986 -0.011571344 0.998096704 -0.060571056 -5.856319427 -0.999832809 -0.010691386 0.014831705 -39.085113525
0.023892500 0.067533381 0.997430921 144.679534912 -0.014565860 0.997633278 -0.067198195 -5.917979240 -0.999608397 -0.012922906 0.024819639 -39.059413910
0.031440083 0.075366758 0.996660173 145.388687134 -0.017080797 0.997047901 -0.074857265 -5.976600647 -0.999359608 -0.014670231 0.032634597 -39.041706085
0.033129420 0.078192838 0.996387601 146.069763184 -0.019345580 0.996798277 -0.077581823 -6.034798145 -0.999263823 -0.016705455 0.034536038 -38.984321594
0.032546703 0.073379137 0.996773005 146.801940918 -0.022411378 0.997104108 -0.072671741 -6.099803925 -0.999218941 -0.019973831 0.034096975 -38.957771301
0.030887900 0.069458611 0.997106433 147.514556885 -0.025108187 0.997321665 -0.068695799 -6.159636974 -0.999207437 -0.022913672 0.032549154 -38.926883698
0.028375437 0.066552520 0.997379303 148.244857788 -0.024343945 0.997531235 -0.065870069 -6.217828751 -0.999300838 -0.022411056 0.029925535 -38.917114258
0.025532195 0.066689171 0.997447014 148.944015503 -0.021124784 0.997585535 -0.066157661 -6.277757645 -0.999450743 -0.019381708 0.026879344 -38.892555237
0.022556979 0.066558316 0.997527480 149.648269653 -0.019643195 0.997618258 -0.066120178 -6.337157726 -0.999552608 -0.018103158 0.023810672 -38.885509491
0.018417390 0.065274358 0.997697353 150.400802612 -0.019694367 0.997696638 -0.064910755 -6.394572258 -0.999636352 -0.018453531 0.019660506 -38.879814148
0.012346358 0.065029040 0.997806907 151.041946411 -0.019673243 0.997705698 -0.064779021 -6.454184055 -0.999730170 -0.018830316 0.013597365 -38.857994080
0.008286972 0.063288793 0.997960746 151.757766724 -0.020595578 0.997794330 -0.063107215 -6.508583069 -0.999753535 -0.020030616 0.009572162 -38.876350403
-0.000151775 0.060729887 0.998154223 152.431091309 -0.019122856 0.997971535 -0.060721681 -6.560989380 -0.999817073 -0.019096777 0.001009863 -38.838748932
-0.005250288 0.060711492 0.998141527 153.138214111 -0.019853851 0.997952163 -0.060804415 -6.616522789 -0.999789119 -0.020136189 -0.004034181 -38.848838806
-0.008854289 0.062057126 0.998033285 153.852294922 -0.021327937 0.997833610 -0.062233936 -6.670013905 -0.999733388 -0.021837028 -0.007511559 -38.877216339
-0.015014734 0.064430043 0.997809231 154.472854614 -0.022474229 0.997647762 -0.064757809 -6.722596645 -0.999634624 -0.023397315 -0.013531404 -38.847705841
-0.016646395 0.066795744 0.997627914 155.183700562 -0.022008689 0.997499824 -0.067154415 -6.780403137 -0.999619126 -0.023074361 -0.015134692 -38.870243073
-0.017009197 0.068112545 0.997532666 155.880249023 -0.018603018 0.997482717 -0.068426318 -6.835243702 -0.999682248 -0.019720992 -0.015699279 -38.904762268
-0.018418182 0.066604011 0.997609496 156.532623291 -0.015630653 0.997637570 -0.066894464 -6.887651443 -0.999708176 -0.016825363 -0.017333606 -38.887107849
-0.013441497 0.063113816 0.997915924 157.218704224 -0.014851519 0.997883260 -0.063311793 -6.940584660 -0.999799371 -0.015671570 -0.012475708 -38.907203674
-0.004388293 0.062531129 0.998033345 157.906936646 -0.013690364 0.997945726 -0.062585823 -7.003709793 -0.999896646 -0.013938081 -0.003523202 -38.929103851
0.004926116 0.063497946 0.997969866 158.524337769 -0.011399082 0.997920573 -0.063438542 -7.050683022 -0.999922931 -0.011063431 0.005639691 -38.899181366
0.020483725 0.063623346 0.997763753 159.213134766 -0.009131415 0.997943342 -0.063447341 -7.101583958 -0.999748468 -0.007811358 0.021022569 -38.894725800
0.037501566 0.061707042 0.997389495 159.893035889 -0.010778382 0.998058498 -0.061343152 -7.148264885 -0.999238491 -0.008449782 0.038093861 -38.892341614
0.051737174 0.056966890 0.997034550 160.502075195 -0.016094757 0.998289585 -0.056203417 -7.195821762 -0.998531044 -0.013139225 0.052565549 -38.815254211
0.068104133 0.050334826 0.996407688 161.124069214 -0.019103939 0.998609126 -0.049140297 -7.243145466 -0.997495294 -0.015688654 0.068971016 -38.766448975
0.084753074 0.043331802 0.995459259 161.765380859 -0.017996386 0.998957515 -0.041951869 -7.279294968 -0.996239364 -0.014359120 0.085444540 -38.701942444
0.103061900 0.035730630 0.994032919 162.397842407 -0.018492663 0.999250710 -0.034000851 -7.316056728 -0.994503081 -0.014878125 0.103645422 -38.645542145
0.118312716 0.030264601 0.992515087 163.017379761 -0.020397471 0.999398589 -0.028043022 -7.350479126 -0.992766798 -0.016926948 0.118858889 -38.524574280
0.137449697 0.028156240 0.990108550 163.629486084 -0.021586951 0.999443531 -0.025424950 -7.382676125 -0.990273535 -0.017878767 0.137981057 -38.453819275
0.154071137 0.027141528 0.987686932 164.243728638 -0.020588947 0.999493778 -0.024254270 -7.405079842 -0.987845242 -0.016598551 0.154551983 -38.315734863
0.171939045 0.026610542 0.984748125 164.871231079 -0.022703076 0.999476552 -0.023044543 -7.429563522 -0.984845936 -0.018394556 0.172453180 -38.208557129
0.187315434 0.026030565 0.981954873 165.442703247 -0.026768522 0.999412835 -0.021387056 -7.448356628 -0.981935024 -0.022279354 0.187902242 -38.073619843
0.201463968 0.022319721 0.979241610 166.008941650 -0.030127490 0.999408543 -0.016581114 -7.477504730 -0.979032457 -0.026161598 0.202017248 -37.943054199
0.213849366 0.018365188 0.976693988 166.599716187 -0.026763547 0.999558151 -0.012935172 -7.500720978 -0.976499975 -0.023373621 0.214246392 -37.815814972
0.223766193 0.017382970 0.974487841 167.203170776 -0.025505895 0.999603093 -0.011974199 -7.518245697 -0.974309087 -0.022175765 0.224120677 -37.654167175
0.234581113 0.021087430 0.971867800 167.791854858 -0.029722407 0.999452889 -0.014511826 -7.540869713 -0.971642137 -0.025482051 0.235079527 -37.522258759
0.242565319 0.028773122 0.969708264 168.340698242 -0.034427274 0.999185801 -0.021036049 -7.559200764 -0.969524026 -0.028281799 0.243358403 -37.347442627
0.251829952 0.038325906 0.967012346 168.897537231 -0.034709472 0.998930454 -0.030551855 -7.584479332 -0.967148840 -0.025870616 0.252890885 -37.199581146
0.259298921 0.044204123 0.964784980 169.462631226 -0.028907696 0.998859704 -0.037996009 -7.603655815 -0.965364337 -0.018037384 0.260281116 -37.032344818
0.266454905 0.042270809 0.962920010 170.037750244 -0.028464817 0.998947203 -0.035975680 -7.624624252 -0.963427007 -0.017823443 0.267377585 -36.884304047
0.271937639 0.034829270 0.961684465 170.634857178 -0.030714376 0.999149859 -0.027500981 -7.648371696 -0.961824656 -0.022058986 0.272776157 -36.707767487
0.275640786 0.024739640 0.960942328 171.183212280 -0.035716161 0.999242067 -0.015480701 -7.671145916 -0.960596979 -0.030054053 0.276315391 -36.522006989
0.278190374 0.016720608 0.960380435 171.783157349 -0.036415812 0.999313354 -0.006849989 -7.697504520 -0.959835410 -0.033067435 0.278608233 -36.354419708
0.279629171 0.016227726 0.959971011 172.371154785 -0.033419192 0.999415696 -0.007159868 -7.715343952 -0.959526300 -0.030079342 0.280008107 -36.192211151
0.279250354 0.018774917 0.960034788 172.900604248 -0.030240430 0.999484837 -0.010750229 -7.720492363 -0.959742069 -0.026029855 0.279674232 -36.012458801
0.281329781 0.018710962 0.959428728 173.519607544 -0.028128747 0.999540985 -0.011245151 -7.725277424 -0.959198713 -0.023823934 0.281726956 -35.843158722
0.283074141 0.016607614 0.958954334 174.115020752 -0.030084262 0.999511778 -0.008429422 -7.733386993 -0.958626032 -0.026463276 0.283435613 -35.667411804
0.285203129 0.013005765 0.958378851 174.653640747 -0.030803546 0.999515772 -0.004397215 -7.748117447 -0.957971931 -0.028267369 0.285465658 -35.486118317
0.289109945 0.007829043 0.957263887 175.258789062 -0.029735874 0.999557495 0.000805793 -7.764938831 -0.956833959 -0.028698036 0.289214790 -35.318229675
0.293613464 0.005418040 0.955908835 175.863021851 -0.028510123 0.999588788 0.003091448 -7.768875599 -0.955498993 -0.028160768 0.293647140 -35.140457153
0.298015952 0.002131537 0.954558492 176.417938232 -0.025857488 0.999648631 0.005840559 -7.785027504 -0.954210639 -0.026423067 0.297966331 -34.933860779
0.307048619 -0.000754528 0.951693475 176.989883423 -0.025092725 0.999645531 0.008888309 -7.792929173 -0.951362967 -0.026609721 0.306920797 -34.761955261
0.316946447 -0.002064136 0.948441088 177.595565796 -0.023167362 0.999682486 0.009917635 -7.796150684 -0.948160470 -0.025116242 0.316798002 -34.566459656
0.327141494 -0.000512290 0.944975257 178.180191040 -0.024659200 0.999654710 0.009078716 -7.812781334 -0.944653571 -0.026272357 0.327015966 -34.339138031
0.338590860 0.003894977 0.940925598 178.752044678 -0.026416969 0.999636531 0.005368102 -7.809888363 -0.940562785 -0.026673995 0.338570774 -34.115581512
0.350913554 0.006918231 0.936382234 179.326675415 -0.027387138 0.999620736 0.002878000 -7.810045719 -0.936007261 -0.026654761 0.350969881 -33.906925201
0.363355786 0.007370738 0.931621313 179.921813965 -0.026030278 0.999658525 0.002243432 -7.813286304 -0.931286812 -0.025065526 0.363423586 -33.684513092
0.373851091 0.003945297 0.927480340 180.479660034 -0.024843363 0.999674737 0.005761529 -7.817538261 -0.927155852 -0.025195682 0.373827577 -33.436752319
0.385066032 0.002645718 0.922885239 181.089294434 -0.025656743 0.999640048 0.007839299 -7.822686195 -0.922532380 -0.026696876 0.384995371 -33.178592682
