1 -1.73472e-18 0 0 -1.73472e-18 1 0 1.38778e-17 1.0842e-19 -8.67362e-19 1 0
0.99999 -0.00223604 -0.00376395 0.00311731 0.0022301 0.999996 -0.00157974 -0.0116124 0.00376747 0.00157133 0.999992 0.619927
0.999976 -0.001644 -0.00670893 -0.017906 0.00162223 0.999993 -0.00324797 -0.0223276 0.00671422 0.00323701 0.999972 1.35832
0.999935 -0.00113922 -0.0113762 -0.0227447 0.0010876 0.999989 -0.00454281 -0.0326945 0.0113812 0.00453014 0.999925 2.08006
0.999868 0.000205812 -0.0162553 -0.0439149 -0.000291351 0.999986 -0.00526004 -0.0421108 0.0162539 0.00526409 0.999854 2.8126
0.999774 -0.000186786 -0.0212663 -0.0538198 7.31473e-05 0.999986 -0.00534426 -0.0573722 0.021267 0.00534149 0.99976 3.54435
0.999697 0.000290714 -0.0245977 -0.0946338 -0.000452403 0.999978 -0.00656801 -0.0690683 0.0245953 0.00657715 0.999676 4.28808
0.999552 0.00314379 -0.02978 -0.128348 -0.00334905 0.999971 -0.00684521 -0.0859293 0.0297576 0.00694188 0.999533 5.06366
0.999394 0.00548191 -0.0343617 -0.159073 -0.00566684 0.99997 -0.00528663 -0.0995889 0.0343317 0.00547815 0.999395 5.85223
0.999227 0.00580292 -0.0388922 -0.195118 -0.00591636 0.999979 -0.00280229 -0.112306 0.0388751 0.00303022 0.999239 6.65393
0.999132 0.00497245 -0.0413486 -0.233377 -0.00499112 0.999987 -0.000348286 -0.125414 0.0413464 0.00055436 0.999145 7.45753
0.999013 0.00500549 -0.0441444 -0.277337 -0.00503948 0.999987 -0.000658773 -0.13617 0.0441405 0.000880588 0.999025 8.26288
0.998903 0.00480506 -0.046585 -0.319638 -0.0048482 0.999988 -0.000813078 -0.14825 0.0465806 0.00103804 0.998914 9.07911
0.998883 0.00294905 -0.047164 -0.363635 -0.00300793 0.999995 -0.00117751 -0.161073 0.0471603 0.00131806 0.998886 9.89718
0.998723 0.00261188 -0.0504516 -0.400828 -0.00263911 0.999996 -0.000473085 -0.172522 0.0504502 0.000605628 0.998726 10.7395
0.998692 0.000483284 -0.0511352 -0.451858 -0.000495327 1 -0.000222833 -0.192066 0.0511351 0.00024787 0.998692 11.5954
0.998607 0.00135718 -0.0527518 -0.506646 -0.00150383 0.999995 -0.00274049 -0.199453 0.0527479 0.002816 0.998604 12.4571
0.998542 0.00300682 -0.0539015 -0.558729 -0.0032892 0.999981 -0.00515073 -0.213156 0.053885 0.00532052 0.998533 13.3187
0.998425 0.006195 -0.0557651 -0.614869 -0.00659405 0.999954 -0.00697478 -0.227315 0.0557193 0.00733151 0.99842 14.1845
0.998396 0.007254 -0.0561451 -0.675328 -0.00763612 0.999949 -0.00659434 -0.241756 0.0560944 0.00701249 0.998401 15.0632
0.998305 0.00720274 -0.0577501 -0.728855 -0.00753269 0.999957 -0.00549775 -0.259083 0.057708 0.00592345 0.998316 15.9582
0.99824 0.00737543 -0.0588388 -0.785262 -0.00757996 0.999966 -0.00325365 -0.279632 0.0588128 0.00369392 0.998262 16.8439
0.998203 0.0075233 -0.0594483 -0.843868 -0.00770547 0.999966 -0.00283556 -0.302005 0.0594249 0.00328854 0.998227 17.7461
0.998108 0.00685463 -0.0611035 -0.90179 -0.00709352 0.999968 -0.00369347 -0.314992 0.0610763 0.00411992 0.998125 18.6407
0.997999 0.00600126 -0.0629368 -0.957789 -0.00628897 0.999971 -0.00437435 -0.332539 0.0629087 0.0047614 0.998008 19.5441
0.997954 0.00618897 -0.0636337 -1.01686 -0.00636014 0.999977 -0.00248777 -0.349548 0.0636168 0.0028874 0.99797 20.4737
0.998007 0.00739431 -0.0626638 -1.08454 -0.00735568 0.999973 0.000847219 -0.365087 0.0626683 -0.000384597 0.998034 21.3961
0.998073 0.00755814 -0.0615864 -1.14917 -0.00731287 0.999964 0.00420697 -0.374583 0.061616 -0.00374849 0.998093 22.3052
0.998185 0.00659112 -0.059863 -1.20445 -0.00618368 0.999956 0.00698882 -0.380124 0.0599064 -0.00660596 0.998182 23.2444
0.998274 0.00614099 -0.0584086 -1.25985 -0.00565974 0.999949 0.00840131 -0.391428 0.0584572 -0.00805623 0.998257 24.1866
0.99832 0.00679019 -0.0575452 -1.31655 -0.00647009 0.999963 0.00574724 -0.402022 0.057582 -0.00536526 0.998326 25.1217
0.998361 0.0080313 -0.0566682 -1.37845 -0.0080114 0.999968 0.000578342 -0.410488 0.056671 -0.000123402 0.998393 26.0597
0.998475 0.00862319 -0.0545276 -1.44362 -0.00875409 0.999959 -0.00216217 -0.424673 0.0545068 0.00263621 0.99851 27.0053
0.998487 0.00767127 -0.0544529 -1.49149 -0.00773411 0.99997 -0.000943403 -0.443219 0.054444 0.00136312 0.998516 27.9733
0.998479 0.00490738 -0.0549173 -1.53947 -0.00469938 0.999981 0.00391599 -0.454127 0.0549354 -0.00365195 0.998483 28.9421
0.998486 -0.000566263 -0.055006 -1.59911 0.000965048 0.999973 0.00722355 -0.461369 0.0550005 -0.0072657 0.99846 29.9106
0.998355 -0.00682885 -0.0569285 -1.64348 0.0072583 0.999947 0.00734039 -0.480114 0.0568753 -0.00774152 0.998351 30.8947
0.998232 -0.00821628 -0.0588613 -1.69382 0.00844208 0.999958 0.0035886 -0.489095 0.0588293 -0.00407917 0.99826 31.8594
0.998136 -0.00663079 -0.0606626 -1.75418 0.00663516 0.999978 -0.000129385 -0.505822 0.0606621 -0.000273362 0.998158 32.8315
0.998131 -0.00521923 -0.0608817 -1.8249 0.00517951 0.999986 -0.000810322 -0.520527 0.0608851 0.000493471 0.998145 33.8024
0.998046 -0.00672673 -0.0621195 -1.88262 0.00675598 0.999977 0.000260802 -0.536424 0.0621163 -0.00067997 0.998069 34.795
0.99801 -0.00550636 -0.0628184 -1.95912 0.00570378 0.999979 0.00296387 -0.54461 0.0628008 -0.00331628 0.998021 35.7973
0.997965 -0.00367707 -0.0636501 -2.0353 0.00396932 0.999982 0.00446562 -0.560807 0.0636326 -0.00470919 0.997962 36.7959
0.99792 -0.00232612 -0.0644236 -2.10508 0.00279972 0.99997 0.00726196 -0.573842 0.0644047 -0.00742722 0.997896 37.7867
0.997919 -0.00241591 -0.0644402 -2.16967 0.00310719 0.999939 0.0106293 -0.589482 0.0644106 -0.0108074 0.997865 38.7701
0.997948 0.00142921 -0.0640106 -2.24951 -0.000620049 0.99992 0.0126591 -0.584802 0.0640235 -0.0125934 0.997869 39.781
0.997878 0.0025109 -0.0650563 -2.31467 -0.00169909 0.99992 0.0125309 -0.596326 0.0650826 -0.0123938 0.997803 40.7661
0.997917 0.00286038 -0.0644436 -2.38907 -0.00218817 0.999942 0.010499 -0.600605 0.0644699 -0.0103362 0.997866 41.767
0.997833 0.00642423 -0.0654836 -2.4563 -0.00585023 0.999943 0.00895359 -0.614859 0.0655374 -0.00855109 0.997813 42.7512
0.997754 0.00699475 -0.0666232 -2.5257 -0.00643198 0.999942 0.00865777 -0.621822 0.0666799 -0.00820981 0.997741 43.7349
0.997721 0.0038867 -0.0673564 -2.59276 -0.00321067 0.999943 0.010142 -0.631467 0.067392 -0.00990259 0.997677 44.7179
0.997613 0.00323104 -0.0689709 -2.66543 -0.0024932 0.999939 0.0107812 -0.632668 0.0690015 -0.0105836 0.99756 45.6997
0.997571 0.0043408 -0.0695261 -2.73631 -0.00379812 0.999961 0.00793582 -0.64794 0.0695578 -0.00765247 0.997549 46.6652
0.997563 0.00657839 -0.0694561 -2.81744 -0.00634272 0.999973 0.00361309 -0.657315 0.0694781 -0.00316374 0.997578 47.6294
0.997535 0.00797594 -0.0697103 -2.89079 -0.00788775 0.999968 0.00154024 -0.670092 0.0697203 -0.000986584 0.997566 48.5718
0.997496 0.00761534 -0.0703086 -2.95742 -0.00728679 0.999961 0.00492821 -0.68071 0.0703434 -0.00440354 0.997513 49.5446
0.997522 0.00492597 -0.0701787 -3.02612 -0.00437045 0.999958 0.00806709 -0.697204 0.0702155 -0.00774039 0.997502 50.5188
0.997413 0.00344424 -0.0718002 -3.08017 -0.00282003 0.999957 0.00879331 -0.703954 0.0718275 -0.00856809 0.99738 51.4845
0.997389 0.000647468 -0.0722194 -3.1384 -6.40841e-05 0.999967 0.00807996 -0.718763 0.0722223 -0.00805423 0.997356 52.4043
0.99741 -0.00216279 -0.0718955 -3.21546 0.00262015 0.999977 0.00626783 -0.733483 0.0718803 -0.00643998 0.997392 53.3768
0.997306 -0.00287846 -0.0733024 -3.2845 0.00344833 0.999965 0.00764887 -0.743519 0.0732778 -0.00788103 0.99728 54.3266
0.997199 -0.00604448 -0.0745495 -3.35427 0.00689013 0.999915 0.0110915 -0.746683 0.0744761 -0.0115741 0.997156 55.2822
0.997121 -0.00864983 -0.0753308 -3.42019 0.00994514 0.999809 0.0168369 -0.760576 0.0751708 -0.0175376 0.997016 56.2159
0.997116 -0.00848306 -0.0754184 -3.49767 0.00991423 0.999777 0.0186224 -0.755754 0.0752436 -0.0193164 0.996978 57.1569
0.996916 -0.00764987 -0.0780968 -3.56976 0.00887127 0.999844 0.0153047 -0.763424 0.0779675 -0.0159503 0.996828 58.0967
0.996953 -0.00490813 -0.0778496 -3.65581 0.00555656 0.999952 0.0081148 -0.772802 0.077806 -0.00852265 0.996932 59.0071
0.996795 -0.00269213 -0.0799529 -3.71887 0.00297373 0.99999 0.00340328 -0.786763 0.079943 -0.00363013 0.996793 59.9169
0.996727 0.00217032 -0.0808155 -3.80311 -0.0018671 0.999991 0.00382736 -0.792019 0.080823 -0.00366394 0.996722 60.8243
0.996657 0.00416538 -0.0815978 -3.88308 -0.0036453 0.999972 0.00652158 -0.808516 0.0816227 -0.00620232 0.996644 61.7114
0.996545 0.00536047 -0.0828755 -3.95827 -0.00475738 0.999961 0.00747283 -0.817443 0.0829123 -0.00705274 0.996532 62.5771
0.99649 0.00643038 -0.0834635 -4.03869 -0.00582954 0.999955 0.00744058 -0.830112 0.0835077 -0.00692791 0.996483 63.4347
0.996379 0.00888524 -0.0845529 -4.11775 -0.00822352 0.999933 0.00817117 -0.841025 0.0846198 -0.00744626 0.996385 64.2801
0.996352 0.00835735 -0.0849275 -4.20156 -0.00763483 0.999932 0.00882864 -0.855535 0.0849955 -0.00814803 0.996348 65.106
0.996228 0.00798077 -0.0864038 -4.2753 -0.00720268 0.999931 0.00931329 -0.866884 0.0864721 -0.00865583 0.996217 65.919
0.996101 0.00828395 -0.0878264 -4.34887 -0.00740548 0.999919 0.0103235 -0.879145 0.0879048 -0.00963284 0.996082 66.7305
0.995867 0.0107616 -0.0901801 -4.42435 -0.00966163 0.999874 0.0126254 -0.880954 0.0903046 -0.011702 0.995845 67.5438
0.995772 0.0119562 -0.0910802 -4.5039 -0.0104909 0.999808 0.0165498 -0.881222 0.0912606 -0.0155243 0.995706 68.3283
0.995709 0.0129787 -0.0916272 -4.58934 -0.0113415 0.999767 0.0183657 -0.882259 0.0918442 -0.0172477 0.995624 69.0813
0.995514 0.0159766 -0.0932509 -4.6621 -0.0146524 0.999782 0.0148684 -0.900766 0.0934682 -0.0134353 0.995532 69.8233
0.995285 0.0172924 -0.0954414 -4.72569 -0.0166267 0.999832 0.00776549 -0.91015 0.0955596 -0.006142 0.995405 70.5453
0.995238 0.0173147 -0.0959205 -4.80332 -0.0172115 0.99985 0.00190266 -0.923361 0.095939 -0.000242663 0.995387 71.2451
0.995135 0.0195004 -0.0965736 -4.87638 -0.0195626 0.999809 0.000302477 -0.928391 0.096561 0.00158822 0.995326 71.9394
0.994979 0.0213685 -0.0977776 -4.9481 -0.0211134 0.99977 0.00364342 -0.941142 0.097833 -0.00156071 0.995202 72.6155
0.994912 0.0195189 -0.0988395 -5.01727 -0.0189883 0.9998 0.00630652 -0.958132 0.0989428 -0.00439764 0.995083 73.2701
0.994857 0.017301 -0.0998017 -5.07946 -0.0170635 0.999849 0.003232 -0.974269 0.0998425 -0.00151241 0.995002 73.8928
0.994859 0.0111242 -0.100655 -5.12589 -0.0113709 0.999934 -0.00187745 -0.992972 0.100627 0.00301233 0.99492 74.4996
0.99507 0.00662938 -0.098957 -5.1901 -0.00732158 0.999951 -0.00663342 -1.0088 0.0989082 0.00732524 0.99507 75.0919
0.995318 0.00849958 -0.096285 -5.24963 -0.0092216 0.999933 -0.00705624 -1.01897 0.0962185 0.0079111 0.995329 75.6763
0.99575 0.0136044 -0.0910873 -5.31707 -0.0141061 0.999889 -0.00486589 -1.02061 0.0910109 0.0061301 0.995831 76.2427
0.996144 0.0127234 -0.0868098 -5.35951 -0.0129098 0.999915 -0.00158618 -1.03595 0.0867823 0.00270076 0.996224 76.8011
0.996713 0.00935271 -0.0804774 -5.39958 -0.00919699 0.999955 0.00230539 -1.0489 0.0804953 -0.00155767 0.996754 77.3339
0.997336 0.00477214 -0.0727865 -5.42186 -0.00436021 0.999974 0.00581721 -1.06414 0.0728124 -0.00548435 0.997331 77.8681
0.998001 0.00693661 -0.0628222 -5.44977 -0.00666752 0.999968 0.00449198 -1.06825 0.0628513 -0.00406413 0.998015 78.3883
0.998849 0.0122307 -0.0463732 -5.49338 -0.0120096 0.999915 0.00504382 -1.08648 0.046431 -0.0044811 0.998911 78.8751
0.999449 0.0171205 -0.0284214 -5.5024 -0.0169765 0.999842 0.00530113 -1.08828 0.0285076 -0.00481571 0.999582 79.3684
0.999846 0.0164597 -0.00611407 -5.49286 -0.0164286 0.999852 0.00510101 -1.08981 0.00619713 -0.00499978 0.999968 79.8423
0.999739 0.0120973 0.0193574 -5.45653 -0.0122147 0.999908 0.00595906 -1.10228 -0.0192835 -0.00619395 0.999795 80.3118
0.998744 0.0108129 0.0489259 -5.40783 -0.0111784 0.999912 0.00720172 -1.11062 -0.0488437 -0.00773958 0.998776 80.7629
0.996528 0.00973816 0.0826814 -5.35238 -0.0105045 0.999906 0.0088392 -1.12229 -0.0825875 -0.00967704 0.996537 81.2038
0.992636 0.00967314 0.120751 -5.27948 -0.0109194 0.999894 0.00966306 -1.13424 -0.120645 -0.0109104 0.992636 81.6458
0.986763 0.00957901 0.161885 -5.18005 -0.0112683 0.999891 0.00952029 -1.13957 -0.161776 -0.0112184 0.986764 82.0616
0.97825 0.00917729 0.207225 -5.06646 -0.0113061 0.999895 0.00909101 -1.14668 -0.207119 -0.0112362 0.978251 82.4737
0.966541 0.0111203 0.256272 -4.92706 -0.0132822 0.999889 0.00670645 -1.15388 -0.256169 -0.0098859 0.966581 82.8836
0.951377 0.0117149 0.307805 -4.7625 -0.0135377 0.999901 0.00378717 -1.16459 -0.30773 -0.00776999 0.951442 83.2544
0.931405 0.0116675 0.363799 -4.57119 -0.0129632 0.999915 0.00112023 -1.17203 -0.363755 -0.00575939 0.931477 83.6189
0.906963 0.0118018 0.421046 -4.36476 -0.0126346 0.99992 -0.000811498 -1.18098 -0.421022 -0.00458376 0.907039 83.9567
0.877606 0.0117546 0.479239 -4.14642 -0.0117257 0.999927 -0.00305318 -1.1838 -0.47924 -0.00293995 0.877679 84.2802
0.84394 0.0100054 0.536345 -3.8747 -0.0085654 0.99995 -0.00517615 -1.19584 -0.53637 -0.000225651 0.843983 84.5838
0.807964 0.00969111 0.589152 -3.60225 -0.00769526 0.999953 -0.00589519 -1.21383 -0.589182 0.000229419 0.808 84.8488
0.766747 0.00869189 0.64189 -3.3122 -0.00598769 0.999962 -0.00638818 -1.22354 -0.641921 0.00105468 0.76677 85.1266
0.724981 0.00792482 0.688724 -3.01916 -0.00653063 0.999968 -0.00463173 -1.23034 -0.688738 -0.00113989 0.725009 85.3616
0.67992 0.00605259 0.733261 -2.72177 -0.00497885 0.999981 -0.00363753 -1.23724 -0.733269 -0.00117757 0.679937 85.5725
0.633915 0.00465159 0.773389 -2.37578 -0.0014338 0.999987 -0.00483926 -1.24702 -0.773401 0.00195879 0.633913 85.7829
0.586795 0.00262035 0.809732 -2.04219 0.00367471 0.999976 -0.00589897 -1.26585 -0.809727 0.00643701 0.586771 85.9599
0.54386 0.00360256 0.839168 -1.70307 0.00252368 0.999979 -0.0059285 -1.28409 -0.839172 0.00534207 0.543839 86.1046
0.495598 0.00661311 0.868527 -1.37239 -0.000264479 0.999972 -0.00746303 -1.28445 -0.868552 0.00346896 0.495586 86.2404
0.450712 0.00881498 0.892626 -1.03657 -0.000169709 0.999952 -0.00978917 -1.29118 -0.892669 0.00426061 0.450692 86.3614
0.406544 0.00680844 0.913606 -0.668371 0.00676162 0.999922 -0.0104605 -1.29465 -0.913606 0.0104301 0.406467 86.486
0.368826 -0.000520361 0.929498 -0.305663 0.021078 0.999747 -0.00780408 -1.31386 -0.929259 0.0224703 0.368744 86.5611
0.333509 -0.00405336 0.942738 0.0621117 0.0266407 0.999632 -0.00512663 -1.32832 -0.94237 0.026825 0.333495 86.639
0.298164 0.000640256 0.954515 0.440012 0.023693 0.999687 -0.00807157 -1.33363 -0.954221 0.0250219 0.298055 86.7512
0.26396 0.00932212 0.964489 0.789591 0.0141586 0.999808 -0.0135384 -1.3344 -0.96443 0.0172294 0.263777 86.853
0.236728 0.0136785 0.97148 1.17221 0.00872295 0.999831 -0.0162033 -1.34637 -0.971537 0.0123099 0.236568 86.9278
0.209894 0.0151114 0.977607 1.55955 0.0104278 0.999789 -0.0176932 -1.36516 -0.977668 0.013908 0.209692 87.0015
0.186221 0.0166746 0.982366 1.9551 0.0177344 0.999636 -0.0203295 -1.37627 -0.982348 0.0212075 0.185857 87.0476
0.166855 0.0229164 0.985715 2.35648 0.0244952 0.999325 -0.0273792 -1.39098 -0.985677 0.0287137 0.166181 87.0835
0.14741 0.0300192 0.98862 2.77531 0.0255451 0.99909 -0.0341461 -1.3959 -0.988745 0.0302879 0.146509 87.1326
0.1299 0.030515 0.991057 3.20724 0.0249897 0.999108 -0.0340384 -1.41052 -0.991212 0.0291878 0.129022 87.1791
0.114853 0.0262929 0.993035 3.66064 0.0236741 0.999293 -0.0291967 -1.42998 -0.9931 0.0268625 0.11415 87.224
0.101034 0.0232393 0.994612 4.13241 0.024683 0.999361 -0.0258576 -1.45189 -0.994577 0.0271625 0.100396 87.2566
0.0862579 0.0212857 0.996045 4.61183 0.0259385 0.999385 -0.0236034 -1.4673 -0.995935 0.0278719 0.0856527 87.2946
0.0753002 0.0201204 0.996958 5.09989 0.0298056 0.999304 -0.0224189 -1.48529 -0.996715 0.0314031 0.0746481 87.3108
0.0664751 0.0208493 0.99757 5.60391 0.0323358 0.999212 -0.0230383 -1.50346 -0.997264 0.0337887 0.0657485 87.3323
0.0576011 0.0215359 0.998107 6.12905 0.0345027 0.999127 -0.023549 -1.52442 -0.997743 0.0357939 0.0568078 87.3585
0.0522791 0.0219255 0.998392 6.66707 0.0360763 0.999065 -0.0238294 -1.54302 -0.997981 0.0372641 0.0514392 87.3826
0.0476682 0.0226112 0.998607 7.22408 0.0372615 0.999008 -0.0243989 -1.56399 -0.998168 0.0383726 0.0467783 87.4031
0.041822 0.0236058 0.998846 7.80627 0.0375535 0.998977 -0.0251813 -1.57963 -0.998419 0.0385633 0.0408928 87.4242
0.0368591 0.0236692 0.99904 8.39986 0.0410492 0.99884 -0.0251789 -1.59985 -0.998477 0.0419378 0.0358447 87.4428
0.0347309 0.0233388 0.999124 9.0151 0.0419516 0.998812 -0.0247898 -1.62539 -0.998516 0.0427758 0.0337106 87.4526
0.0308293 0.022821 0.999264 9.63387 0.0420576 0.998824 -0.0241085 -1.64828 -0.998639 0.0427699 0.0298333 87.4773
0.0288705 0.0223317 0.999334 10.2936 0.0440479 0.998751 -0.0235912 -1.66892 -0.998612 0.0446996 0.0278508 87.4912
0.0280629 0.0222804 0.999358 10.9578 0.0474281 0.998596 -0.0235952 -1.69088 -0.99848 0.0480598 0.0269668 87.5015
0.0288401 0.0217566 0.999347 11.6345 0.0500141 0.998479 -0.023181 -1.71521 -0.998332 0.05065 0.0277081 87.5185
0.030904 0.0216759 0.999287 12.3263 0.0515873 0.998398 -0.023252 -1.73872 -0.99819 0.0522691 0.0297363 87.5403
0.0345624 0.021359 0.999174 13.0391 0.0534605 0.998301 -0.0231896 -1.76558 -0.997972 0.0542178 0.0333618 87.5664
0.0390849 0.0209042 0.999017 13.7722 0.0544048 0.998254 -0.0230167 -1.79018 -0.997754 0.055251 0.0378794 87.594
0.042987 0.0194496 0.998886 14.5323 0.0550307 0.998247 -0.0218054 -1.8134 -0.997559 0.0559067 0.0418413 87.6241
0.0477751 0.0176643 0.998702 15.3073 0.0556778 0.998242 -0.0203196 -1.84095 -0.997305 0.0565763 0.0467076 87.6526
0.0526984 0.0155855 0.998489 16.0976 0.0535943 0.998393 -0.0184126 -1.86571 -0.997171 0.0544836 0.0517784 87.6973
0.0570497 0.0143448 0.998268 16.8792 0.0527283 0.998458 -0.0173609 -1.88716 -0.996978 0.0536274 0.0562054 87.744
0.0596889 0.0154341 0.998098 17.6713 0.0510054 0.998527 -0.018491 -1.91136 -0.996913 0.0520121 0.0588138 87.8079
0.0637143 0.0186366 0.997794 18.4785 0.0497615 0.998523 -0.0218278 -1.94763 -0.996727 0.0510425 0.0626928 87.8627
0.0661073 0.0240607 0.997522 19.2846 0.0444255 0.998647 -0.027032 -1.97321 -0.996823 0.0461025 0.064949 87.9162
0.065741 0.0270574 0.99747 20.0846 0.0400629 0.998755 -0.0297327 -2.00876 -0.997032 0.0419162 0.0645752 87.9784
0.065481 0.0268779 0.997492 20.8949 0.0378585 0.998851 -0.0293998 -2.04193 -0.997135 0.0396886 0.0643882 88.0406
0.0649728 0.0253077 0.997566 21.7205 0.0365018 0.998949 -0.0277202 -2.08011 -0.997219 0.038214 0.0639807 88.106
0.0648375 0.0243173 0.9976 22.5335 0.0368705 0.998962 -0.0267469 -2.11516 -0.997214 0.0385162 0.0638737 88.162
0.0649032 0.0234951 0.997615 23.355 0.0350708 0.999051 -0.0258106 -2.15347 -0.997275 0.0366623 0.0640177 88.2239
0.0654161 0.0234071 0.997584 24.1535 0.0331318 0.999123 -0.0256158 -2.19102 -0.997308 0.0347274 0.0645832 88.2725
0.0659091 0.0238933 0.99754 24.9673 0.0318197 0.999155 -0.0260343 -2.22484 -0.997318 0.0334573 0.0650931 88.327
0.064183 0.0248938 0.997628 25.7572 0.0283895 0.999239 -0.0267605 -2.26614 -0.997534 0.0300397 0.0634274 88.3946
0.0624621 0.0248368 0.997738 26.5762 0.0259034 0.999313 -0.0264976 -2.30029 -0.997711 0.0274999 0.0617758 88.4439
0.0579129 0.0234511 0.998046 27.3731 0.0233422 0.999419 -0.0248378 -2.33685 -0.998049 0.024735 0.0573319 88.5
0.0535165 0.0210365 0.998345 28.1676 0.0209618 0.999534 -0.0221852 -2.36699 -0.998347 0.0221144 0.0530506 88.5453
0.0468963 0.0193082 0.998713 28.9593 0.0196479 0.999602 -0.020248 -2.39936 -0.998706 0.0205722 0.0464983 88.5905
0.0390895 0.0193677 0.999048 29.7786 0.0183281 0.99963 -0.0200961 -2.43777 -0.999068 0.0190962 0.0387201 88.6278
0.0309068 0.0204922 0.999312 30.5898 0.0191779 0.999594 -0.0210911 -2.46748 -0.999338 0.0198166 0.0305013 88.651
0.0210675 0.0205346 0.999567 31.3901 0.0193836 0.999593 -0.0209437 -2.50138 -0.99959 0.0198165 0.0206609 88.6696
0.0105507 0.0196882 0.999751 32.1779 0.0189914 0.999622 -0.0198861 -2.53078 -0.999764 0.0191965 0.0101728 88.6767
1.63414e-05 0.0189256 0.999821 32.9655 0.0187523 0.999645 -0.0189225 -2.56104 -0.999824 0.0187493 -0.000338561 88.6744
-0.0115697 0.0179623 0.999772 33.7449 0.0199593 0.999644 -0.017729 -2.59351 -0.999734 0.0197497 -0.0119241 88.6655
-0.0230379 0.0185342 0.999563 34.5255 0.0199577 0.999637 -0.0180756 -2.62359 -0.999535 0.0195326 -0.0233994 88.6443
-0.0336341 0.0189554 0.999255 35.2984 0.0196569 0.999639 -0.018301 -2.6563 -0.999241 0.0190267 -0.0339946 88.6109
-0.0447228 0.0200984 0.998797 36.0695 0.0201662 0.999612 -0.0192118 -2.68736 -0.998796 0.0192828 -0.0451108 88.5811
-0.0553838 0.0211331 0.998242 36.8282 0.0215356 0.999569 -0.0199664 -2.71572 -0.998233 0.0203919 -0.055815 88.5402
-0.0641569 0.0221001 0.997695 37.5888 0.0218625 0.999546 -0.0207352 -2.745 -0.9977 0.0204818 -0.064611 88.4825
-0.0749754 0.0221218 0.99694 38.3276 0.0226359 0.999534 -0.020477 -2.78036 -0.996928 0.0210314 -0.0754412 88.4332
-0.0831438 0.02278 0.996277 39.0624 0.0243269 0.999487 -0.0208232 -2.80815 -0.996241 0.022505 -0.0836554 88.3616
-0.0916006 0.0221616 0.995549 39.7917 0.0259523 0.999466 -0.0198609 -2.84023 -0.995458 0.0240175 -0.0921268 88.2909
-0.100068 0.0212962 0.994753 40.5173 0.0266038 0.999471 -0.018721 -2.86989 -0.994625 0.0245908 -0.100581 88.2227
-0.105569 0.0197856 0.994215 41.233 0.0294265 0.999426 -0.0167647 -2.8978 -0.993976 0.0274864 -0.106091 88.1437
-0.108516 0.0180262 0.993931 41.9274 0.0317018 0.99939 -0.014664 -2.92776 -0.993589 0.0299181 -0.109021 88.058
-0.111867 0.0172493 0.993574 42.6232 0.0332795 0.999354 -0.0136027 -2.95008 -0.993166 0.0315439 -0.112369 87.9851
-0.113665 0.0160591 0.993389 43.3101 0.0348424 0.999319 -0.0121682 -2.97873 -0.992908 0.033229 -0.114147 87.9055
-0.115339 0.0170378 0.99318 43.9756 0.035388 0.999289 -0.0130329 -2.99708 -0.992696 0.0336434 -0.11586 87.8374
-0.113554 0.0177922 0.993373 44.6197 0.0360979 0.999253 -0.0137711 -3.02442 -0.992876 0.0342949 -0.114112 87.758
-0.111256 0.0194686 0.993601 45.255 0.037024 0.999195 -0.0154326 -3.04689 -0.993102 0.0350702 -0.111887 87.6923
-0.105944 0.0200766 0.994169 45.871 0.0373424 0.999171 -0.0161982 -3.06859 -0.993671 0.0354086 -0.106606 87.6265
-0.0979324 0.0205225 0.994982 46.4552 0.0361575 0.999201 -0.0170506 -3.09537 -0.994536 0.0343062 -0.0985961 87.5711
-0.0869889 0.0204189 0.996 47.0622 0.0346692 0.999246 -0.0174575 -3.11705 -0.995606 0.033012 -0.0876312 87.5337
-0.0726468 0.0207743 0.997141 47.618 0.0345522 0.999235 -0.0183006 -3.1402 -0.996759 0.0331239 -0.0733091 87.5049
-0.0560344 0.0221242 0.998184 48.1605 0.0340595 0.999215 -0.020235 -3.16295 -0.997848 0.0328637 -0.0567439 87.4886
-0.0352119 0.0245034 0.999079 48.6851 0.0324578 0.9992 -0.0233624 -3.18921 -0.998853 0.0316053 -0.0359791 87.4904
-0.0105669 0.0274734 0.999567 49.2187 0.0294345 0.999198 -0.0271521 -3.21241 -0.999511 0.0291348 -0.011367 87.505
0.0167356 0.0286376 0.99945 49.7342 0.0270103 0.999212 -0.0290831 -3.24195 -0.999495 0.0274822 0.0159489 87.5399
0.0504503 0.0283485 0.998324 50.2574 0.024802 0.999253 -0.0296282 -3.26424 -0.998418 0.0262552 0.0497095 87.5883
0.0884618 0.0257077 0.995748 50.7596 0.0225316 0.999359 -0.0278026 -3.28921 -0.995825 0.0248953 0.0878259 87.6618
0.131122 0.0217654 0.991127 51.2594 0.0202124 0.999492 -0.0246231 -3.3121 -0.99116 0.0232617 0.130616 87.7575
0.175979 0.0170342 0.984247 51.7508 0.0185383 0.999616 -0.0206147 -3.33598 -0.984219 0.021874 0.175595 87.8851
0.223886 0.0134937 0.974522 52.2208 0.0144997 0.999747 -0.0171742 -3.35863 -0.974507 0.0179754 0.223634 88.0338
0.275265 0.0125111 0.961287 52.6789 0.0107298 0.999813 -0.016085 -3.3781 -0.961308 0.0147421 0.275079 88.208
0.330299 0.0120689 0.943799 53.1305 0.00911626 0.999831 -0.0159758 -3.39234 -0.943832 0.0138807 0.330133 88.4097
0.388872 0.0122087 0.921211 53.5621 0.0101688 0.999794 -0.0175428 -3.41741 -0.921236 0.0161896 0.388668 88.6344
0.447517 0.0154572 0.894142 53.9467 0.0107891 0.999685 -0.0226817 -3.43856 -0.89421 0.0197974 0.447209 88.8733
0.508934 0.0186877 0.860603 54.3183 0.011097 0.999539 -0.0282671 -3.46081 -0.860734 0.0239362 0.508492 89.1424
0.568293 0.0225164 0.822519 54.6693 0.0070519 0.999456 -0.0322324 -3.47923 -0.822796 0.0241177 0.567824 89.4339
0.623225 0.0255285 0.781626 54.9967 0.00282948 0.999387 -0.0348968 -3.49092 -0.782037 0.0239601 0.622771 89.7747
0.6743 0.0260957 0.737996 55.2914 0.000589431 0.999356 -0.035876 -3.5129 -0.738457 0.0246262 0.67385 90.1276
0.724556 0.0248852 0.688766 55.5659 -0.000450328 0.999365 -0.0356335 -3.52819 -0.689216 0.0255083 0.724107 90.4696
0.769845 0.0209847 0.637885 55.8228 -0.00260353 0.999554 -0.0297405 -3.55607 -0.638225 0.0212348 0.769557 90.8589
0.810882 0.0163014 0.584982 56.0488 -0.00343834 0.999727 -0.0230928 -3.56962 -0.585199 0.0167142 0.810717 91.2641
0.847347 0.0138602 0.530859 56.2446 -0.00579029 0.999841 -0.0168626 -3.58271 -0.531009 0.0112146 0.847292 91.6711
0.878148 0.010982 0.478262 56.4246 -0.00758553 0.99993 -0.00903273 -3.59612 -0.478328 0.0043042 0.878171 92.1062
0.903595 0.010313 0.428263 56.5784 -0.0104005 0.999944 -0.00213558 -3.61487 -0.428261 -0.00252445 0.903652 92.5494
0.924298 0.0121397 0.381478 56.7141 -0.0138471 0.999903 0.00173118 -3.62979 -0.381419 -0.00688251 0.924377 92.9822
0.93987 0.0168971 0.341114 56.8416 -0.0196173 0.999797 0.00452656 -3.63535 -0.340968 -0.0109461 0.940011 93.4411
0.951257 0.0221631 0.307601 56.9431 -0.0245395 0.999691 0.00385931 -3.6401 -0.30742 -0.0112196 0.951508 93.8989
0.960722 0.02443 0.276436 57.048 -0.0264619 0.999643 0.00362178 -3.63327 -0.276248 -0.0107945 0.961026 94.3471
0.967009 0.0208332 0.253889 57.1624 -0.022678 0.999733 0.00434115 -3.64389 -0.253731 -0.00995561 0.967224 94.8332
0.970675 0.0177495 0.239741 57.2647 -0.0193997 0.999802 0.00452505 -3.65375 -0.239613 -0.00904327 0.970826 95.302
0.973821 0.0196793 0.226464 57.3657 -0.0212434 0.999764 0.0044715 -3.66217 -0.226323 -0.00916533 0.974009 95.7946
0.975831 0.0252667 0.21706 57.4497 -0.0269377 0.999626 0.00474288 -3.65957 -0.216858 -0.0104753 0.976147 96.2867
0.976894 0.0318795 0.211332 57.5407 -0.0333197 0.999439 0.00325665 -3.65964 -0.211109 -0.0102229 0.977409 96.8052
0.977519 0.0384523 0.207312 57.6446 -0.0393216 0.999227 7.27833e-05 -3.66347 -0.207148 -0.00822297 0.978275 97.318
0.977483 0.0400787 0.207172 57.7411 -0.0405177 0.999177 -0.00212562 -3.68026 -0.207087 -0.00631639 0.978302 97.8295
0.977119 0.0379896 0.209272 57.8616 -0.0376494 0.999275 -0.00561049 -3.68952 -0.209333 -0.00239684 0.977841 98.372
0.976501 0.0376196 0.212206 57.9989 -0.0359231 0.999284 -0.0118455 -3.70292 -0.212499 0.00394403 0.977153 98.9269
0.975506 0.0393143 0.216429 58.1227 -0.0365062 0.99919 -0.0169587 -3.71352 -0.216921 0.00864231 0.976151 99.4776
0.974344 0.0428146 0.220956 58.2391 -0.04021 0.999059 -0.0162745 -3.72967 -0.221445 0.00697227 0.975148 100.037
0.973098 0.0437649 0.226199 58.3686 -0.0419446 0.999037 -0.0128496 -3.73959 -0.226543 0.0030161 0.973996 100.627
0.971988 0.0414447 0.231347 58.507 -0.0405776 0.99914 -0.00850733 -3.75343 -0.231501 -0.00111849 0.972834 101.227
0.971227 0.0386345 0.235 58.6596 -0.0391367 0.999231 -0.00252811 -3.76515 -0.234917 -0.00674176 0.971992 101.834
0.970232 0.0352677 0.239594 58.8041 -0.0368691 0.999318 0.00220379 -3.7748 -0.239353 -0.0109718 0.970871 102.449
0.969903 0.0316171 0.241429 58.9707 -0.033319 0.99944 0.00296905 -3.78454 -0.2412 -0.0109239 0.970414 103.07
0.969779 0.0282161 0.24235 59.1302 -0.0290738 0.999577 -3.72536e-05 -3.79252 -0.242249 -0.00700991 0.970189 103.716
0.969775 0.0266456 0.242543 59.2955 -0.0256804 0.999645 -0.00714073 -3.80697 -0.242648 0.000696288 0.970114 104.376
0.969962 0.0301118 0.241387 59.4529 -0.027639 0.999525 -0.0136247 -3.81966 -0.241682 0.00654372 0.970333 105.027
0.970319 0.0345179 0.239353 59.6052 -0.0312474 0.999359 -0.0174462 -3.8313 -0.239802 0.00944925 0.970776 105.699
0.970957 0.0318203 0.237128 59.7675 -0.0294347 0.999474 -0.0135948 -3.84622 -0.237436 0.00622013 0.971383 106.389
0.971383 0.0273465 0.235939 59.934 -0.0266381 0.999626 -0.00619001 -3.86033 -0.23602 -0.000272097 0.971748 107.083
0.971886 0.0248894 0.234134 60.0952 -0.0255691 0.999673 -0.000132625 -3.87394 -0.234061 -0.0058577 0.972204 107.789
0.972403 0.0276906 0.23166 60.2623 -0.0283226 0.999599 -0.000597832 -3.8889 -0.231583 -0.00597987 0.972797 108.509
0.972671 0.0330029 0.229831 60.4154 -0.0327838 0.999451 -0.00477276 -3.90318 -0.229862 -0.00289242 0.973219 109.232
0.973356 0.0380437 0.226121 60.5742 -0.0366771 0.999275 -0.0102435 -3.91313 -0.226346 0.0016771 0.974045 109.959
0.974393 0.0371639 0.22176 60.7457 -0.0351706 0.999298 -0.0129322 -3.93049 -0.222084 0.00480164 0.975016 110.711
0.975414 0.0347136 0.217629 60.9233 -0.0329104 0.999387 -0.0119063 -3.94645 -0.217909 0.00445132 0.975959 111.479
0.976316 0.0310322 0.214111 61.0976 -0.0296132 0.999513 -0.00983271 -3.96832 -0.214312 0.00325932 0.97676 112.261
0.976805 0.0288077 0.212184 61.2693 -0.0278939 0.999584 -0.0072992 -3.9835 -0.212306 0.00121126 0.977202 113.058
0.977209 0.0251716 0.21078 61.4427 -0.0247227 0.999683 -0.00476471 -4.00075 -0.210833 -0.00055494 0.977522 113.839
0.977318 0.0207359 0.210758 61.6154 -0.020506 0.999784 -0.00327659 -4.02177 -0.210781 -0.00111953 0.977533 114.639
0.977528 0.0198959 0.209867 61.7855 -0.0199632 0.999799 -0.00179812 -4.03397 -0.20986 -0.00243189 0.977728 115.433
0.977232 0.0247297 0.210729 61.9474 -0.0245075 0.999693 -0.00366609 -4.04609 -0.210755 -0.00158184 0.977538 116.259
0.977126 0.0309927 0.210392 62.1183 -0.0301992 0.99952 -0.00698389 -4.06069 -0.210508 0.000470455 0.977592 117.076
0.976477 0.040465 0.211789 62.2736 -0.039519 0.999181 -0.00869971 -4.07586 -0.211967 0.000125409 0.977277 117.887
0.975404 0.0472727 0.215294 62.435 -0.0466942 0.998879 -0.00777516 -4.09871 -0.21542 -0.00246907 0.976518 118.715
0.974588 0.0491593 0.218546 62.6123 -0.048984 0.99878 -0.00622317 -4.11354 -0.218585 -0.00464022 0.975807 119.556
0.973864 0.0507456 0.221393 62.793 -0.0504715 0.998702 -0.00689878 -4.13211 -0.221455 -0.00445554 0.97516 120.386
0.973346 0.0503511 0.223747 62.9752 -0.0493623 0.998731 -0.0100141 -4.14579 -0.223967 -0.00129752 0.974596 121.226
0.973478 0.0438421 0.224542 63.1771 -0.0429861 0.999038 -0.00870196 -4.17567 -0.224708 -0.00118104 0.974425 122.051
0.973626 0.0380217 0.224959 63.3775 -0.0367513 0.999276 -0.00983362 -4.20229 -0.22517 0.00130674 0.974319 122.873
0.973413 0.0352835 0.226325 63.5704 -0.0339072 0.999375 -0.00996688 -4.23247 -0.226535 0.00202784 0.974001 123.72
0.973089 0.0377842 0.22731 63.7633 -0.0370895 0.999285 -0.00732842 -4.24563 -0.227424 -0.0012996 0.973795 124.551
0.972819 0.0391439 0.228233 63.9514 -0.0398115 0.999206 -0.00167979 -4.26111 -0.228118 -0.00745217 0.973605 125.368
0.972586 0.0422277 0.228677 64.139 -0.043971 0.99903 0.00253137 -4.27223 -0.228349 -0.0125172 0.973499 126.199
0.972441 0.0417673 0.229378 64.3289 -0.0421507 0.999106 -0.00323001 -4.28999 -0.229308 -0.00652746 0.973332 127.023
0.972486 0.0391048 0.229655 64.5134 -0.0360049 0.999195 -0.0176744 -4.32265 -0.230162 0.00891941 0.973112 127.809
0.972838 0.0368123 0.228543 64.7111 -0.0316655 0.999156 -0.0261477 -4.36306 -0.229312 0.0182005 0.973183 128.625
0.973055 0.0339259 0.228063 64.9021 -0.0307933 0.999376 -0.0172813 -4.38518 -0.228507 0.00979281 0.973493 129.45
0.973547 0.0268382 0.226905 65.1024 -0.0282043 0.999598 0.00277968 -4.39208 -0.226739 -0.00910584 0.973913 130.272
0.973946 0.0190611 0.22598 65.2998 -0.023586 0.999571 0.0173404 -4.39574 -0.225552 -0.0222185 0.973978 131.103
0.973663 0.024351 0.226689 65.4669 -0.0278592 0.999536 0.0122889 -4.40891 -0.226285 -0.0182807 0.97389 131.92
0.974025 0.0352213 0.223686 65.6362 -0.0354581 0.999367 -0.00295941 -4.43316 -0.223648 -0.00504893 0.974657 132.684
0.974034 0.0385895 0.223089 65.8098 -0.0370545 0.999252 -0.0110642 -4.447 -0.22335 0.00251042 0.974735 133.488
0.974786 0.0338376 0.220562 65.9985 -0.0320652 0.999418 -0.011612 -4.47441 -0.220826 0.00424681 0.975304 134.285
0.975513 0.0306438 0.217798 66.1741 -0.0290988 0.999523 -0.0102983 -4.50145 -0.21801 0.00370844 0.975939 135.085
0.976245 0.0310649 0.214431 66.3396 -0.0294311 0.999508 -0.0108083 -4.52389 -0.214661 0.00424066 0.976679 135.875
0.977129 0.0331193 0.210054 66.503 -0.0312028 0.999436 -0.0124325 -4.54325 -0.210348 0.00559386 0.977611 136.671
0.97765 0.0363345 0.207076 66.6591 -0.0344314 0.999325 -0.0127881 -4.56886 -0.207401 0.00537238 0.978241 137.464
0.978064 0.0407614 0.204279 66.8157 -0.0389787 0.999159 -0.0127449 -4.59065 -0.204627 0.00450275 0.97883 138.257
0.978386 0.0425131 0.202372 66.9734 -0.0412264 0.999094 -0.0105709 -4.6147 -0.202638 0.00199939 0.979252 139.041
0.978661 0.040429 0.201467 67.1349 -0.0399784 0.999181 -0.00630665 -4.63318 -0.201557 -0.00188225 0.979475 139.838
0.978855 0.0404889 0.200509 67.2884 -0.0400693 0.999178 -0.00615222 -4.65049 -0.200593 -0.00201212 0.979673 140.618
0.979401 0.0384067 0.198239 67.4423 -0.0375119 0.999262 -0.0082685 -4.6743 -0.198411 0.000661834 0.980119 141.398
0.980352 0.0343106 0.19425 67.5863 -0.0325422 0.999395 -0.0122883 -4.69407 -0.194554 0.00572552 0.980875 142.173
0.9818 0.0322178 0.187166 67.7399 -0.0302174 0.999452 -0.0135318 -4.71544 -0.187499 0.00762986 0.982235 142.957
0.983026 0.031088 0.180814 67.8798 -0.0301261 0.999514 -0.00806384 -4.73878 -0.180976 0.00247975 0.983484 143.742
0.984049 0.0281704 0.175654 68.0119 -0.0286436 0.99959 0.000158864 -4.75505 -0.175578 -0.0051877 0.984452 144.527
0.984899 0.0262522 0.171127 68.1567 -0.0283472 0.99955 0.00981002 -4.77259 -0.170792 -0.0145128 0.9852 145.334
0.985523 0.0289233 0.167059 68.2779 -0.0313915 0.999433 0.0121526 -4.77199 -0.166613 -0.0172209 0.985872 146.115
0.986039 0.0323981 0.163332 68.3893 -0.0341404 0.999386 0.00787058 -4.78204 -0.162977 -0.0133369 0.98654 146.915
0.987152 0.0341539 0.156093 68.5047 -0.0342501 0.999411 -0.00207368 -4.79598 -0.156072 -0.00329916 0.98774 147.703
0.98814 0.0326056 0.150053 68.6196 -0.0318737 0.999465 -0.00728081 -4.81011 -0.15021 0.00241171 0.988651 148.481
0.989332 0.031985 0.142126 68.7365 -0.0313852 0.999486 -0.00646044 -4.82749 -0.14226 0.00193086 0.989827 149.281
0.990251 0.0356956 0.134644 68.8323 -0.0356293 0.999361 -0.00290245 -4.84019 -0.134662 -0.00192312 0.99089 150.084
0.991033 0.0421094 0.12681 68.9132 -0.0419088 0.999112 -0.00425057 -4.85654 -0.126877 -0.00110201 0.991918 150.887
0.992003 0.0458964 0.117577 68.9887 -0.0450875 0.998938 -0.00953233 -4.87269 -0.11789 0.00415485 0.993018 151.688
0.993194 0.0435936 0.108003 69.0779 -0.0425516 0.999023 -0.0119342 -4.89498 -0.108418 0.00725733 0.994079 152.497
0.993989 0.0438134 0.100327 69.1483 -0.0430977 0.999028 -0.00929063 -4.9145 -0.100637 0.00491091 0.994911 153.325
0.994661 0.0459606 0.092401 69.2142 -0.0459763 0.998941 -0.00195916 -4.93109 -0.0923932 -0.00229957 0.99572 154.134
0.995141 0.0483099 0.0857964 69.2623 -0.0488369 0.998799 0.00405277 -4.94496 -0.0854975 -0.00822311 0.996304 154.949
0.995749 0.0488 0.0781206 69.3157 -0.0494783 0.998752 0.00676902 -4.94779 -0.0776928 -0.0106055 0.996921 155.769
0.996267 0.0486731 0.0712956 69.3687 -0.0494777 0.998729 0.00956232 -4.96346 -0.0707396 -0.0130542 0.997409 156.579
0.996624 0.0483279 0.0663737 69.4222 -0.0489241 0.998775 0.00738568 -4.97033 -0.0659355 -0.010608 0.997767 157.395
0.996714 0.0523265 0.0618313 69.4571 -0.0525774 0.998614 0.00243672 -4.98567 -0.0616181 -0.00567964 0.998084 158.208
0.996582 0.0586847 0.0581337 69.4865 -0.0585531 0.998276 -0.0039651 -4.99897 -0.0582662 0.000547641 0.998301 159.01
0.996556 0.0608716 0.0563091 69.5107 -0.060601 0.998141 -0.0065009 -5.00997 -0.0566001 0.00306612 0.998392 159.823
0.996739 0.0619064 0.0517494 69.5584 -0.061931 0.99808 -0.0011305 -5.02243 -0.05172 -0.00207807 0.998659 160.632
0.996694 0.0628254 0.0515111 69.5753 -0.063361 0.997952 0.00883079 -5.02598 -0.0508508 -0.0120654 0.998633 161.442
0.996729 0.0646367 0.04852 69.6108 -0.0655227 0.997708 0.0168955 -5.03335 -0.0473167 -0.0200194 0.998679 162.241
0.99725 0.0604584 0.0428614 69.6436 -0.0611119 0.998031 0.014104 -5.03611 -0.0419243 -0.0166845 0.998981 163.053
0.997852 0.0541054 0.0369415 69.6776 -0.0543212 0.998512 0.00486253 -5.0569 -0.0366235 -0.00685879 0.999306 163.857
0.998236 0.0512124 0.0300278 69.7018 -0.0512221 0.998687 -0.000445822 -5.06834 -0.0300112 -0.00109305 0.999549 164.652
0.998299 0.0534187 0.0233406 69.7083 -0.0534507 0.99857 0.000749276 -5.06776 -0.0232672 -0.00199558 0.999727 165.463
0.998605 0.0506663 0.0148684 69.7162 -0.0507738 0.998686 0.00694651 -5.07919 -0.0144969 -0.00769174 0.999865 166.291
0.998984 0.0441895 0.0088225 69.7151 -0.0442844 0.99896 0.0108696 -5.09131 -0.008333 -0.0112493 0.999902 167.101
0.999266 0.038163 0.00323941 69.7229 -0.0382075 0.999157 0.0150032 -5.0858 -0.00266412 -0.0151159 0.999882 167.933
0.999466 0.0325061 -0.00331483 69.7243 -0.0324513 0.999354 0.0154504 -5.09639 0.00381492 -0.0153346 0.999875 168.758
0.999559 0.0281793 -0.00932633 69.711 -0.0280964 0.999566 0.00890009 -5.10995 0.00957308 -0.00863413 0.999917 169.58
0.999609 0.0212639 -0.0181406 69.7106 -0.0212928 0.999772 -0.00140513 -5.11629 0.0181066 0.00179084 0.999834 170.393
0.999573 0.0164716 -0.024155 69.6997 -0.0165982 0.999849 -0.00505052 -5.12889 0.0240681 0.00544929 0.999695 171.215
0.999417 0.017546 -0.0292746 69.6583 -0.0174886 0.999845 0.00221657 -5.13726 0.029309 -0.00170331 0.999569 172.049
0.999165 0.0237281 -0.0332467 69.6044 -0.0232525 0.999623 0.0146198 -5.13304 0.0335811 -0.0138345 0.99934 172.884
0.998842 0.0275998 -0.0394008 69.5698 -0.0267173 0.999384 0.0227521 -5.13698 0.0400044 -0.0216731 0.998964 173.71
0.998698 0.0261139 -0.0438191 69.5309 -0.025232 0.99947 0.0205605 -5.1437 0.0443328 -0.0194281 0.998828 174.542
0.998614 0.0272691 -0.0450067 69.4774 -0.0268496 0.99959 0.00989868 -5.15445 0.0452582 -0.00867655 0.998938 175.385
0.998166 0.0368821 -0.0480014 69.4131 -0.03689 0.999319 0.00072123 -5.15429 0.0479953 0.00105087 0.998847 176.213
0.997958 0.0394296 -0.0502589 69.3598 -0.0396303 0.99921 -0.00300382 -5.16459 0.0501008 0.00498947 0.998732 177.051
0.998069 0.0339848 -0.0519973 69.3163 -0.0339687 0.999422 0.00119492 -5.17894 0.0520079 0.000573664 0.998647 177.889
0.99819 0.0296304 -0.0523404 69.2751 -0.0291297 0.999523 0.0103044 -5.18474 0.0526208 -0.00876108 0.998576 178.751
0.998223 0.0297535 -0.0516371 69.2241 -0.028971 0.999455 0.0158376 -5.18805 0.0520801 -0.0143135 0.99854 179.593
0.998125 0.0306625 -0.0529682 69.1699 -0.029911 0.999441 0.0149216 -5.19273 0.0533961 -0.0133093 0.998485 180.438
0.998099 0.0273286 -0.0552373 69.1207 -0.0270306 0.999616 0.00613499 -5.2019 0.0553838 -0.00463023 0.998454 181.268
0.998131 0.021661 -0.0571402 69.0847 -0.0219634 0.999748 -0.00467057 -5.2226 0.0570247 0.00591683 0.998355 182.097
0.998212 0.0131393 -0.0583105 69.0376 -0.0136981 0.999864 -0.00919337 -5.23789 0.0581818 0.00997568 0.998256 182.94
0.998078 0.0131927 -0.0605534 68.9872 -0.013497 0.999898 -0.00461897 -5.25327 0.0604863 0.00542738 0.998154 183.79
0.997986 0.0167034 -0.0611942 68.9263 -0.0164279 0.999853 0.0050023 -5.25643 0.0612687 -0.00398693 0.998113 184.636
0.997879 0.0168304 -0.0628857 68.8713 -0.0162761 0.999824 0.00931702 -5.27251 0.0630315 -0.00827372 0.997977 185.474
0.997774 0.0180528 -0.0641916 68.8145 -0.0176827 0.999824 0.00632884 -5.28905 0.0642945 -0.00517967 0.997918 186.303
0.997648 0.0202214 -0.0654987 68.7595 -0.0202464 0.999795 0.000282924 -5.30111 0.065491 0.00104385 0.997853 187.135
0.997488 0.0257331 -0.0660027 68.6961 -0.0258055 0.999667 -0.00024491 -5.30954 0.0659744 0.00194753 0.997819 187.963
0.997391 0.0281166 -0.066487 68.6317 -0.0280049 0.999604 0.00261193 -5.32153 0.0665341 -0.000743158 0.997784 188.801
0.997225 0.0327128 -0.0668676 68.5663 -0.0323969 0.999458 0.00580428 -5.33068 0.0670213 -0.00362187 0.997745 189.594
0.997104 0.037882 -0.0659505 68.4977 -0.0374011 0.999264 0.00851123 -5.34001 0.0662243 -0.00601996 0.997787 190.398
0.997011 0.0395903 -0.066347 68.4394 -0.0391042 0.999198 0.00860973 -5.34632 0.0666346 -0.00598955 0.997759 191.202
0.996964 0.0384992 -0.0676755 68.3875 -0.0382335 0.999255 0.00521749 -5.36636 0.0678259 -0.00261418 0.997694 192.019
0.996896 0.039 -0.068388 68.3195 -0.0390801 0.999236 0.000166413 -5.37781 0.0683422 0.00250671 0.997659 192.829
