1.000000e+00 -1.734723e-18 0.000000e+00 0.000000e+00 -1.734723e-18 1.000000e+00 0.000000e+00 1.387779e-17 1.084202e-19 -8.673617e-19 1.000000e+00 0.000000e+00
9.999933e-01 -1.988983e-03 -3.082528e-03 1.378615e-03 1.986293e-03 9.999976e-01 -8.754048e-04 -5.193982e-03 3.084261e-03 8.692761e-04 9.999949e-01 5.142473e-01
9.999707e-01 -1.683038e-03 -7.464256e-03 -1.289952e-02 1.662612e-03 9.999949e-01 -2.741792e-03 -2.112146e-02 7.468831e-03 2.729302e-03 9.999684e-01 1.364897e+00
9.999301e-01 -1.131977e-03 -1.176996e-02 -2.169004e-02 1.083551e-03 9.999909e-01 -4.119932e-03 -3.327183e-02 1.177452e-02 4.106890e-03 9.999222e-01 2.109493e+00
9.998690e-01 -2.568787e-05 -1.618802e-02 -4.370997e-02 -5.786763e-05 9.999867e-01 -5.161074e-03 -4.358940e-02 1.618794e-02 5.161334e-03 9.998556e-01 2.856827e+00
9.997953e-01 3.387382e-04 -2.022887e-02 -5.815614e-02 -4.445563e-04 9.999862e-01 -5.226776e-03 -6.050343e-02 2.022682e-02 5.234699e-03 9.997817e-01 3.599963e+00
9.996963e-01 7.245108e-05 -2.464283e-02 -9.485048e-02 -2.154587e-04 9.999832e-01 -5.800611e-03 -7.311247e-02 2.464199e-02 5.804159e-03 9.996795e-01 4.363460e+00
9.995674e-01 2.657272e-03 -2.928974e-02 -1.365694e-01 -2.837177e-03 9.999774e-01 -6.102405e-03 -8.584744e-02 2.927286e-02 6.182865e-03 9.995523e-01 5.147452e+00
9.994182e-01 5.239230e-03 -3.370160e-02 -1.668111e-01 -5.420766e-03 9.999713e-01 -5.297487e-03 -9.900859e-02 3.367287e-02 5.477093e-03 9.994179e-01 5.941704e+00
9.992728e-01 5.656650e-03 -3.770877e-02 -2.043031e-01 -5.763107e-03 9.999797e-01 -2.715060e-03 -1.134767e-01 3.769264e-02 2.930405e-03 9.992851e-01 6.746673e+00
9.991034e-01 5.466471e-03 -4.198149e-02 -2.383633e-01 -5.492385e-03 9.999848e-01 -5.019738e-04 -1.307685e-01 4.197810e-02 7.321022e-04 9.991183e-01 7.568483e+00
9.990028e-01 4.992439e-03 -4.436741e-02 -2.844258e-01 -5.003646e-03 9.999875e-01 -1.415428e-04 -1.363375e-01 4.436615e-02 3.634005e-04 9.990153e-01 8.380344e+00
9.989327e-01 4.808873e-03 -4.593840e-02 -3.372574e-01 -4.868101e-03 9.999875e-01 -1.177531e-03 -1.503402e-01 4.593215e-02 1.399907e-03 9.989436e-01 9.201524e+00
9.988685e-01 3.106156e-03 -4.745534e-02 -3.674845e-01 -3.159480e-03 9.999945e-01 -1.048718e-03 -1.630336e-01 4.745181e-02 1.197466e-03 9.988728e-01 1.002143e+01
9.987491e-01 2.324840e-03 -4.994760e-02 -4.181544e-01 -2.349959e-03 9.999971e-01 -4.441907e-04 -1.708521e-01 4.994642e-02 5.610099e-04 9.987517e-01 1.085730e+01
9.986371e-01 1.535973e-03 -5.216800e-02 -4.543982e-01 -1.580431e-03 9.999984e-01 -8.109617e-04 -1.920940e-01 5.216667e-02 8.923044e-04 9.986380e-01 1.173555e+01
9.985563e-01 7.567179e-04 -5.371069e-02 -5.072523e-01 -8.924771e-04 9.999965e-01 -2.503662e-03 -2.008810e-01 5.370860e-02 2.547983e-03 9.985534e-01 1.260007e+01
9.984635e-01 2.680482e-03 -5.534899e-02 -5.653446e-01 -2.922472e-03 9.999865e-01 -4.291598e-03 -2.118495e-01 5.533673e-02 4.446760e-03 9.984578e-01 1.348932e+01
9.984516e-01 5.492327e-03 -5.535537e-02 -6.249715e-01 -5.829300e-03 9.999654e-01 -5.927839e-03 -2.285609e-01 5.532090e-02 6.241343e-03 9.984491e-01 1.435142e+01
9.982941e-01 6.895446e-03 -5.797700e-02 -6.793613e-01 -7.247991e-03 9.999565e-01 -5.872710e-03 -2.402086e-01 5.793397e-02 6.282908e-03 9.983006e-01 1.523061e+01
9.982000e-01 7.319902e-03 -5.952463e-02 -7.340658e-01 -7.613704e-03 9.999599e-01 -4.710517e-03 -2.614886e-01 5.948775e-02 5.155241e-03 9.982157e-01 1.613630e+01
9.981434e-01 7.620361e-03 -6.042959e-02 -7.942154e-01 -7.839028e-03 9.999636e-01 -3.382306e-03 -2.739221e-01 6.040161e-02 3.849735e-03 9.981667e-01 1.704000e+01
9.980680e-01 7.688737e-03 -6.165279e-02 -8.520890e-01 -7.872686e-03 9.999653e-01 -2.741265e-03 -2.964191e-01 6.162956e-02 3.221342e-03 9.980939e-01 1.794145e+01
9.979978e-01 7.060036e-03 -6.285315e-02 -9.116284e-01 -7.339394e-03 9.999642e-01 -4.214854e-03 -3.068937e-01 6.282113e-02 4.667719e-03 9.980139e-01 1.884021e+01
9.979582e-01 5.759410e-03 -6.361040e-02 -9.770046e-01 -6.030031e-03 9.999736e-01 -4.063207e-03 -3.240723e-01 6.358531e-02 4.438483e-03 9.979665e-01 1.974349e+01
9.979140e-01 6.109853e-03 -6.426679e-02 -1.041262e+00 -6.266171e-03 9.999779e-01 -2.231043e-03 -3.430347e-01 6.425173e-02 2.629096e-03 9.979303e-01 2.068827e+01
9.979299e-01 7.787315e-03 -6.383784e-02 -1.109960e+00 -7.759991e-03 9.999697e-01 6.759354e-04 -3.563993e-01 6.384116e-02 -1.791550e-04 9.979601e-01 2.162391e+01
9.979106e-01 7.906457e-03 -6.412488e-02 -1.172206e+00 -7.672223e-03 9.999630e-01 3.898181e-03 -3.676506e-01 6.415332e-02 -3.398056e-03 9.979343e-01 2.255163e+01
9.980769e-01 6.107403e-03 -6.168650e-02 -1.227489e+00 -5.687899e-03 9.999595e-01 6.973886e-03 -3.681646e-01 6.172659e-02 -6.609608e-03 9.980712e-01 2.349860e+01
9.982152e-01 6.745408e-03 -5.933743e-02 -1.285794e+00 -6.269187e-03 9.999467e-01 8.208138e-03 -3.733123e-01 5.938962e-02 -7.821490e-03 9.982042e-01 2.444463e+01
9.982387e-01 7.024406e-03 -5.890747e-02 -1.350543e+00 -6.709211e-03 9.999621e-01 5.546745e-03 -3.877690e-01 5.894419e-02 -5.141753e-03 9.982480e-01 2.541123e+01
9.983713e-01 7.498118e-03 -5.655601e-02 -1.413351e+00 -7.447190e-03 9.999717e-01 1.111181e-03 -3.945559e-01 5.656273e-02 -6.881879e-04 9.983988e-01 2.634990e+01
9.983701e-01 8.208894e-03 -5.647784e-02 -1.472986e+00 -8.326713e-03 9.999636e-01 -1.851110e-03 -4.098903e-01 5.646059e-02 2.318367e-03 9.984021e-01 2.731177e+01
9.984269e-01 7.470095e-03 -5.556851e-02 -1.535247e+00 -7.495837e-03 9.999719e-01 -2.548459e-04 -4.279645e-01 5.556504e-02 6.709775e-04 9.984548e-01 2.828414e+01
9.984433e-01 6.043707e-03 -5.544809e-02 -1.590173e+00 -5.809861e-03 9.999735e-01 4.377604e-03 -4.395823e-01 5.547307e-02 -4.048643e-03 9.984520e-01 2.927232e+01
9.984030e-01 2.425309e-04 -5.649289e-02 -1.643646e+00 1.402767e-04 9.999771e-01 6.772144e-03 -4.415247e-01 5.649323e-02 -6.769253e-03 9.983800e-01 3.024949e+01
9.983542e-01 -5.884884e-03 -5.704684e-02 -1.696229e+00 6.326439e-03 9.999514e-01 7.562720e-03 -4.601236e-01 5.699955e-02 -7.911176e-03 9.983429e-01 3.122787e+01
9.982743e-01 -9.097440e-03 -5.801493e-02 -1.751531e+00 9.343759e-03 9.999484e-01 3.975940e-03 -4.584812e-01 5.797576e-02 -4.511156e-03 9.983078e-01 3.220863e+01
9.981574e-01 -7.149835e-03 -6.025479e-02 -1.814078e+00 7.210087e-03 9.999737e-01 7.826065e-04 -4.757870e-01 6.024761e-02 -1.215607e-03 9.981827e-01 3.319479e+01
9.980623e-01 -5.164715e-03 -6.200797e-02 -1.884672e+00 5.156683e-03 9.999867e-01 -2.895471e-04 -4.905273e-01 6.200863e-02 -3.076941e-05 9.980756e-01 3.418487e+01
9.980169e-01 -5.554155e-03 -6.270079e-02 -1.948692e+00 5.622343e-03 9.999838e-01 9.111358e-04 -5.087847e-01 6.269471e-02 -1.261854e-03 9.980320e-01 3.520675e+01
9.978781e-01 -5.339540e-03 -6.489025e-02 -2.017168e+00 5.555543e-03 9.999796e-01 3.148762e-03 -5.145757e-01 6.487211e-02 -3.502582e-03 9.978874e-01 3.621679e+01
9.978787e-01 -4.735565e-03 -6.492746e-02 -2.093277e+00 5.086355e-03 9.999733e-01 5.238565e-03 -5.275104e-01 6.490092e-02 -5.557697e-03 9.978762e-01 3.720303e+01
9.977754e-01 -2.213229e-03 -6.662838e-02 -2.171504e+00 2.687154e-03 9.999717e-01 7.024187e-03 -5.314710e-01 6.661094e-02 -7.187602e-03 9.977531e-01 3.821917e+01
9.978003e-01 -2.678521e-03 -6.623703e-02 -2.242871e+00 3.422653e-03 9.999323e-01 1.112346e-02 -5.521325e-01 6.620274e-02 -1.132570e-02 9.977419e-01 3.918724e+01
9.977830e-01 1.539227e-03 -6.653392e-02 -2.310333e+00 -7.262272e-04 9.999248e-01 1.224179e-02 -5.439741e-01 6.654775e-02 -1.216633e-02 9.977091e-01 4.022271e+01
9.977755e-01 2.034659e-03 -6.663329e-02 -2.389984e+00 -1.179205e-03 9.999164e-01 1.287505e-02 -5.493155e-01 6.665391e-02 -1.276783e-02 9.976945e-01 4.120399e+01
9.977749e-01 2.868750e-03 -6.661084e-02 -2.455882e+00 -2.125972e-03 9.999348e-01 1.121922e-02 -5.632005e-01 6.663867e-02 -1.105264e-02 9.977160e-01 4.221155e+01
9.978044e-01 6.633658e-03 -6.589604e-02 -2.534164e+00 -5.988759e-03 9.999323e-01 9.979312e-03 -5.768881e-01 6.595777e-02 -9.562766e-03 9.977766e-01 4.321119e+01
9.976683e-01 7.853064e-03 -6.779657e-02 -2.600032e+00 -7.205438e-03 9.999261e-01 9.791744e-03 -5.873259e-01 6.786845e-02 -9.280408e-03 9.976511e-01 4.420226e+01
9.975959e-01 5.027851e-03 -6.911754e-02 -2.671633e+00 -4.309954e-03 9.999353e-01 1.053181e-02 -5.908773e-01 6.916601e-02 -1.020859e-02 9.975529e-01 4.518990e+01
9.975897e-01 3.489216e-03 -6.930024e-02 -2.744083e+00 -2.706692e-03 9.999316e-01 1.138248e-02 -5.896011e-01 6.933520e-02 -1.116747e-02 9.975309e-01 4.618594e+01
9.975152e-01 5.205322e-03 -7.025847e-02 -2.822163e+00 -4.599331e-03 9.999508e-01 8.784183e-03 -6.018704e-01 7.030074e-02 -8.439214e-03 9.974901e-01 4.716702e+01
9.975309e-01 5.372547e-03 -7.002303e-02 -2.892131e+00 -5.017078e-03 9.999736e-01 5.251341e-03 -6.067962e-01 7.004938e-02 -4.887064e-03 9.975316e-01 4.812581e+01
9.973837e-01 8.302283e-03 -7.181060e-02 -2.968395e+00 -8.077542e-03 9.999615e-01 3.419465e-03 -6.256302e-01 7.183622e-02 -2.830466e-03 9.974124e-01 4.909046e+01
9.973985e-01 7.702246e-03 -7.167181e-02 -3.042567e+00 -7.254220e-03 9.999525e-01 6.509264e-03 -6.325085e-01 7.171853e-02 -5.972407e-03 9.974070e-01 5.006868e+01
9.974343e-01 5.973916e-03 -7.133844e-02 -3.120034e+00 -5.354844e-03 9.999464e-01 8.866045e-03 -6.477365e-01 7.138757e-02 -8.461291e-03 9.974128e-01 5.106609e+01
9.973837e-01 3.317488e-03 -7.221260e-02 -3.182281e+00 -2.569527e-03 9.999421e-01 1.044818e-02 -6.513793e-01 7.224307e-02 -1.023529e-02 9.973345e-01 5.203292e+01
9.973654e-01 1.475326e-03 -7.252618e-02 -3.252999e+00 -7.908016e-04 9.999549e-01 9.466111e-03 -6.585619e-01 7.253686e-02 -9.383818e-03 9.973216e-01 5.300065e+01
9.973791e-01 -1.932331e-03 -7.232738e-02 -3.315457e+00 2.546194e-03 9.999615e-01 8.396048e-03 -6.755048e-01 7.230836e-02 -8.558202e-03 9.973456e-01 5.396257e+01
9.973233e-01 -2.134885e-03 -7.308624e-02 -3.390880e+00 2.861587e-03 9.999475e-01 9.839817e-03 -6.899042e-01 7.306139e-02 -1.002262e-02 9.972771e-01 5.491661e+01
9.972333e-01 -5.366030e-03 -7.414084e-02 -3.455722e+00 6.388361e-03 9.998877e-01 1.355880e-02 -6.941174e-01 7.405975e-02 -1.399492e-02 9.971556e-01 5.589776e+01
9.971225e-01 -7.633877e-03 -7.542115e-02 -3.528052e+00 9.050103e-03 9.997888e-01 1.845369e-02 -6.967474e-01 7.526433e-02 -1.908316e-02 9.969810e-01 5.683546e+01
9.970622e-01 -8.859624e-03 -7.608255e-02 -3.602393e+00 1.041650e-02 9.997439e-01 2.009054e-02 -6.865576e-01 7.588506e-02 -2.082403e-02 9.968991e-01 5.779479e+01
9.970919e-01 -7.779302e-03 -7.581096e-02 -3.682152e+00 9.122793e-03 9.998071e-01 1.739145e-02 -6.912518e-01 7.566104e-02 -1.803248e-02 9.969705e-01 5.872800e+01
9.969330e-01 -5.116108e-03 -7.809182e-02 -3.761446e+00 5.986108e-03 9.999226e-01 1.091072e-02 -7.006208e-01 7.802994e-02 -1.134472e-02 9.968865e-01 5.964780e+01
9.968606e-01 -3.204133e-03 -7.911147e-02 -3.840356e+00 3.685042e-03 9.999756e-01 5.933645e-03 -7.105602e-01 7.909051e-02 -6.206546e-03 9.968481e-01 6.057737e+01
9.968528e-01 2.261788e-03 -7.924222e-02 -3.921554e+00 -1.802614e-03 9.999812e-01 5.865622e-03 -7.166453e-01 7.925398e-02 -5.704318e-03 9.968381e-01 6.148972e+01
9.966605e-01 4.555082e-03 -8.152986e-02 -4.003582e+00 -3.895974e-03 9.999584e-01 8.241503e-03 -7.274658e-01 8.156400e-02 -7.896342e-03 9.966368e-01 6.239419e+01
9.966061e-01 5.753285e-03 -8.211629e-02 -4.085710e+00 -4.970011e-03 9.999402e-01 9.739812e-03 -7.384994e-01 8.216741e-02 -9.298638e-03 9.965752e-01 6.325605e+01
9.965673e-01 5.464226e-03 -8.260565e-02 -4.156811e+00 -4.663201e-03 9.999403e-01 9.886796e-03 -7.445239e-01 8.265473e-02 -9.467651e-03 9.965333e-01 6.413271e+01
9.963411e-01 9.453670e-03 -8.494099e-02 -4.230895e+00 -8.561672e-03 9.999044e-01 1.085953e-02 -7.563777e-01 8.503552e-02 -1.009256e-02 9.963268e-01 6.499333e+01
9.963210e-01 8.891698e-03 -8.523716e-02 -4.314906e+00 -7.951890e-03 9.999039e-01 1.135898e-02 -7.645446e-01 8.532996e-02 -1.063940e-02 9.962959e-01 6.583595e+01
9.961351e-01 8.520279e-03 -8.742016e-02 -4.390418e+00 -7.507532e-03 9.999009e-01 1.190707e-02 -7.753052e-01 8.751293e-02 -1.120474e-02 9.961004e-01 6.664992e+01
9.960340e-01 8.255168e-03 -8.858995e-02 -4.465590e+00 -7.155926e-03 9.998935e-01 1.271863e-02 -7.860946e-01 8.868550e-02 -1.203424e-02 9.959870e-01 6.747135e+01
9.958883e-01 1.059369e-02 -8.996836e-02 -4.552727e+00 -9.256181e-03 9.998406e-01 1.527067e-02 -7.927352e-01 9.011578e-02 -1.437512e-02 9.958275e-01 6.829824e+01
9.957038e-01 1.231862e-02 -9.177241e-02 -4.633873e+00 -1.064170e-02 9.997678e-01 1.873958e-02 -7.882007e-01 9.198193e-02 -1.768246e-02 9.956037e-01 6.908175e+01
9.955766e-01 1.309004e-02 -9.303719e-02 -4.709294e+00 -1.121593e-02 9.997241e-01 2.063808e-02 -7.810114e-01 9.328167e-02 -1.950329e-02 9.954487e-01 6.984806e+01
9.954682e-01 1.551998e-02 -9.381986e-02 -4.788234e+00 -1.393787e-02 9.997498e-01 1.749510e-02 -7.950903e-01 9.406790e-02 -1.610817e-02 9.954355e-01 7.060002e+01
9.953497e-01 1.732891e-02 -9.475548e-02 -4.859643e+00 -1.635372e-02 9.998051e-01 1.105863e-02 -8.058455e-01 9.492864e-02 -9.457604e-03 9.954392e-01 7.131091e+01
9.952427e-01 1.729625e-02 -9.587957e-02 -4.924973e+00 -1.686682e-02 9.998438e-01 5.287602e-03 -8.176166e-01 9.595603e-02 -3.645264e-03 9.953789e-01 7.202874e+01
9.950525e-01 1.942927e-02 -9.743238e-02 -5.004005e+00 -1.918279e-02 9.998100e-01 3.465981e-03 -8.228626e-01 9.748119e-02 -1.579809e-03 9.952361e-01 7.272600e+01
9.949640e-01 2.280411e-02 -9.760406e-02 -5.081273e+00 -2.225166e-02 9.997296e-01 6.745023e-03 -8.337552e-01 9.773147e-02 -4.539203e-03 9.952025e-01 7.340681e+01
9.949267e-01 2.052225e-02 -9.848690e-02 -5.149951e+00 -1.975129e-02 9.997662e-01 8.796798e-03 -8.432498e-01 9.864439e-02 -6.806926e-03 9.950995e-01 7.407368e+01
9.947540e-01 1.752555e-02 -1.007839e-01 -5.211963e+00 -1.694781e-02 9.998347e-01 6.585863e-03 -8.596370e-01 1.008826e-01 -4.843247e-03 9.948865e-01 7.470715e+01
9.949723e-01 1.133461e-02 -9.950695e-02 -5.261333e+00 -1.119813e-02 9.999354e-01 1.930006e-03 -8.790145e-01 9.952239e-02 -8.060112e-04 9.950350e-01 7.530617e+01
9.950811e-01 6.960459e-03 -9.881894e-02 -5.319024e+00 -7.281606e-03 9.999693e-01 -2.889567e-03 -8.951261e-01 9.879578e-02 3.594914e-03 9.951012e-01 7.590885e+01
9.953204e-01 8.203898e-03 -9.628098e-02 -5.392272e+00 -8.623982e-03 9.999550e-01 -3.947792e-03 -8.986748e-01 9.624425e-02 4.759643e-03 9.953464e-01 7.649165e+01
9.956067e-01 1.385657e-02 -9.260251e-02 -5.452781e+00 -1.402650e-02 9.999009e-01 -1.184505e-03 -9.033397e-01 9.257691e-02 2.478190e-03 9.957025e-01 7.707888e+01
9.960973e-01 1.379750e-02 -8.717698e-02 -5.503627e+00 -1.364217e-02 9.999041e-01 2.377320e-03 -9.132416e-01 8.720141e-02 -1.178759e-03 9.961900e-01 7.763467e+01
9.965832e-01 1.014215e-02 -8.196931e-02 -5.543598e+00 -9.711567e-03 9.999369e-01 5.650003e-03 -9.258441e-01 8.202143e-02 -4.834648e-03 9.966188e-01 7.818279e+01
9.972536e-01 5.957153e-03 -7.382300e-02 -5.569592e+00 -5.244498e-03 9.999378e-01 9.843650e-03 -9.408384e-01 7.387704e-02 -9.429451e-03 9.972228e-01 7.870455e+01
9.979602e-01 6.699418e-03 -6.348684e-02 -5.605832e+00 -6.049760e-03 9.999274e-01 1.041968e-02 -9.539952e-01 6.355203e-02 -1.001434e-02 9.979283e-01 7.922262e+01
9.987363e-01 1.267008e-02 -4.863332e-02 -5.646253e+00 -1.220700e-02 9.998774e-01 9.806971e-03 -9.606864e-01 4.875160e-02 -9.200911e-03 9.987686e-01 7.973498e+01
9.993997e-01 1.718630e-02 -3.008050e-02 -5.657501e+00 -1.689365e-02 9.998077e-01 9.956192e-03 -9.604845e-01 3.024583e-02 -9.442046e-03 9.994979e-01 8.022847e+01
9.998132e-01 1.711883e-02 -8.974754e-03 -5.655861e+00 -1.703175e-02 9.998080e-01 9.690793e-03 -9.565103e-01 9.138924e-03 -9.536127e-03 9.999128e-01 8.069744e+01
9.997774e-01 1.246537e-02 1.702265e-02 -5.626295e+00 -1.264803e-02 9.998631e-01 1.066560e-02 -9.664412e-01 -1.688737e-02 -1.087853e-02 9.997982e-01 8.118674e+01
9.988589e-01 1.158845e-02 4.633107e-02 -5.583913e+00 -1.219909e-02 9.998421e-01 1.291894e-02 -9.786783e-01 -4.617404e-02 -1.346939e-02 9.988426e-01 8.163589e+01
9.967641e-01 9.758771e-03 7.978747e-02 -5.517439e+00 -1.087398e-02 9.998490e-01 1.355468e-02 -9.793496e-01 -7.964314e-02 -1.437843e-02 9.967197e-01 8.207930e+01
9.930076e-01 1.007325e-02 1.176197e-01 -5.444223e+00 -1.178692e-02 9.998342e-01 1.388309e-02 -9.877264e-01 -1.174603e-01 -1.517239e-02 9.929617e-01 8.253279e+01
9.871830e-01 9.928304e-03 1.592832e-01 -5.347292e+00 -1.229241e-02 9.998283e-01 1.386376e-02 -9.893697e-01 -1.591182e-01 -1.564404e-02 9.871356e-01 8.296317e+01
9.788293e-01 9.385956e-03 2.044629e-01 -5.242225e+00 -1.244074e-02 9.998293e-01 1.366022e-02 -9.914435e-01 -2.042998e-01 -1.591469e-02 9.787790e-01 8.337895e+01
9.671912e-01 1.126757e-02 2.537998e-01 -5.107149e+00 -1.479309e-02 9.998187e-01 1.198671e-02 -1.001750e+00 -2.536187e-01 -1.534793e-02 9.671825e-01 8.380363e+01
9.523213e-01 1.164790e-02 3.048744e-01 -4.948606e+00 -1.526659e-02 9.998384e-01 9.488122e-03 -1.003810e+00 -3.047146e-01 -1.369013e-02 9.523453e-01 8.418724e+01
9.322143e-01 1.116268e-02 3.617345e-01 -4.758859e+00 -1.491022e-02 9.998602e-01 7.570216e-03 -1.013741e+00 -3.615993e-01 -1.245060e-02 9.322504e-01 8.455786e+01
9.083293e-01 1.172715e-02 4.180912e-01 -4.537128e+00 -1.537949e-02 9.998673e-01 5.367351e-03 -1.017700e+00 -4.179728e-01 -1.130535e-02 9.083892e-01 8.489441e+01
8.793852e-01 1.155849e-02 4.759707e-01 -4.334931e+00 -1.461508e-02 9.998895e-01 2.720905e-03 -1.016725e+00 -4.758866e-01 -9.349071e-03 8.794570e-01 8.522514e+01
8.463366e-01 9.754399e-03 5.325591e-01 -4.068784e+00 -1.171012e-02 9.999314e-01 2.947511e-04 -1.017272e+00 -5.325196e-01 -6.485789e-03 8.463928e-01 8.555268e+01
8.101332e-01 1.001482e-02 5.861603e-01 -3.774908e+00 -1.171857e-02 9.999309e-01 -8.880204e-04 -1.037212e+00 -5.861286e-01 -6.149544e-03 8.101946e-01 8.584219e+01
7.701755e-01 8.104014e-03 6.377806e-01 -3.497857e+00 -1.001246e-02 9.999497e-01 -6.150365e-04 -1.049554e+00 -6.377534e-01 -5.912064e-03 7.702179e-01 8.611275e+01
7.277998e-01 7.696596e-03 6.857465e-01 -3.196213e+00 -1.119134e-02 9.999372e-01 6.546736e-04 -1.056081e+00 -6.856983e-01 -8.150890e-03 7.278402e-01 8.637213e+01
6.829994e-01 5.980025e-03 7.303945e-01 -2.911915e+00 -9.567818e-03 9.999539e-01 7.599524e-04 -1.050995e+00 -7.303563e-01 -7.507329e-03 6.830251e-01 8.658695e+01
6.365356e-01 4.524321e-03 7.712341e-01 -2.569876e+00 -6.268285e-03 9.999801e-01 -6.927124e-04 -1.054393e+00 -7.712218e-01 -4.393379e-03 6.365513e-01 8.680170e+01
5.895021e-01 1.747672e-03 8.077650e-01 -2.217385e+00 -1.531591e-03 9.999983e-01 -1.045839e-03 -1.074273e+00 -8.077653e-01 -6.206414e-04 5.895038e-01 8.699317e+01
5.429147e-01 2.948912e-03 8.397827e-01 -1.883425e+00 -3.273940e-03 9.999937e-01 -1.394912e-03 -1.100458e+00 -8.397814e-01 -1.992080e-03 5.429209e-01 8.715306e+01
4.960561e-01 5.472789e-03 8.682733e-01 -1.541237e+00 -6.423537e-03 9.999759e-01 -2.633067e-03 -1.097776e+00 -8.682667e-01 -4.271237e-03 4.960793e-01 8.731861e+01
4.498436e-01 6.560014e-03 8.930833e-01 -1.211057e+00 -5.864614e-03 9.999732e-01 -4.391168e-03 -1.094675e+00 -8.930880e-01 -3.262251e-03 4.498700e-01 8.742900e+01
4.073420e-01 5.214752e-03 9.132609e-01 -8.321162e-01 5.289755e-04 9.999822e-01 -5.945873e-03 -1.096938e+00 -9.132755e-01 2.905096e-03 4.073320e-01 8.755609e+01
3.670590e-01 -2.932596e-03 9.301931e-01 -4.632834e-01 1.520709e-02 9.998803e-01 -2.848502e-03 -1.109677e+00 -9.300733e-01 1.519110e-02 3.670597e-01 8.765890e+01
3.323127e-01 -6.290881e-03 9.431484e-01 -1.028666e-01 2.015960e-02 9.997967e-01 -4.343864e-04 -1.141455e+00 -9.429537e-01 1.915785e-02 3.323719e-01 8.772307e+01
2.988358e-01 -3.205121e-03 9.542992e-01 2.745451e-01 1.692480e-02 9.998549e-01 -1.941823e-03 -1.150479e+00 -9.541544e-01 1.673161e-02 2.988467e-01 8.782891e+01
2.678167e-01 4.539502e-03 9.634593e-01 6.357449e-01 7.437738e-03 9.999494e-01 -6.778930e-03 -1.152002e+00 -9.634411e-01 8.981468e-03 2.677694e-01 8.793067e+01
2.390884e-01 1.002701e-02 9.709461e-01 1.012317e+00 1.072628e-03 9.999433e-01 -1.059059e-02 -1.154003e+00 -9.709972e-01 3.573551e-03 2.390641e-01 8.800770e+01
2.131584e-01 1.071628e-02 9.769589e-01 1.416866e+00 2.958014e-03 9.999282e-01 -1.161363e-02 -1.165265e+00 -9.770131e-01 5.365400e-03 2.131114e-01 8.808330e+01
1.904177e-01 1.171597e-02 9.816333e-01 1.826737e+00 9.846115e-03 9.998557e-01 -1.384341e-02 -1.175412e+00 -9.816537e-01 1.230130e-02 1.902748e-01 8.813725e+01
1.688692e-01 1.728172e-02 9.854870e-01 2.228017e+00 1.651095e-02 9.996564e-01 -2.035945e-02 -1.188532e+00 -9.855001e-01 1.970941e-02 1.685259e-01 8.817706e+01
1.500686e-01 2.505461e-02 9.883581e-01 2.655445e+00 1.680290e-02 9.994698e-01 -2.788758e-02 -1.195563e+00 -9.885327e-01 2.079233e-02 1.495680e-01 8.823582e+01
1.321099e-01 2.583011e-02 9.908985e-01 3.102491e+00 1.785870e-02 9.994361e-01 -2.843364e-02 -1.202157e+00 -9.910741e-01 2.145252e-02 1.315741e-01 8.828235e+01
1.166268e-01 2.166307e-02 9.929396e-01 3.557375e+00 1.546027e-02 9.996014e-01 -2.362431e-02 -1.218949e+00 -9.930554e-01 1.810634e-02 1.162454e-01 8.833197e+01
1.018438e-01 1.877068e-02 9.946234e-01 4.030754e+00 1.706013e-02 9.996420e-01 -2.061225e-02 -1.239287e+00 -9.946540e-01 1.906763e-02 1.014871e-01 8.837428e+01
8.880094e-02 1.589431e-02 9.959226e-01 4.513035e+00 1.782331e-02 9.996872e-01 -1.754360e-02 -1.256104e+00 -9.958898e-01 1.930852e-02 8.848988e-02 8.840743e+01
7.568256e-02 1.462137e-02 9.970248e-01 5.003121e+00 2.133060e-02 9.996399e-01 -1.627889e-02 -1.270195e+00 -9.969037e-01 2.249917e-02 7.534343e-02 8.842401e+01
6.709255e-02 1.542840e-02 9.976275e-01 5.509477e+00 2.372166e-02 9.995731e-01 -1.705382e-02 -1.288511e+00 -9.974647e-01 2.480956e-02 6.669793e-02 8.845134e+01
5.873612e-02 1.606390e-02 9.981444e-01 6.047947e+00 2.632631e-02 9.994978e-01 -1.763486e-02 -1.301792e+00 -9.979263e-01 2.731326e-02 5.828372e-02 8.847170e+01
5.230268e-02 1.634920e-02 9.984975e-01 6.596784e+00 2.704773e-02 9.994760e-01 -1.778202e-02 -1.317053e+00 -9.982649e-01 2.793714e-02 5.183306e-02 8.849874e+01
4.724429e-02 1.671924e-02 9.987435e-01 7.141017e+00 2.916935e-02 9.994104e-01 -1.811023e-02 -1.335422e+00 -9.984573e-01 2.998830e-02 4.672874e-02 8.853036e+01
4.114983e-02 1.779389e-02 9.989946e-01 7.742302e+00 2.880504e-02 9.994047e-01 -1.898771e-02 -1.347544e+00 -9.987376e-01 2.955742e-02 4.061278e-02 8.855775e+01
3.634642e-02 1.805960e-02 9.991761e-01 8.360409e+00 3.279146e-02 9.992767e-01 -1.925425e-02 -1.360146e+00 -9.988010e-01 3.346427e-02 3.572793e-02 8.857101e+01
3.403676e-02 1.776313e-02 9.992628e-01 8.975028e+00 3.405120e-02 9.992409e-01 -1.892259e-02 -1.385458e+00 -9.988403e-01 3.467016e-02 3.340607e-02 8.858247e+01
3.061736e-02 1.707089e-02 9.993855e-01 9.624751e+00 3.352330e-02 9.992741e-01 -1.809602e-02 -1.402742e+00 -9.989688e-01 3.405675e-02 3.002286e-02 8.860424e+01
2.791478e-02 1.662389e-02 9.994721e-01 1.027900e+01 3.518327e-02 9.992258e-01 -1.760244e-02 -1.417050e+00 -9.989909e-01 3.565606e-02 2.730829e-02 8.862265e+01
2.797440e-02 1.621636e-02 9.994772e-01 1.094869e+01 3.936412e-02 9.990750e-01 -1.731160e-02 -1.438174e+00 -9.988332e-01 3.982782e-02 2.731019e-02 8.863327e+01
2.740292e-02 1.643763e-02 9.994894e-01 1.163813e+01 4.145929e-02 9.989858e-01 -1.756603e-02 -1.456435e+00 -9.987643e-01 4.191947e-02 2.669364e-02 8.864818e+01
3.065822e-02 1.576107e-02 9.994057e-01 1.233116e+01 4.276951e-02 9.989392e-01 -1.706573e-02 -1.476082e+00 -9.986144e-01 4.326730e-02 2.995161e-02 8.866599e+01
3.445765e-02 1.559704e-02 9.992845e-01 1.305859e+01 4.465284e-02 9.988557e-01 -1.713008e-02 -1.495384e+00 -9.984081e-01 4.521115e-02 3.372177e-02 8.869106e+01
3.819355e-02 1.513780e-02 9.991558e-01 1.379461e+01 4.578440e-02 9.988087e-01 -1.688269e-02 -1.513460e+00 -9.982209e-01 4.639056e-02 3.745497e-02 8.872360e+01
4.333537e-02 1.356711e-02 9.989685e-01 1.457276e+01 4.562584e-02 9.988376e-01 -1.554458e-02 -1.535883e+00 -9.980181e-01 4.625240e-02 4.266599e-02 8.875015e+01
4.694891e-02 1.215744e-02 9.988234e-01 1.535916e+01 4.737935e-02 9.987734e-01 -1.438386e-02 -1.554792e+00 -9.977730e-01 4.799891e-02 4.631532e-02 8.879070e+01
5.082641e-02 1.048117e-02 9.986526e-01 1.615246e+01 4.542700e-02 9.988857e-01 -1.279562e-02 -1.576919e+00 -9.976738e-01 4.601614e-02 5.029365e-02 8.883703e+01
5.544130e-02 9.017693e-03 9.984213e-01 1.694523e+01 4.464280e-02 9.989368e-01 -1.150132e-02 -1.594018e+00 -9.974634e-01 4.520997e-02 5.497978e-02 8.888653e+01
5.908619e-02 9.621424e-03 9.982066e-01 1.774034e+01 4.360349e-02 9.989743e-01 -1.220982e-02 -1.611143e+00 -9.973001e-01 4.424673e-02 5.860606e-02 8.893377e+01
6.215219e-02 1.171430e-02 9.979980e-01 1.855034e+01 4.212443e-02 9.990093e-01 -1.434955e-02 -1.645174e+00 -9.971773e-01 4.293195e-02 6.159716e-02 8.899366e+01
6.369396e-02 1.761002e-02 9.978142e-01 1.936587e+01 3.767676e-02 9.990891e-01 -2.003756e-02 -1.662187e+00 -9.972579e-01 3.887067e-02 6.297245e-02 8.905993e+01
6.291183e-02 2.108781e-02 9.977963e-01 2.018554e+01 3.230765e-02 9.992097e-01 -2.315471e-02 -1.687331e+00 -9.974960e-01 3.369316e-02 6.218081e-02 8.912292e+01
6.422036e-02 2.119685e-02 9.977107e-01 2.100471e+01 3.057180e-02 9.992633e-01 -2.319767e-02 -1.714390e+00 -9.974673e-01 3.199158e-02 6.352503e-02 8.918235e+01
6.472916e-02 1.984578e-02 9.977056e-01 2.182905e+01 2.796714e-02 9.993734e-01 -2.169341e-02 -1.753251e+00 -9.975108e-01 2.930716e-02 6.413357e-02 8.924721e+01
6.377399e-02 1.823639e-02 9.977978e-01 2.265815e+01 2.866230e-02 9.993871e-01 -2.009739e-02 -1.780869e+00 -9.975526e-01 2.988087e-02 6.321221e-02 8.930524e+01
6.468564e-02 1.767188e-02 9.977493e-01 2.348473e+01 2.766374e-02 9.994272e-01 -1.949509e-02 -1.815350e+00 -9.975221e-01 2.886253e-02 6.415972e-02 8.936410e+01
6.443532e-02 1.780785e-02 9.977630e-01 2.429830e+01 2.515560e-02 9.994941e-01 -1.946328e-02 -1.844152e+00 -9.976047e-01 2.635345e-02 6.395475e-02 8.941778e+01
6.327489e-02 1.833938e-02 9.978277e-01 2.511775e+01 2.421394e-02 9.995086e-01 -1.990575e-02 -1.871195e+00 -9.977023e-01 2.542087e-02 6.279973e-02 8.947739e+01
6.318205e-02 1.912120e-02 9.978189e-01 2.593445e+01 2.153334e-02 9.995576e-01 -2.051801e-02 -1.905087e+00 -9.977696e-01 2.278274e-02 6.274235e-02 8.953585e+01
6.061036e-02 1.900428e-02 9.979806e-01 2.676642e+01 1.896701e-02 9.996163e-01 -2.018735e-02 -1.935681e+00 -9.979812e-01 2.015227e-02 6.022665e-02 8.961096e+01
5.723481e-02 1.786564e-02 9.982009e-01 2.758734e+01 1.675711e-02 9.996818e-01 -1.885297e-02 -1.967570e+00 -9.982200e-01 1.780600e-02 5.691723e-02 8.965831e+01
5.214918e-02 1.541583e-02 9.985204e-01 2.839915e+01 1.346313e-02 9.997791e-01 -1.613840e-02 -1.989628e+00 -9.985485e-01 1.428482e-02 5.193012e-02 8.970739e+01
4.663216e-02 1.392046e-02 9.988152e-01 2.920553e+01 1.229772e-02 9.998191e-01 -1.450860e-02 -2.015836e+00 -9.988364e-01 1.295971e-02 4.645253e-02 8.975379e+01
3.944139e-02 1.377860e-02 9.991269e-01 3.001756e+01 9.803982e-03 9.998515e-01 -1.417561e-02 -2.050309e+00 -9.991737e-01 1.035453e-02 3.930045e-02 8.978701e+01
3.030910e-02 1.454483e-02 9.994348e-01 3.085321e+01 1.075187e-02 9.998315e-01 -1.487667e-02 -2.077728e+00 -9.994827e-01 1.119669e-02 3.014761e-02 8.981449e+01
2.085688e-02 1.465262e-02 9.996752e-01 3.164443e+01 1.190363e-02 9.998181e-01 -1.490307e-02 -2.102357e+00 -9.997115e-01 1.221060e-02 2.067866e-02 8.984268e+01
1.100735e-02 1.345069e-02 9.998490e-01 3.246751e+01 1.018989e-02 9.998561e-01 -1.356296e-02 -2.131255e+00 -9.998874e-01 1.033765e-02 1.086871e-02 8.984760e+01
-1.808839e-04 1.256411e-02 9.999211e-01 3.326405e+01 9.616392e-03 9.998749e-01 -1.256179e-02 -2.158665e+00 -9.999537e-01 9.613360e-03 -3.016811e-04 8.985341e+01
-1.095170e-02 1.184490e-02 9.998699e-01 3.406206e+01 1.144979e-02 9.998658e-01 -1.171944e-02 -2.185231e+00 -9.998744e-01 1.131995e-02 -1.108585e-02 8.983558e+01
-2.349548e-02 1.183593e-02 9.996539e-01 3.485369e+01 1.118933e-02 9.998704e-01 -1.157550e-02 -2.212732e+00 -9.996613e-01 1.091348e-02 -2.362487e-02 8.980850e+01
-3.424544e-02 1.261248e-02 9.993339e-01 3.564637e+01 1.050120e-02 9.998697e-01 -1.225938e-02 -2.244593e+00 -9.993582e-01 1.007438e-02 -3.437342e-02 8.977854e+01
-4.441289e-02 1.367704e-02 9.989197e-01 3.641808e+01 1.076604e-02 9.998548e-01 -1.321118e-02 -2.268245e+00 -9.989552e-01 1.016767e-02 -4.455368e-02 8.973907e+01
-5.537549e-02 1.429035e-02 9.983634e-01 3.719208e+01 1.267836e-02 9.998270e-01 -1.360808e-02 -2.290449e+00 -9.983850e-01 1.190405e-02 -5.554709e-02 8.970345e+01
-6.509592e-02 1.484366e-02 9.977687e-01 3.795923e+01 1.271304e-02 9.998205e-01 -1.404477e-02 -2.320091e+00 -9.977980e-01 1.177042e-02 -6.527294e-02 8.964434e+01
-7.437178e-02 1.525010e-02 9.971140e-01 3.871552e+01 1.380529e-02 9.998030e-01 -1.426153e-02 -2.341770e+00 -9.971350e-01 1.270479e-02 -7.456766e-02 8.958826e+01
-8.315476e-02 1.570552e-02 9.964129e-01 3.946426e+01 1.505808e-02 9.997814e-01 -1.450195e-02 -2.366756e+00 -9.964228e-01 1.379816e-02 -8.337308e-02 8.952433e+01
-9.162310e-02 1.536590e-02 9.956753e-01 4.018699e+01 1.746665e-02 9.997519e-01 -1.382151e-02 -2.389578e+00 -9.956405e-01 1.612474e-02 -9.186876e-02 8.945344e+01
-9.998133e-02 1.424720e-02 9.948874e-01 4.093542e+01 1.728163e-02 9.997715e-01 -1.258043e-02 -2.422858e+00 -9.948392e-01 1.593547e-02 -1.002047e-01 8.938165e+01
-1.056356e-01 1.307942e-02 9.943190e-01 4.166438e+01 1.984496e-02 9.997421e-01 -1.104245e-02 -2.443541e+00 -9.942068e-01 1.856574e-02 -1.058679e-01 8.929670e+01
-1.096960e-01 1.111200e-02 9.939031e-01 4.235440e+01 2.251831e-02 9.997086e-01 -8.691588e-03 -2.470275e+00 -9.937100e-01 2.142758e-02 -1.099143e-01 8.922170e+01
-1.123316e-01 9.780665e-03 9.936227e-01 4.307004e+01 2.326483e-02 9.997033e-01 -7.210372e-03 -2.491422e+00 -9.933983e-01 2.230651e-02 -1.125258e-01 8.914001e+01
-1.148348e-01 8.913197e-03 9.933447e-01 4.378116e+01 2.541363e-02 9.996588e-01 -6.031932e-03 -2.512863e+00 -9.930594e-01 2.455181e-02 -1.150222e-01 8.906171e+01
-1.153479e-01 9.177611e-03 9.932828e-01 4.443849e+01 2.634104e-02 9.996339e-01 -6.177361e-03 -2.529587e+00 -9.929758e-01 2.545155e-02 -1.155475e-01 8.898400e+01
-1.143588e-01 1.024680e-02 9.933867e-01 4.508857e+01 2.719759e-02 9.996043e-01 -7.179946e-03 -2.551293e+00 -9.930671e-01 2.619664e-02 -1.145922e-01 8.891276e+01
-1.126026e-01 1.149383e-02 9.935737e-01 4.573039e+01 2.782927e-02 9.995773e-01 -8.409360e-03 -2.571041e+00 -9.932502e-01 2.670351e-02 -1.128749e-01 8.884253e+01
-1.070127e-01 1.202189e-02 9.941850e-01 4.634611e+01 2.827828e-02 9.995592e-01 -9.043036e-03 -2.590700e+00 -9.938554e-01 2.714612e-02 -1.073055e-01 8.876836e+01
-9.989351e-02 1.275758e-02 9.949164e-01 4.696596e+01 2.707617e-02 9.995824e-01 -1.009886e-02 -2.607233e+00 -9.946296e-01 2.592972e-02 -1.001972e-01 8.871450e+01
-8.813411e-02 1.289930e-02 9.960252e-01 4.754277e+01 2.602800e-02 9.996046e-01 -1.064254e-02 -2.627273e+00 -9.957684e-01 2.498657e-02 -8.843500e-02 8.867280e+01
-7.418073e-02 1.313633e-02 9.971584e-01 4.811276e+01 2.551602e-02 9.996109e-01 -1.127045e-02 -2.649822e+00 -9.969183e-01 2.460746e-02 -7.448705e-02 8.865274e+01
-5.760270e-02 1.460727e-02 9.982328e-01 4.867049e+01 2.553727e-02 9.995873e-01 -1.315347e-02 -2.661716e+00 -9.980128e-01 2.473446e-02 -5.795196e-02 8.862224e+01
-3.700805e-02 1.676565e-02 9.991744e-01 4.919907e+01 2.468740e-02 9.995694e-01 -1.585790e-02 -2.687043e+00 -9.990099e-01 2.408015e-02 -3.740601e-02 8.862798e+01
-1.222310e-02 1.970072e-02 9.997313e-01 4.973255e+01 2.131283e-02 9.995839e-01 -1.943723e-02 -2.707882e+00 -9.996981e-01 2.106952e-02 -1.263790e-02 8.863287e+01
1.474905e-02 2.163869e-02 9.996571e-01 5.026167e+01 1.887065e-02 9.995817e-01 -2.191548e-02 -2.727020e+00 -9.997131e-01 1.918742e-02 1.433455e-02 8.865874e+01
4.886611e-02 2.092743e-02 9.985861e-01 5.078416e+01 1.678993e-02 9.996220e-01 -2.177076e-02 -2.748727e+00 -9.986641e-01 1.783004e-02 4.849627e-02 8.870976e+01
8.697573e-02 1.912093e-02 9.960270e-01 5.130775e+01 1.459026e-02 9.996841e-01 -2.046520e-02 -2.768865e+00 -9.961035e-01 1.631227e-02 8.666928e-02 8.878658e+01
1.294121e-01 1.506548e-02 9.914765e-01 5.181022e+01 1.186699e-02 9.997894e-01 -1.674073e-02 -2.788929e+00 -9.915198e-01 1.393229e-02 1.292061e-01 8.888771e+01
1.751748e-01 1.093373e-02 9.844767e-01 5.231619e+01 1.152306e-02 9.998471e-01 -1.315482e-02 -2.805877e+00 -9.844698e-01 1.364858e-02 1.750221e-01 8.901504e+01
2.233230e-01 7.812688e-03 9.747132e-01 5.280586e+01 7.713510e-03 9.999224e-01 -9.782043e-03 -2.823998e+00 -9.747139e-01 9.703015e-03 2.232455e-01 8.916773e+01
2.727466e-01 6.979500e-03 9.620607e-01 5.326947e+01 4.574308e-03 9.999530e-01 -8.551226e-03 -2.846500e+00 -9.620750e-01 6.733079e-03 2.727018e-01 8.933597e+01
3.279874e-01 6.254244e-03 9.446614e-01 5.372823e+01 3.025125e-03 9.999660e-01 -7.670721e-03 -2.857298e+00 -9.446772e-01 5.373618e-03 3.279574e-01 8.953943e+01
3.850339e-01 6.483135e-03 9.228797e-01 5.416686e+01 4.545859e-03 9.999499e-01 -8.921119e-03 -2.876030e+00 -9.228912e-01 7.630214e-03 3.849852e-01 8.977583e+01
4.438294e-01 9.714808e-03 8.960587e-01 5.456260e+01 5.784968e-03 9.998893e-01 -1.370588e-02 -2.898645e+00 -8.960926e-01 1.126674e-02 4.437240e-01 9.001102e+01
5.036191e-01 1.292906e-02 8.638291e-01 5.494474e+01 6.738541e-03 9.997988e-01 -1.889276e-02 -2.915532e+00 -8.638995e-01 1.533570e-02 5.034306e-01 9.027587e+01
5.611272e-01 1.706946e-02 8.275536e-01 5.530617e+01 3.997878e-03 9.997198e-01 -2.333141e-02 -2.933515e+00 -8.277199e-01 1.640035e-02 5.609017e-01 9.058680e+01
6.170094e-01 1.968919e-02 7.867095e-01 5.563970e+01 8.181732e-05 9.996854e-01 -2.508357e-02 -2.938677e+00 -7.869557e-01 1.554116e-02 6.168136e-01 9.090873e+01
6.692185e-01 2.101822e-02 7.427684e-01 5.594709e+01 -1.641565e-03 9.996393e-01 -2.680792e-02 -2.951494e+00 -7.430638e-01 1.672105e-02 6.690116e-01 9.126801e+01
7.186231e-01 1.981804e-02 6.951174e-01 5.623049e+01 -1.817055e-03 9.996439e-01 -2.662170e-02 -2.969473e+00 -6.953974e-01 1.786790e-02 7.184032e-01 9.161292e+01
7.645593e-01 1.719053e-02 6.443242e-01 5.649990e+01 -3.305251e-03 9.997357e-01 -2.275086e-02 -2.988927e+00 -6.445449e-01 1.526472e-02 7.644140e-01 9.200664e+01
8.058386e-01 1.207559e-02 5.920122e-01 5.674075e+01 -3.675683e-03 9.998748e-01 -1.539170e-02 -3.009270e+00 -5.921238e-01 1.022717e-02 8.057821e-01 9.241743e+01
8.427679e-01 9.508781e-03 5.381931e-01 5.694698e+01 -5.403404e-03 9.999430e-01 -9.205660e-03 -3.015593e+00 -5.382499e-01 4.850160e-03 8.427713e-01 9.282544e+01
8.747370e-01 7.317001e-03 4.845428e-01 5.713851e+01 -6.855450e-03 9.999728e-01 -2.724395e-03 -3.024263e+00 -4.845495e-01 -9.386298e-04 8.747633e-01 9.326797e+01
9.004816e-01 7.115092e-03 4.348358e-01 5.730828e+01 -9.450080e-03 9.999502e-01 3.207846e-03 -3.036900e+00 -4.347913e-01 -6.997839e-03 9.005040e-01 9.371805e+01
9.210426e-01 8.837681e-03 3.893615e-01 5.743927e+01 -1.257895e-02 9.998960e-01 7.060247e-03 -3.050509e+00 -3.892586e-01 -1.140055e-02 9.210580e-01 9.416034e+01
9.373365e-01 1.306446e-02 3.481805e-01 5.756796e+01 -1.754518e-02 9.997988e-01 9.718820e-03 -3.058868e+00 -3.479835e-01 -1.521869e-02 9.373771e-01 9.461210e+01
9.495923e-01 1.836976e-02 3.129490e-01 5.769198e+01 -2.247368e-02 9.997022e-01 9.511297e-03 -3.057393e+00 -3.126811e-01 -1.606497e-02 9.497223e-01 9.508033e+01
9.590952e-01 2.063697e-02 2.823306e-01 5.779494e+01 -2.402543e-02 9.996748e-01 8.544663e-03 -3.049377e+00 -2.820624e-01 -1.497826e-02 9.592791e-01 9.553565e+01
9.655012e-01 1.800142e-02 2.597755e-01 5.791015e+01 -2.120760e-02 9.997295e-01 9.544470e-03 -3.048067e+00 -2.595334e-01 -1.472441e-02 9.656219e-01 9.602577e+01
9.695777e-01 1.500316e-02 2.443234e-01 5.803556e+01 -1.789786e-02 9.997934e-01 9.631949e-03 -3.069271e+00 -2.441284e-01 -1.371179e-02 9.696460e-01 9.649672e+01
9.727623e-01 1.538509e-02 2.312937e-01 5.813811e+01 -1.794084e-02 9.997990e-01 8.950447e-03 -3.075240e+00 -2.311094e-01 -1.285626e-02 9.728428e-01 9.699303e+01
9.748730e-01 2.144861e-02 2.217265e-01 5.822751e+01 -2.397394e-02 9.996747e-01 8.704049e-03 -3.071463e+00 -2.214677e-01 -1.380100e-02 9.750700e-01 9.749917e+01
9.761944e-01 2.804783e-02 2.150764e-01 5.831035e+01 -3.047326e-02 9.995038e-01 7.968868e-03 -3.069905e+00 -2.147462e-01 -1.433324e-02 9.765647e-01 9.802164e+01
9.765319e-01 3.476555e-02 2.125483e-01 5.841718e+01 -3.667903e-02 9.993143e-01 5.064930e-03 -3.066349e+00 -2.122265e-01 -1.274213e-02 9.771374e-01 9.854342e+01
9.767570e-01 3.658890e-02 2.112036e-01 5.852696e+01 -3.793036e-02 9.992777e-01 2.302434e-03 -3.079325e+00 -2.109668e-01 -1.025995e-02 9.774394e-01 9.906670e+01
9.764222e-01 3.441485e-02 2.131086e-01 5.864306e+01 -3.509691e-02 9.993837e-01 -5.829714e-04 -3.082060e+00 -2.129973e-01 -6.910226e-03 9.770284e-01 9.962315e+01
9.755713e-01 3.372619e-02 2.170790e-01 5.878541e+01 -3.314467e-02 9.994306e-01 -6.320279e-03 -3.090828e+00 -2.171685e-01 -1.029128e-03 9.761336e-01 1.001813e+02
9.746498e-01 3.497482e-02 2.209855e-01 5.891682e+01 -3.332881e-02 9.993820e-01 -1.117397e-02 -3.110624e+00 -2.212397e-01 3.525521e-03 9.752131e-01 1.007450e+02
9.733621e-01 3.967084e-02 2.258151e-01 5.904117e+01 -3.811378e-02 9.992100e-01 -1.125254e-02 -3.119470e+00 -2.260831e-01 2.346130e-03 9.741052e-01 1.013295e+02
9.719581e-01 4.001028e-02 2.317254e-01 5.916630e+01 -3.912875e-02 9.991989e-01 -8.400982e-03 -3.124621e+00 -2.318758e-01 -9.017206e-04 9.727450e-01 1.019140e+02
9.709954e-01 3.764457e-02 2.361161e-01 5.931607e+01 -3.782000e-02 9.992774e-01 -3.787619e-03 -3.138153e+00 -2.360881e-01 -5.252151e-03 9.717175e-01 1.025226e+02
9.700876e-01 3.555087e-02 2.401378e-01 5.946254e+01 -3.701721e-02 9.993134e-01 1.596915e-03 -3.140086e+00 -2.399161e-01 -1.043838e-02 9.707375e-01 1.031367e+02
9.694436e-01 3.230420e-02 2.431782e-01 5.962588e+01 -3.489004e-02 9.993711e-01 6.332991e-03 -3.141159e+00 -2.428206e-01 -1.462397e-02 9.699610e-01 1.037578e+02
9.687642e-01 2.953231e-02 2.462189e-01 5.979016e+01 -3.236278e-02 9.994484e-01 7.456325e-03 -3.146520e+00 -2.458629e-01 -1.519175e-02 9.691856e-01 1.043857e+02
9.685648e-01 2.513407e-02 2.474882e-01 5.996155e+01 -2.729324e-02 9.996134e-01 5.296897e-03 -3.154507e+00 -2.472594e-01 -1.188514e-02 9.688764e-01 1.050510e+02
9.689798e-01 2.262199e-02 2.461025e-01 6.012936e+01 -2.306828e-02 9.997333e-01 -1.069695e-03 -3.164940e+00 -2.460610e-01 -4.640647e-03 9.692432e-01 1.056938e+02
9.689759e-01 2.461866e-02 2.459261e-01 6.029087e+01 -2.338594e-02 9.996950e-01 -7.932214e-03 -3.179330e+00 -2.460464e-01 1.934910e-03 9.692561e-01 1.063567e+02
9.691657e-01 3.135778e-02 2.444065e-01 6.045480e+01 -2.937117e-02 9.994993e-01 -1.176949e-02 -3.179044e+00 -2.446531e-01 4.228077e-03 9.696014e-01 1.070263e+02
9.701007e-01 2.796379e-02 2.410864e-01 6.061880e+01 -2.643260e-02 9.996047e-01 -9.583486e-03 -3.196435e+00 -2.412590e-01 2.924407e-03 9.704564e-01 1.077193e+02
9.702194e-01 2.422029e-02 2.410139e-01 6.079358e+01 -2.442780e-02 9.996993e-01 -2.127205e-03 -3.209514e+00 -2.409929e-01 -3.823582e-03 9.705193e-01 1.084337e+02
9.711620e-01 2.185323e-02 2.374169e-01 6.096376e+01 -2.354255e-02 9.997137e-01 4.282149e-03 -3.217984e+00 -2.372553e-01 -9.748059e-03 9.713984e-01 1.091366e+02
9.713961e-01 2.352285e-02 2.362972e-01 6.113251e+01 -2.522910e-02 9.996729e-01 4.199357e-03 -3.225531e+00 -2.361211e-01 -1.004080e-02 9.716718e-01 1.098744e+02
9.716812e-01 2.738668e-02 2.347032e-01 6.129789e+01 -2.823855e-02 9.996012e-01 2.689110e-04 -3.238266e+00 -2.346022e-01 -6.888976e-03 9.720670e-01 1.106152e+02
9.723907e-01 3.482643e-02 2.307455e-01 6.145900e+01 -3.463877e-02 9.993881e-01 -4.865527e-03 -3.239350e+00 -2.307737e-01 -3.261547e-03 9.730020e-01 1.113558e+02
9.733309e-01 3.326844e-02 2.269805e-01 6.163275e+01 -3.229843e-02 9.994464e-01 -7.987272e-03 -3.254119e+00 -2.271205e-01 4.431453e-04 9.738666e-01 1.121059e+02
9.741750e-01 3.136019e-02 2.236059e-01 6.181173e+01 -3.063778e-02 9.995081e-01 -6.700177e-03 -3.268537e+00 -2.237060e-01 -3.236433e-04 9.746566e-01 1.128953e+02
9.751354e-01 2.732076e-02 2.199194e-01 6.199330e+01 -2.688612e-02 9.996261e-01 -4.969695e-03 -3.283505e+00 -2.199729e-01 -1.066654e-03 9.755054e-01 1.136801e+02
9.756760e-01 2.460839e-02 2.178321e-01 6.216819e+01 -2.470931e-02 9.996921e-01 -2.261034e-03 -3.305295e+00 -2.178207e-01 -3.176445e-03 9.759836e-01 1.144838e+02
9.759854e-01 2.127481e-02 2.167946e-01 6.235244e+01 -2.172880e-02 9.997639e-01 -2.896441e-04 -3.314303e+00 -2.167495e-01 -4.427999e-03 9.762172e-01 1.152829e+02
