1.000000000 0.000000000 0.000000000 0.000000000 0.000000000 1.000000000 0.000000000 0.000000000 0.000000000 0.000000000 1.000000000 0.000000000
0.999989331 -0.002769477 -0.003695537 0.010511823 0.002762308 0.999994397 -0.001943685 -0.003807934 0.003700898 0.001933456 0.999991298 0.650604069
0.999972105 -0.001418708 -0.007323430 -0.005895332 0.001394711 0.999993563 -0.003280857 -0.011165851 0.007328038 0.003270551 0.999967754 1.308020949
0.999934137 -0.001492866 -0.011375138 -0.016688397 0.001436426 0.999986649 -0.004968307 -0.009856135 0.011382403 0.004951640 0.999922991 2.010655165
0.999864399 -0.000370705 -0.016462730 -0.025688058 0.000277897 0.999984026 -0.005639436 -0.014024664 0.016464565 0.005634096 0.999848545 2.706019640
0.999769866 -0.001603872 -0.021394450 -0.028889246 0.001479937 0.999982059 -0.005807431 -0.024117265 0.021403378 0.005774431 0.999754310 3.443996906
0.999695778 0.000422230 -0.024658810 -0.078664765 -0.000604376 0.999972641 -0.007379645 -0.024188973 0.024655024 0.007392304 0.999668658 4.144689083
0.999550164 0.003267047 -0.029811952 -0.108051255 -0.003492406 0.999965727 -0.007510427 -0.041778319 0.029786393 0.007611164 0.999527335 4.914954185
0.999399424 0.003632360 -0.034459971 -0.128992677 -0.003836998 0.999975383 -0.005874140 -0.049948297 0.034437791 0.006002835 0.999388814 5.687973022
0.999233782 0.002784660 -0.039039545 -0.157268286 -0.002924604 0.999989510 -0.003528027 -0.055332400 0.039029308 0.003639499 0.999231458 6.483392715
0.999138415 0.002396882 -0.041432038 -0.209311903 -0.002440776 0.999996543 -0.001008878 -0.061266202 0.041429471 0.001109135 0.999140918 7.262249470
0.999008536 0.004478619 -0.044293519 -0.249524981 -0.004531248 0.999989152 -0.001087878 -0.074965432 0.044288166 0.001287504 0.999017954 8.052963257
0.998889625 0.003320866 -0.046995968 -0.273978710 -0.003380395 0.999993622 -0.001187273 -0.079936117 0.046991732 0.001344819 0.998894453 8.860688210
0.998871028 0.000229564 -0.047501944 -0.337806344 -0.000313677 0.999998391 -0.001763288 -0.083818361 0.047501460 0.001776198 0.998869598 9.671297073
0.998706102 0.000887995 -0.050846908 -0.356786251 -0.000942909 0.999998927 -0.001056005 -0.094430506 0.050845921 0.001102582 0.998705924 10.512208939
0.998674512 -0.000954939 -0.051462758 -0.426123798 0.000926979 0.999999404 -0.000567174 -0.112604812 0.051463265 0.000518717 0.998674691 11.339875221
0.998590350 0.001120728 -0.053066220 -0.480152309 -0.001272343 0.999995232 -0.002823385 -0.116185769 0.053062797 0.002886923 0.998587132 12.165500641
0.998529196 0.001366412 -0.054199707 -0.535569668 -0.001662824 0.999983907 -0.005424156 -0.122911647 0.054191422 0.005506303 0.998515368 13.010270119
0.998408973 0.005366849 -0.056130592 -0.587621391 -0.005793696 0.999955535 -0.007444577 -0.130964905 0.056088146 0.007757938 0.998395622 13.868759155
0.998382866 0.006800626 -0.056438696 -0.658967674 -0.007200248 0.999950409 -0.006880311 -0.142584741 0.056389112 0.007275557 0.998382270 14.743692398
0.998285174 0.005791352 -0.058249570 -0.701326609 -0.006134358 0.999964893 -0.005711493 -0.155478418 0.058214441 0.006059023 0.998285711 15.602643967
0.998240232 0.006378584 -0.058956262 -0.766837001 -0.006625821 0.999970138 -0.003999032 -0.167359412 0.058928981 0.004382628 0.998252571 16.471794128
0.998206317 0.006233293 -0.059541561 -0.827904105 -0.006461368 0.999972522 -0.003638780 -0.183909029 0.059517235 0.004016973 0.998219252 17.368726730
0.998056591 0.005108047 -0.062104426 -0.868067861 -0.005347123 0.999978900 -0.003684010 -0.208500341 0.062084299 0.004008931 0.998062849 18.230764389
0.998006165 0.003620225 -0.063013196 -0.923506439 -0.003918858 0.999981701 -0.004616261 -0.216293201 0.062995337 0.004853996 0.998001993 19.125020981
0.997960210 0.003631952 -0.063734934 -0.980555415 -0.003807912 0.999989271 -0.002639545 -0.224426553 0.063724659 0.002876857 0.997963309 20.044530869
0.997986853 0.005663936 -0.063167855 -1.053044438 -0.005659248 0.999983966 0.000253137 -0.234241739 0.063168287 0.000104855 0.998002887 20.905223846
0.998060763 0.007087912 -0.061842635 -1.115506411 -0.006865528 0.999969244 0.003807714 -0.240182698 0.061867729 -0.003375747 0.998078585 21.800586700
0.998172104 0.005779258 -0.060157914 -1.174329638 -0.005400203 0.999964535 0.006461679 -0.243481830 0.060193129 -0.006125003 0.998167932 22.731193542
0.998232603 0.005291264 -0.059191555 -1.218724370 -0.004857128 0.999960244 0.007475916 -0.248821065 0.059228767 -0.007175202 0.998218656 23.646160126
0.998331249 0.005856805 -0.057448313 -1.276019335 -0.005574396 0.999971569 0.005074914 -0.258294046 0.057476409 -0.004746205 0.998335540 24.565450668
0.998372972 0.007030722 -0.056584265 -1.332057118 -0.007068917 0.999974966 -0.000474883 -0.257554382 0.056579504 0.000874099 0.998397648 25.473674774
0.998434007 0.006885626 -0.055516846 -1.396160841 -0.007081122 0.999969363 -0.003325437 -0.256997168 0.055492256 0.003713351 0.998452187 26.419708252
0.998495519 0.004118804 -0.054679569 -1.442641973 -0.004268567 0.999987423 -0.002622398 -0.263424605 0.054668084 0.002851855 0.998500407 27.365388870
0.998472393 0.002213527 -0.055207849 -1.475989342 -0.002088663 0.999995112 0.002319294 -0.273657054 0.055212718 -0.002200440 0.998472095 28.311634064
0.998471975 -0.001271679 -0.055244070 -1.545947075 0.001593852 0.999981940 0.005788119 -0.282266974 0.055235714 -0.005867326 0.998456001 29.258108139
0.998316705 -0.009003403 -0.057294395 -1.577965140 0.009374968 0.999936700 0.006219672 -0.310036868 0.057234775 -0.006746336 0.998337865 30.208902359
0.998204887 -0.011451143 -0.058785830 -1.626484990 0.011600464 0.999930263 0.002199460 -0.308067411 0.058756549 -0.002877455 0.998268187 31.163396835
0.998104930 -0.010943578 -0.060552258 -1.681208134 0.010859677 0.999939561 -0.001714540 -0.317276359 0.060567364 0.001053712 0.998163462 32.115161896
0.998028100 -0.009304137 -0.062074736 -1.747769594 0.009173762 0.999954998 -0.002384980 -0.332778841 0.062094137 0.001810818 0.998068571 33.036201477
0.997970045 -0.009552415 -0.062965021 -1.795542717 0.009498143 0.999954224 -0.001161223 -0.341199219 0.062973231 0.000560815 0.998015046 33.990489960
0.997952521 -0.006346865 -0.063643977 -1.884160161 0.006466612 0.999977648 0.001675672 -0.349960417 0.063631929 -0.002083801 0.997971177 35.001995087
0.997897387 -0.006168181 -0.064519048 -1.961065769 0.006376808 0.999975085 0.003028147 -0.361349225 0.064498767 -0.003433206 0.997911811 35.992492676
0.997824252 -0.004509449 -0.065775901 -2.024665117 0.004911380 0.999970257 0.005950182 -0.375779390 0.065747127 -0.006260286 0.997816682 36.942939758
0.997837961 -0.005526400 -0.065489076 -2.091656685 0.006151655 0.999937415 0.009349691 -0.382449716 0.065433294 -0.009732342 0.997809529 37.922828674
0.997880757 0.000285393 -0.065068871 -2.182400465 0.000467469 0.999933183 0.011554705 -0.379492879 0.065067798 -0.011560636 0.997813880 38.910957336
0.997808039 0.000698526 -0.066171855 -2.236030579 0.000045624 0.999936759 0.011243551 -0.391303390 0.066175513 -0.011221925 0.997744918 39.888793945
0.997768462 -0.000319212 -0.066768043 -2.296184540 0.000942901 0.999956131 0.009309825 -0.380481362 0.066762142 -0.009352005 0.997725070 40.852489471
0.997817993 0.002157818 -0.065989353 -2.375066519 -0.001687993 0.999972880 0.007174644 -0.386015177 0.066003039 -0.007047599 0.997794509 41.810234070
0.997744322 0.001542993 -0.067110360 -2.447757959 -0.001095632 0.999976873 0.006702349 -0.381172568 0.067119166 -0.006613704 0.997722983 42.790832520
0.997642219 -0.000055894 -0.068629429 -2.509911537 0.000628125 0.999965310 0.008316428 -0.395348012 0.068626583 -0.008339930 0.997607470 43.747726440
0.997604549 0.000467315 -0.069173612 -2.581703186 0.000158165 0.999959230 0.009036431 -0.396263897 0.069175020 -0.009025726 0.997563720 44.697582245
0.997564614 0.002550452 -0.069703043 -2.649302959 -0.002137582 0.999979675 0.005997223 -0.406426013 0.069716923 -0.005833622 0.997549713 45.653392792
0.997542143 0.003751472 -0.069968686 -2.725984573 -0.003672035 0.999992430 0.001263909 -0.407316834 0.069972895 -0.001003874 0.997548401 46.566307068
0.997567058 0.005031696 -0.069532596 -2.806757689 -0.005056023 0.999987185 -0.000173883 -0.414868772 0.069530822 0.000525018 0.997579753 47.488853455
0.997526884 0.003671722 -0.070190363 -2.865503788 -0.003442396 0.999988317 0.003387873 -0.424730688 0.070201986 -0.003137872 0.997527957 48.445426941
0.997540891 0.000752352 -0.070082426 -2.929445267 -0.000291104 0.999978185 0.006591492 -0.432870537 0.070085846 -0.006554882 0.997519553 49.385570526
0.997398674 -0.000705186 -0.072079025 -2.951523304 0.001262076 0.999969661 0.007680851 -0.447128743 0.072071426 -0.007751839 0.997369349 50.308963776
0.997372389 -0.005200907 -0.072257161 -2.995240211 0.005717026 0.999959707 0.006937837 -0.458306491 0.072218157 -0.007332704 0.997361958 51.206409454
0.997395635 -0.006160261 -0.071862422 -3.099238396 0.006513914 0.999967813 0.004687929 -0.457060695 0.071831226 -0.005143825 0.997403562 52.185157776
0.997269630 -0.008932175 -0.073303625 -3.157253504 0.009405041 0.999937117 0.006108162 -0.458685607 0.073244460 -0.006780908 0.997290969 53.131542206
0.997146189 -0.010802028 -0.074718103 -3.227409840 0.011561962 0.999885619 0.009745567 -0.460151732 0.074604280 -0.010581642 0.997157037 54.040672302
0.997127891 -0.011236686 -0.074897751 -3.299112320 0.012396118 0.999810159 0.015033282 -0.466453612 0.074714608 -0.015918549 0.997078001 54.965770721
0.997142494 -0.009256848 -0.074974090 -3.378839970 0.010538608 0.999804676 0.016718481 -0.465238869 0.074804679 -0.017460831 0.997045398 55.888599396
0.996939003 -0.008195829 -0.077752255 -3.433616161 0.009249642 0.999870121 0.013203041 -0.471582472 0.077633940 -0.013881804 0.996885359 56.825134277
0.996862531 -0.007428985 -0.078802057 -3.510089397 0.007864342 0.999955475 0.005215793 -0.465288073 0.078759797 -0.005819156 0.996876657 57.707656860
0.996773064 -0.006008706 -0.080045193 -3.576411247 0.006048657 0.999981701 0.000256638 -0.469126046 0.080042198 -0.000739975 0.996791244 58.606159210
0.996716380 -0.000691309 -0.080967896 -3.654752493 0.000754824 0.999999404 0.000753840 -0.473748863 0.080967329 -0.000812482 0.996716499 59.494426727
0.996652424 0.000879465 -0.081750065 -3.733190060 -0.000583415 0.999993205 0.003645245 -0.493882596 0.081752717 -0.003585349 0.996646225 60.358135223
0.996583104 0.003744980 -0.082510084 -3.813379526 -0.003336973 0.999981463 0.005082279 -0.498373419 0.082527585 -0.004789579 0.996577263 61.196704865
0.996480882 0.004455191 -0.083701521 -3.887177229 -0.004055392 0.999979556 0.004945891 -0.505942106 0.083721846 -0.004589044 0.996478558 62.045150757
0.996379435 0.006446213 -0.084772021 -3.971001625 -0.005991455 0.999966323 0.005617803 -0.511573911 0.084805377 -0.005089558 0.996384442 62.869327545
0.996343732 0.007262385 -0.085126609 -4.061307430 -0.006748026 0.999957204 0.006328460 -0.528066635 0.085168935 -0.005730884 0.996349990 63.656951904
0.996220827 0.006889808 -0.086583443 -4.131521225 -0.006322954 0.999956727 0.006819460 -0.532838583 0.086626686 -0.006246225 0.996221304 64.458778381
0.995997667 0.006947647 -0.089109071 -4.188761711 -0.006294956 0.999951303 0.007603567 -0.534296453 0.089157559 -0.007012196 0.995992959 65.275543213
0.995812654 0.009822596 -0.090888888 -4.252141953 -0.008945026 0.999909401 0.010057754 -0.539172113 0.090979442 -0.009202635 0.995810211 66.049095154
0.995710790 0.011600791 -0.091791667 -4.331225872 -0.010347225 0.999846756 0.014120817 -0.542072296 0.091941416 -0.013110459 0.995678127 66.825279236
0.995622158 0.014651921 -0.092313007 -4.435260296 -0.013244708 0.999786794 0.015838213 -0.544160604 0.092525378 -0.014546216 0.995604038 67.551628113
0.995401859 0.017740320 -0.094129600 -4.493812561 -0.016642235 0.999784112 0.012437925 -0.562487781 0.094329931 -0.010814208 0.995482266 68.294334412
0.995244622 0.017240819 -0.095868565 -4.555480003 -0.016839312 0.999845743 0.004995583 -0.564332485 0.095939897 -0.003357467 0.995381474 69.016189575
0.995216966 0.016606467 -0.096267723 -4.647340775 -0.016774299 0.999858856 -0.000934294 -0.568287611 0.096238621 0.002544649 0.995355010 69.679382324
0.995135188 0.017767347 -0.096902847 -4.717743874 -0.018099541 0.999833047 -0.002550152 -0.567338645 0.096841350 0.004291643 0.995290637 70.372100830
0.994961381 0.020251554 -0.098191828 -4.778990746 -0.020264490 0.999794364 0.000865640 -0.577985525 0.098189153 0.001128529 0.995167255 71.039215088
0.994852901 0.020371847 -0.099260509 -4.842919350 -0.020105336 0.999791205 0.003684584 -0.599952340 0.099314831 -0.001669955 0.995054662 71.672889709
0.994763434 0.017448615 -0.100703768 -4.901242256 -0.017512266 0.999846518 0.000252016 -0.607973158 0.100692697 0.001512854 0.994916379 72.277381897
0.994827449 0.009292772 -0.101154171 -4.941726685 -0.009871911 0.999937654 -0.005226235 -0.614279568 0.101099290 0.006197787 0.994857013 72.876136780
0.995040119 0.005368283 -0.099330284 -5.011133194 -0.006384150 0.999930441 -0.009912129 -0.626660466 0.099270172 0.010497104 0.995005131 73.450881958
0.995286763 0.007682560 -0.096671440 -5.057324409 -0.008701353 0.999910891 -0.010121563 -0.636453509 0.096585058 0.010915028 0.995264888 74.033851624
0.995732009 0.012311585 -0.091466837 -5.144326210 -0.013116769 0.999880314 -0.008207074 -0.632735670 0.091354832 0.009371796 0.995774329 74.582717896
0.996129572 0.010629038 -0.087252185 -5.171436310 -0.011099929 0.999926329 -0.004913474 -0.646348655 0.087193519 0.005862951 0.996174157 75.132369995
0.996694744 0.007604491 -0.080881417 -5.219575882 -0.007700812 0.999970019 -0.000879030 -0.655412793 0.080872312 0.001498978 0.996723294 75.648117065
0.997310996 0.003187736 -0.073216759 -5.230195522 -0.003017374 0.999992430 0.002437324 -0.662375331 0.073223956 -0.002209847 0.997313142 76.181343079
0.998027682 0.006842754 -0.062401522 -5.265565872 -0.006717399 0.999974966 0.002218396 -0.676536441 0.062415145 -0.001794845 0.998048604 76.649070740
0.998838127 0.012217104 -0.046618924 -5.304055214 -0.012143582 0.999924541 0.001860021 -0.684305668 0.046638139 -0.001291739 0.998911023 77.131042480
0.999438524 0.017248783 -0.028728042 -5.310251236 -0.017189598 0.999849617 0.002305959 -0.687374294 0.028763507 -0.001810841 0.999584615 77.614746094
0.999856949 0.015670177 -0.006373752 -5.302930355 -0.015656823 0.999875128 0.002139112 -0.684281230 0.006406475 -0.002039013 0.999977410 78.090171814
0.999742568 0.012268435 0.019087665 -5.261255264 -0.012330831 0.999918997 0.003154702 -0.693789363 -0.019047413 -0.003389257 0.999812841 78.532325745
0.998754382 0.011038704 0.048660543 -5.216936111 -0.011259621 0.999927461 0.004268206 -0.695496798 -0.048609894 -0.004810789 0.998806238 78.991668701
0.996537924 0.010754089 0.082441442 -5.176728725 -0.011334109 0.999914169 0.006570779 -0.714874864 -0.082363710 -0.007482430 0.996574283 79.412986755
0.992775261 0.009810390 0.119586565 -5.100172043 -0.010889889 0.999905527 0.008376765 -0.740916133 -0.119493090 -0.009618529 0.992788434 79.786270142
0.986828983 0.010170451 0.161446646 -5.006459236 -0.011610189 0.999900758 0.007976810 -0.740052581 -0.161349505 -0.009746174 0.986849129 80.206832886
0.978332281 0.009918508 0.206803054 -4.900876999 -0.011799471 0.999899447 0.007863969 -0.747376382 -0.206704289 -0.010133740 0.978350937 80.608238220
0.966638446 0.012089352 0.255859256 -4.779176712 -0.013959962 0.999887466 0.005496162 -0.749627829 -0.255764037 -0.008884587 0.966698408 80.992065430
0.951500535 0.012503995 0.307392985 -4.609033585 -0.013977939 0.999898911 0.002593702 -0.758950531 -0.307329476 -0.006764630 0.951579094 81.350509644
0.931529582 0.013508339 0.363414556 -4.456708908 -0.014500352 0.999894857 0.000001621 -0.759067953 -0.363376319 -0.005271147 0.931627572 81.684066772
0.907083154 0.014049037 0.420716912 -4.259355545 -0.014779026 0.999889612 -0.001525207 -0.769340456 -0.420691907 -0.004834295 0.907190740 82.031257629
0.877919734 0.014228315 0.478596270 -4.063594818 -0.014559117 0.999889433 -0.003019255 -0.782494485 -0.478586376 -0.004317276 0.878029823 82.312927246
0.843731999 0.013135691 0.536604047 -3.838092804 -0.011983539 0.999912262 -0.005634782 -0.785403967 -0.536630988 -0.001676169 0.843815446 82.617706299
0.807782769 0.012071515 0.589356780 -3.577243805 -0.010704807 0.999925792 -0.005808813 -0.805875063 -0.589383066 -0.001616691 0.807852030 82.870338440
0.766483307 0.011275250 0.642165184 -3.318706512 -0.009065169 0.999936163 -0.006736943 -0.796612978 -0.642200291 -0.000657582 0.766536593 83.153999329
0.724753976 0.011046369 0.688919187 -3.024780273 -0.010921977 0.999930024 -0.004543128 -0.808798075 -0.688921213 -0.004231711 0.724823892 83.382682800
0.679668069 0.010144299 0.733449697 -2.747386932 -0.011687693 0.999927223 -0.002999264 -0.826828003 -0.733426809 -0.006533832 0.679737091 83.582595825
0.633688152 0.007946168 0.773547828 -2.423938751 -0.007392105 0.999963760 -0.004216409 -0.835813105 -0.773553371 -0.003046257 0.633723855 83.780960083
0.586527944 0.006057692 0.809906244 -2.097061157 -0.002213297 0.999980330 -0.005876496 -0.839154303 -0.809925914 0.001654165 0.586529851 83.979827881
0.541494668 0.006466404 0.840679407 -1.811012268 -0.002791555 0.999978662 -0.005893632 -0.856871247 -0.840699553 0.000844567 0.541501284 84.079368591
0.493578106 0.009435826 0.869650185 -1.478843689 -0.006174407 0.999954045 -0.007345296 -0.859876275 -0.869679511 -0.001744097 0.493613690 84.242866516
0.448670059 0.011962647 0.893617392 -1.161815643 -0.006812908 0.999927163 -0.009965145 -0.863706946 -0.893671513 -0.001617070 0.448718876 84.359596252
0.404347539 0.009521591 0.914555788 -0.823760986 -0.000108053 0.999946296 -0.010362830 -0.869890809 -0.914605379 0.004091364 0.404326797 84.487762451
0.366665035 0.001811131 0.930351198 -0.459918976 0.015772874 0.999842227 -0.008162729 -0.874123514 -0.930219293 0.017667299 0.366578668 84.557853699
0.331297934 -0.001337196 0.943525314 -0.092380524 0.019537644 0.999794245 -0.005443268 -0.874378026 -0.943323910 0.020237606 0.331255913 84.649597168
0.297189504 0.002889980 0.954814136 0.261793137 0.018246220 0.999795616 -0.008705333 -0.871203780 -0.954644144 0.020008883 0.297076017 84.767616272
0.264198691 0.011308322 0.964401960 0.604307175 0.009011436 0.999858737 -0.014192767 -0.873898745 -0.964426160 0.012440357 0.264059424 84.883804321
0.237047300 0.015190667 0.971379340 0.990644455 0.002942096 0.999862075 -0.016354049 -0.892913699 -0.971493661 0.006734576 0.236969814 84.950126648
0.211246505 0.016808642 0.977288306 1.341415405 0.004176498 0.999827623 -0.018099075 -0.911032677 -0.977423847 0.007905010 0.211139873 85.017784119
0.187293380 0.018037500 0.982138455 1.711711884 0.011487092 0.999722779 -0.020551031 -0.920167565 -0.982236922 0.015130985 0.187034294 85.074432373
0.167926461 0.024527486 0.985494375 2.112770081 0.017947732 0.999448657 -0.027933050 -0.921980619 -0.985636115 0.022378087 0.167393625 85.103332520
0.148169652 0.031271137 0.988467574 2.510598183 0.019456537 0.999214351 -0.034527633 -0.922297299 -0.988770545 0.024348101 0.147444829 85.154136658
0.129637599 0.032246899 0.991036952 2.929636955 0.017124770 0.999249160 -0.034754209 -0.932099819 -0.991413593 0.021476733 0.128988028 85.216789246
0.114675246 0.027865618 0.993012130 3.377608299 0.016156167 0.999422073 -0.029911239 -0.952862680 -0.993271708 0.019473352 0.114158764 85.257286072
0.100876592 0.024378600 0.994600236 3.843420982 0.016106445 0.999528706 -0.026132986 -0.974796534 -0.994768560 0.018655678 0.100436412 85.286315918
0.086259201 0.021988556 0.996029973 4.306579590 0.018268215 0.999553382 -0.023648418 -0.991693616 -0.996105194 0.020235587 0.085818976 85.340240479
0.075369321 0.020711105 0.996940553 4.771226406 0.022287998 0.999499559 -0.022449253 -1.007005930 -0.996906579 0.023911800 0.074869990 85.347785950
0.066247053 0.022106458 0.997558355 5.286963940 0.026104447 0.999373972 -0.023880268 -1.015089035 -0.997461736 0.027622707 0.065628506 85.365867615
0.057737190 0.023017285 0.998066485 5.804802895 0.027986079 0.999303937 -0.024664795 -1.025657296 -0.997939467 0.029356046 0.057052843 85.399826050
0.052459240 0.023441656 0.998347878 6.325224400 0.030010864 0.999235928 -0.025039462 -1.040677667 -0.998171926 0.031274837 0.051715657 85.418655396
0.047269888 0.024122344 0.998590827 6.873124123 0.030183034 0.999217391 -0.025566239 -1.062920928 -0.998425961 0.031349011 0.046504807 85.431152344
0.041724961 0.025092861 0.998813987 7.447806358 0.031186372 0.999164820 -0.026404468 -1.075876236 -0.998642325 0.032251112 0.040907558 85.442260742
0.037042078 0.024674110 0.999009073 7.988283634 0.033785265 0.999092698 -0.025928898 -1.099768162 -0.998742521 0.034712240 0.036174852 85.461540222
0.034532987 0.024585839 0.999101102 8.601696014 0.034944471 0.999056339 -0.025792561 -1.117159843 -0.998792470 0.035803750 0.033641264 85.470169067
0.030622566 0.024069382 0.999241233 9.173717499 0.036020543 0.999034107 -0.025168274 -1.137402534 -0.998881698 0.036763921 0.029725995 85.500984192
0.028920719 0.023412194 0.999307513 9.826005936 0.037930135 0.998979926 -0.024502244 -1.157511950 -0.998861790 0.038612485 0.028003192 85.509117126
0.028134363 0.023399366 0.999330223 10.482986450 0.042567991 0.998790920 -0.024585167 -1.170163751 -0.998697281 0.043231174 0.027104281 85.517272949
0.028957943 0.022609990 0.999324918 11.133771896 0.046228029 0.998644173 -0.023934163 -1.194430828 -0.998511136 0.046889912 0.027873464 85.536506653
0.030957919 0.022471918 0.999268055 11.807341576 0.047011968 0.998608053 -0.023913531 -1.218328953 -0.998414397 0.047717873 0.029858379 85.567504883
0.034699939 0.022519285 0.999144077 12.503902435 0.049475085 0.998481631 -0.024222609 -1.238154292 -0.998172402 0.050273262 0.033533111 85.592842102
0.039236668 0.022117594 0.998985112 13.217391014 0.049650170 0.998476923 -0.024056429 -1.258399010 -0.997995615 0.050543681 0.038078766 85.610671997
0.043124598 0.020713387 0.998854935 13.957124710 0.051361404 0.998417139 -0.022921786 -1.273759961 -0.997748554 0.052291092 0.041992471 85.646789551
0.047932968 0.018681467 0.998675823 14.701472282 0.051368617 0.998455942 -0.021142868 -1.301414251 -0.997528791 0.052314036 0.046899311 85.658065796
0.052539218 0.016610811 0.998480678 15.479574203 0.048615377 0.998633683 -0.019171450 -1.320524216 -0.997434855 0.049548771 0.051659886 85.690757751
0.056899842 0.015497470 0.998259604 16.252786636 0.047632635 0.998698771 -0.018219301 -1.340160966 -0.997242987 0.048586410 0.056087617 85.732582092
0.059456043 0.016997669 0.998086214 17.027175903 0.044337139 0.998823345 -0.019651385 -1.356097102 -0.997245908 0.045420669 0.058632448 85.823394775
0.063493498 0.020556800 0.997770488 17.832695007 0.042292915 0.998834193 -0.023270039 -1.387575030 -0.997085690 0.043676112 0.062550068 85.864158630
0.065128401 0.025832646 0.997542441 18.592227936 0.037645046 0.998889625 -0.028325330 -1.410675287 -0.997166514 0.039397318 0.064083643 85.912666321
0.065409377 0.028867805 0.997440875 19.387577057 0.034845948 0.998905718 -0.031195298 -1.439463139 -0.997249842 0.036797240 0.064331874 85.962013245
0.065101564 0.028677510 0.997466445 20.180078506 0.032525629 0.998994827 -0.030844301 -1.466755390 -0.997348428 0.034451235 0.064103387 86.022949219
0.064526886 0.027171088 0.997546017 21.006740570 0.029545981 0.999139011 -0.029125677 -1.496499062 -0.997478545 0.031352870 0.063668542 86.092597961
0.064440437 0.026446715 0.997571051 21.791641235 0.030748792 0.999121487 -0.028474111 -1.524127722 -0.997447670 0.032508988 0.063570611 86.148056030
0.064973451 0.025034167 0.997572899 22.574495316 0.027431792 0.999262571 -0.026863247 -1.567054749 -0.997510016 0.029110612 0.064238802 86.202804565
0.065099053 0.025158571 0.997561574 23.370557785 0.025999527 0.999300003 -0.026899096 -1.600844145 -0.997540057 0.027687235 0.064399377 86.253692627
0.065613836 0.025740806 0.997512996 24.168716431 0.023259602 0.999356151 -0.027318323 -1.631610870 -0.997573972 0.024994215 0.064972878 86.299194336
0.063839525 0.026793463 0.997600436 24.910776138 0.019733831 0.999410093 -0.028104899 -1.668611765 -0.997765005 0.021480681 0.063273139 86.372047424
0.061080962 0.026323216 0.997785568 25.676700592 0.017253624 0.999475002 -0.027423996 -1.704133272 -0.997983694 0.018890502 0.060594726 86.414245605
0.057340447 0.025370549 0.998032212 26.458740234 0.014692056 0.999547362 -0.026253171 -1.731556535 -0.998246551 0.016168511 0.056941748 86.451950073
0.053044513 0.022862185 0.998330355 27.218254089 0.013621872 0.999628246 -0.023615684 -1.757595658 -0.998499274 0.014851808 0.052713368 86.486579895
0.045969747 0.020376105 0.998735011 27.998439789 0.010372359 0.999728322 -0.020873785 -1.796303153 -0.998889089 0.011318802 0.045745905 86.555412292
0.038884055 0.020634603 0.999030709 28.779533386 0.009673554 0.999732137 -0.021025604 -1.825613022 -0.999196887 0.010481739 0.038674030 86.577346802
0.030733552 0.021889109 0.999287844 29.576480865 0.010650937 0.999696255 -0.022225628 -1.846442223 -0.999470890 0.011326424 0.030491073 86.586418152
0.020282727 0.022086136 0.999550283 30.330574036 0.010270202 0.999698758 -0.022297809 -1.873223305 -0.999741554 0.010717846 0.020049786 86.615058899
0.010262525 0.021258296 0.999721289 31.101224899 0.011959588 0.999699891 -0.021380609 -1.897365212 -0.999875784 0.012175675 0.010005207 86.613090515
-0.000973359 0.020491723 0.999789536 31.855258942 0.009395505 0.999746084 -0.020481685 -1.925292253 -0.999955416 0.009373592 -0.001165642 86.625991821
-0.012044998 0.019743083 0.999732494 32.617351532 0.010810984 0.999749124 -0.019613162 -1.949840307 -0.999869049 0.010571851 -0.012255420 86.612632751
-0.023068801 0.019970637 0.999534369 33.356262207 0.012445242 0.999728739 -0.019687289 -1.973139524 -0.999656439 0.011985283 -0.023311082 86.597213745
-0.033924304 0.020387083 0.999216378 34.112106323 0.012789897 0.999718785 -0.019963108 -2.000537395 -0.999342620 0.012102640 -0.034175515 86.559669495
-0.045164611 0.021620177 0.998745680 34.862781525 0.012172279 0.999703467 -0.021090467 -2.027933121 -0.998905420 0.011204469 -0.045414388 86.548652649
-0.055819880 0.022666372 0.998183489 35.605751038 0.012708160 0.999677420 -0.021989634 -2.048222780 -0.998359978 0.011457618 -0.056089915 86.507637024
-0.064531244 0.023812991 0.997631550 36.350353241 0.013702238 0.999642134 -0.022974661 -2.069377184 -0.997821629 0.012187202 -0.064834431 86.446495056
-0.074633196 0.023545569 0.996933162 37.061599731 0.014362331 0.999642909 -0.022534365 -2.111899614 -0.997107625 0.012636472 -0.074944720 86.400939941
-0.083285250 0.024460524 0.996225536 37.777683258 0.015349459 0.999611557 -0.023260439 -2.132168770 -0.996407509 0.013354272 -0.083628364 86.321891785
-0.091741420 0.023640649 0.995502293 38.500698090 0.016743204 0.999613404 -0.022195300 -2.161118507 -0.995642066 0.014631666 -0.092101783 86.251091003
-0.100215480 0.022901384 0.994702160 39.187271118 0.018425012 0.999606371 -0.021157991 -2.180501938 -0.994795144 0.016207039 -0.100598000 86.199211121
-0.105160080 0.021020424 0.994233131 39.901020050 0.020892683 0.999602616 -0.018924126 -2.214187622 -0.994235814 0.018782135 -0.105557464 86.116477966
-0.108525418 0.019292036 0.993906438 40.593589783 0.023999019 0.999571085 -0.016781516 -2.239781141 -0.993803918 0.022031559 -0.108941868 86.027603149
-0.111913547 0.018774427 0.993540585 41.256107330 0.025438560 0.999547958 -0.016022518 -2.254247665 -0.993392289 0.023481106 -0.112340555 85.968215942
-0.113709435 0.017134428 0.993366301 41.920997620 0.025452491 0.999573410 -0.014327976 -2.283840179 -0.993188024 0.023654422 -0.114097036 85.890708923
-0.114389732 0.018241620 0.993268430 42.603233337 0.026081515 0.999541938 -0.015353156 -2.297897577 -0.993093491 0.024149701 -0.114813097 85.822204590
-0.113552168 0.019048847 0.993349373 43.231369019 0.026964210 0.999507010 -0.016084583 -2.322955132 -0.993166089 0.024958437 -0.114009812 85.747039795
-0.111273549 0.020941520 0.993569136 43.856590271 0.027695742 0.999454975 -0.017963827 -2.337844849 -0.993403792 0.025518734 -0.111792900 85.693321228
-0.105976142 0.021533299 0.994135439 44.460220337 0.027611608 0.999443710 -0.018704845 -2.354494572 -0.993985236 0.025467411 -0.106511757 85.632896423
-0.097909674 0.022033375 0.994951308 44.988273621 0.027712058 0.999427497 -0.019405454 -2.387596130 -0.994809389 0.025672169 -0.098464206 85.572319031
-0.086772613 0.022158192 0.995981634 45.636375427 0.026623264 0.999447107 -0.019915799 -2.397749662 -0.995872319 0.024788138 -0.087314554 85.538978577
-0.072792076 0.022610983 0.997090816 46.172733307 0.026324544 0.999438286 -0.020742409 -2.414237499 -0.996999681 0.024738077 -0.073346391 85.508506775
-0.056219578 0.024012502 0.998129606 46.696510315 0.025024118 0.999430597 -0.022634320 -2.438486338 -0.998104751 0.023704825 -0.056788452 85.500427246
-0.035409950 0.026615230 0.999018431 47.206501007 0.023694405 0.999386728 -0.025785200 -2.459233284 -0.999091864 0.022758095 -0.036018871 85.498817444
-0.010746412 0.029900596 0.999495208 47.742332458 0.021731788 0.999323726 -0.029661816 -2.474497080 -0.999706030 0.021402059 -0.011388943 85.513664246
0.016489692 0.030953415 0.999384761 48.243038177 0.017564237 0.999357522 -0.031242374 -2.513856888 -0.999709785 0.018068610 0.015935414 85.555450439
0.050867755 0.030796712 0.998230457 48.700439453 0.016872013 0.999355316 -0.031691179 -2.525346279 -0.998562813 0.018454218 0.050315361 85.577003479
0.088805705 0.028435791 0.995643020 49.187957764 0.015831973 0.999425888 -0.029955950 -2.545356750 -0.995923042 0.018423256 0.088304520 85.639396667
0.131529927 0.024805019 0.991001785 49.687828064 0.013725246 0.999545515 -0.026840542 -2.562479973 -0.991217136 0.017132077 0.131129667 85.721130371
0.176374584 0.020326365 0.984113216 50.157447815 0.010600809 0.999689579 -0.022547983 -2.587970972 -0.984266043 0.014409288 0.176104337 85.833099365
0.224301666 0.017019132 0.974371195 50.587860107 0.005839112 0.999806106 -0.018807568 -2.607607365 -0.974502265 0.009908032 0.224158794 85.966743469
0.275987327 0.015268432 0.961039960 51.046813965 0.002058179 0.999862134 -0.016476275 -2.628822803 -0.961159050 0.006525234 0.275917828 86.125885010
0.330831349 0.015092464 0.943569243 51.476013184 0.001346171 0.999863505 -0.016464887 -2.641530275 -0.943688989 0.006717305 0.330765873 86.306213379
0.389458776 0.015411681 0.920915008 51.910644531 0.002956034 0.999833941 -0.017982524 -2.658027172 -0.921039104 0.009725708 0.389348507 86.502502441
0.447975457 0.019048890 0.893842876 52.279563904 0.004202012 0.999717116 -0.023411160 -2.668181896 -0.894035995 0.014243564 0.447768688 86.739639282
0.508859277 0.022304742 0.860560656 52.661075592 0.005380840 0.999562442 -0.029089252 -2.681401968 -0.860832930 0.019432874 0.508516550 86.980239868
0.568303525 0.026119784 0.822404265 53.018020630 0.001840059 0.999453247 -0.033014435 -2.697769403 -0.822816968 0.020275496 0.567944705 87.244117737
0.623192668 0.029825248 0.781499267 53.345436096 -0.002629104 0.999346852 -0.036042668 -2.704352140 -0.782063901 0.020406887 0.622864068 87.572143555
0.675129175 0.030810993 0.737055779 53.638412476 -0.004555491 0.999282420 -0.037600055 -2.720312834 -0.737685442 0.022027237 0.674785137 87.903152466
0.724041343 0.029219290 0.689137280 53.914276123 -0.005267971 0.999307394 -0.036835652 -2.735759735 -0.689736426 0.023040187 0.723693907 88.242752075
0.769424915 0.024128478 0.638281226 54.161247253 -0.006050996 0.999516726 -0.030489741 -2.761805058 -0.638708532 0.019597331 0.769199133 88.591911316
0.810502827 0.020510171 0.585375309 54.383888245 -0.007756746 0.999674916 -0.024286363 -2.767950058 -0.585683227 0.015143558 0.810398579 88.976760864
0.847011507 0.018519741 0.531251788 54.589817047 -0.010343278 0.999777913 -0.018361820 -2.776653290 -0.531473935 0.010057787 0.847014844 89.388206482
0.878439963 0.012968747 0.477676809 54.776855469 -0.009539448 0.999908328 -0.009604253 -2.803747177 -0.477757573 0.003879986 0.878483295 89.779342651
0.903874695 0.013291769 0.427590698 54.926528931 -0.012996943 0.999908984 -0.003608478 -2.821488380 -0.427599728 -0.002295760 0.903965294 90.193183899
0.924578011 0.014827998 0.380704194 55.083286285 -0.015985630 0.999872267 -0.000121205 -2.828154564 -0.380657256 -0.005973733 0.924696922 90.625663757
0.940088868 0.020646904 0.340303868 55.218132019 -0.022922287 0.999733627 0.002666965 -2.834119320 -0.340158105 -0.010307726 0.940311790 91.068862915
0.951444805 0.024505449 0.306842595 55.307487488 -0.026265448 0.999653757 0.001607192 -2.836166859 -0.306696922 -0.009588512 0.951758981 91.519134521
0.960894883 0.026432702 0.275648892 55.423248291 -0.027927089 0.999608874 0.001496968 -2.836165905 -0.275501430 -0.009136501 0.961257219 91.934402466
0.966859758 0.021286679 0.254419208 55.502319336 -0.022481138 0.999745667 0.001787751 -2.839572906 -0.254316449 -0.007448139 0.967092395 92.387435913
0.970707297 0.017792018 0.239605695 55.600639343 -0.018866505 0.999819696 0.002191289 -2.842672586 -0.239523515 -0.006647623 0.970867813 92.855026245
0.973821878 0.021404477 0.226302505 55.710483551 -0.022511283 0.999743938 0.002310987 -2.849897146 -0.226195082 -0.007344848 0.974054396 93.328056335
0.975813031 0.027545039 0.216864526 55.792999268 -0.028806252 0.999581456 0.002656057 -2.850356817 -0.216700584 -0.008838871 0.976198077 93.795082092
0.976798356 0.035881177 0.211133853 55.882213593 -0.036879722 0.999319434 0.000792368 -2.845060110 -0.210961729 -0.008560543 0.977456808 94.303543091
0.977509320 0.040900972 0.206888080 55.994785309 -0.041335836 0.999142826 -0.002222219 -2.855665922 -0.206801653 -0.006379651 0.978362083 94.788566589
0.977465034 0.041903168 0.206896961 56.084381104 -0.041794874 0.999114156 -0.004896311 -2.862536192 -0.206918865 -0.003861259 0.978350461 95.284828186
0.977056682 0.040805068 0.209034145 56.203659058 -0.039888237 0.999167085 -0.008601557 -2.870666981 -0.209211022 0.000066205 0.977870524 95.812019348
0.976248682 0.039423760 0.213035911 56.323547363 -0.037071265 0.999199629 -0.015027672 -2.876236916 -0.213457823 0.006773231 0.976928949 96.365852356
0.975404143 0.038913254 0.216961965 56.452926636 -0.035348460 0.999169052 -0.020288777 -2.871894360 -0.217571169 0.012120485 0.975969255 96.919548035
0.974152029 0.044503480 0.221466005 56.560653687 -0.041280985 0.998963773 -0.019160578 -2.896029472 -0.222089246 0.009522982 0.974979877 97.442657471
0.972827196 0.047276620 0.226654068 56.696121216 -0.044928044 0.998869777 -0.015512464 -2.902675867 -0.227131248 0.004907823 0.973851919 98.028503418
0.971726120 0.044183742 0.231940061 56.832191467 -0.042844091 0.999023259 -0.010812555 -2.914451599 -0.232191265 0.000569580 0.972669899 98.630836487
0.971089661 0.039881170 0.235359848 56.996902466 -0.039736520 0.999195755 -0.005359323 -2.924255848 -0.235384271 -0.004147999 0.971893549 99.230499268
0.970056176 0.037265655 0.240004644 57.115219116 -0.038235642 0.999268532 -0.000615317 -2.933969259 -0.239852011 -0.008579840 0.970771551 99.822021484
0.969777465 0.032667518 0.241794243 57.293121338 -0.033683594 0.999432564 0.000068712 -2.943545103 -0.241654813 -0.008211134 0.970327556 100.417755127
0.969609201 0.029862508 0.242829561 57.444808960 -0.030069606 0.999543726 -0.002854330 -2.953189373 -0.242803946 -0.004534205 0.970064759 101.073448181
0.969710529 0.029228162 0.242501870 57.607521057 -0.027645601 0.999568462 -0.009927019 -2.962922096 -0.242687374 0.002922226 0.970100105 101.706794739
0.969923079 0.031674135 0.241342083 57.759883881 -0.028609546 0.999459505 -0.016192626 -2.975627899 -0.241724521 0.008800916 0.970304906 102.335021973
0.970340967 0.034850702 0.239214882 57.899085999 -0.030867858 0.999315679 -0.020377083 -2.977515697 -0.239761367 0.012388667 0.970752776 102.998100281
0.971027017 0.032859724 0.236700296 58.068649292 -0.029958805 0.999425530 -0.015843023 -2.994866848 -0.237084925 0.008292744 0.971453547 103.674240112
0.971453607 0.028993577 0.235451460 58.226463318 -0.027767017 0.999578118 -0.008523939 -3.002413511 -0.235599265 0.001742826 0.971848726 104.340316772
0.971952736 0.029027404 0.233377695 58.380165100 -0.029279089 0.999568343 -0.002386627 -3.019396544 -0.233346269 -0.004513396 0.972383201 105.033294678
0.972426534 0.032043818 0.230997488 58.548217773 -0.032252342 0.999475539 -0.002874444 -3.032143116 -0.230968460 -0.004655023 0.972950041 105.723258972
0.972656608 0.037850913 0.229143009 58.691097260 -0.037213195 0.999282002 -0.007105095 -3.044052124 -0.229247436 -0.001616327 0.973366857 106.415306091
0.973470390 0.039238725 0.225423455 58.842658997 -0.037294921 0.999221265 -0.012876529 -3.044631243 -0.225753188 0.004127768 0.974175751 107.112823486
0.974513173 0.037616029 0.221154153 59.019332886 -0.034950070 0.999261677 -0.015956996 -3.062391281 -0.221591070 0.007820946 0.975108325 107.854042053
0.975544333 0.035026100 0.216993973 59.194454193 -0.032632366 0.999360681 -0.014605881 -3.076022148 -0.217366815 0.007167654 0.976063728 108.598518372
0.976439297 0.031428576 0.213491470 59.365524292 -0.029451570 0.999488890 -0.012435366 -3.091138124 -0.213773206 0.005854720 0.976865768 109.351646423
0.976920485 0.029437903 0.211565405 59.537414551 -0.027972642 0.999559581 -0.009916045 -3.098200798 -0.211764112 0.003769140 0.977313578 110.143463135
0.977317274 0.026253615 0.210146770 59.708724976 -0.025296472 0.999653757 -0.007241839 -3.119278669 -0.210264117 0.001761600 0.977643013 110.902931213
0.977385223 0.021852745 0.210334197 59.864208221 -0.020957351 0.999759257 -0.006485299 -3.125534058 -0.210425287 0.001930588 0.977608025 111.660598755
0.977568746 0.022338301 0.209428400 60.042594910 -0.021827227 0.999750376 -0.004751564 -3.136635303 -0.209482267 0.000073740 0.977812469 112.447540283
0.977236867 0.028023880 0.210292220 60.198371887 -0.027170172 0.999606669 -0.006948255 -3.146484137 -0.210404247 0.001076415 0.977613866 113.274749756
0.977158248 0.033419956 0.209868401 60.381599426 -0.031908341 0.999434590 -0.010585500 -3.154774189 -0.210103542 0.003647158 0.977672338 114.074562073
0.976521194 0.042257410 0.211235926 60.521804810 -0.040572528 0.999100804 -0.012306033 -3.164105415 -0.211566031 0.003446727 0.977357626 114.852180481
0.975512624 0.047466371 0.214760184 60.668876648 -0.046158254 0.998872280 -0.011104880 -3.192002296 -0.215045139 0.000919997 0.976603687 115.658798218
0.974618256 0.050881770 0.218014374 60.836406708 -0.050197568 0.998701572 -0.008679404 -3.217257977 -0.218172923 -0.002484686 0.975906968 116.467620850
0.973980486 0.051108066 0.220793948 61.015510559 -0.050226245 0.998691678 -0.009609914 -3.231146336 -0.220996216 -0.001729781 0.975273132 117.284873962
0.973512650 0.049558327 0.223197475 61.190063477 -0.047812022 0.998768747 -0.013224616 -3.233788490 -0.223578081 0.002202808 0.974683642 118.128845215
0.973614275 0.043659560 0.223984584 61.386947632 -0.042174798 0.999045134 -0.011410976 -3.262457371 -0.224268898 0.001663384 0.974525869 118.902374268
0.973774374 0.037255783 0.224444747 61.572891235 -0.035273552 0.999295294 -0.012836298 -3.287155628 -0.224764809 0.004582694 0.974402249 119.701469421
0.973447502 0.037281659 0.225853845 61.762924194 -0.035249926 0.999293685 -0.013023326 -3.307089329 -0.226179808 0.004716192 0.974074125 120.535125732
0.973185062 0.039374381 0.226628289 61.956024170 -0.038109772 0.999223948 -0.009954486 -3.318640709 -0.226844400 0.001050807 0.973930359 121.303298950
0.972725570 0.041545108 0.228208005 62.133300781 -0.041625254 0.999123275 -0.004464055 -3.331616402 -0.228193372 -0.005156914 0.973602116 122.109161377
0.972498000 0.044795018 0.228563219 62.331947327 -0.046091475 0.998937190 0.000334490 -3.354397535 -0.228305295 -0.010860104 0.973528981 122.926719666
0.972361505 0.044266552 0.229245380 62.525287628 -0.044015866 0.999011576 -0.006209305 -3.371350765 -0.229293674 -0.004052745 0.973348796 123.737457275
0.972432971 0.040356427 0.229663804 62.685523987 -0.036562648 0.999115884 -0.020752151 -3.391676426 -0.230298221 0.011782959 0.973048747 124.492340088
