1 -1.17944e-19 -2.31015e-20 1.38778e-17 -1.05849e-18 1 3.3944e-19 0 2.94222e-20 8.31989e-20 1 -5.55112e-17
0.999051 8.9402e-05 0.0435499 -0.00637206 1.1694e-05 0.999997 -0.00232112 -0.00178781 -0.04355 0.00231943 0.999049 0.487991
0.996123 -0.00329066 0.0879142 0.0491749 0.00393682 0.999966 -0.00717748 -0.0188018 -0.0878876 0.00749575 0.996102 1.29122
0.990955 -0.00351524 0.13415 0.172713 0.00505547 0.999925 -0.0111425 -0.0533055 -0.134101 0.0117199 0.990898 2.2548
0.983438 -0.00217495 0.181231 0.352317 0.0048391 0.999887 -0.0142594 -0.0745507 -0.18118 0.0149002 0.983337 3.28337
0.973908 -0.00456142 0.226898 0.596116 0.0080208 0.999865 -0.0143267 -0.114872 -0.226802 0.0157728 0.973813 4.2783
0.961997 -0.00556531 0.273004 0.861345 0.0103674 0.999816 -0.0161504 -0.144195 -0.272864 0.018367 0.961877 5.26038
0.948494 -0.00837676 0.316685 1.1737 0.0152614 0.999698 -0.0192655 -0.177852 -0.316428 0.0231063 0.948335 6.21535
0.933083 -0.00975739 0.35953 1.51469 0.0186056 0.999603 -0.0211583 -0.232059 -0.359181 0.0264317 0.932894 7.11145
0.915458 -0.00998981 0.402289 1.90919 0.0205768 0.999546 -0.0220039 -0.2606 -0.401886 0.0284215 0.915248 8.02215
0.896143 -0.0109173 0.443632 2.35294 0.0225437 0.999527 -0.0209414 -0.299256 -0.443193 0.0287676 0.895964 8.89535
0.87429 -0.0105528 0.485289 2.81487 0.023219 0.999528 -0.020096 -0.34462 -0.484848 0.0288377 0.874123 9.7479
0.84999 -0.0107193 0.52669 3.33957 0.0247298 0.999503 -0.0195678 -0.376999 -0.526219 0.0296574 0.849832 10.584
0.823878 -0.0108085 0.566664 3.87063 0.0264331 0.999463 -0.0193677 -0.413102 -0.56615 0.0309353 0.823722 11.3713
0.796785 -0.0124559 0.604134 4.4542 0.029891 0.999376 -0.0188179 -0.460685 -0.603523 0.033052 0.79666 12.1334
0.767867 -0.0120109 0.640496 5.08064 0.0319134 0.9993 -0.0195205 -0.490071 -0.639813 0.0354296 0.767713 12.8967
0.737183 -0.0147536 0.675532 5.73236 0.0368964 0.999149 -0.0184424 -0.530125 -0.674685 0.0385202 0.7371 13.6104
0.705442 -0.0138787 0.708631 6.41436 0.0376361 0.999131 -0.0178985 -0.570545 -0.707767 0.0392965 0.705352 14.2736
0.671406 -0.01314 0.740973 7.12116 0.0398959 0.999034 -0.0184339 -0.599684 -0.740015 0.0419384 0.671281 14.9126
0.635759 -0.0136402 0.771767 7.86463 0.0439736 0.99886 -0.0185703 -0.639012 -0.770634 0.0457436 0.635634 15.5132
0.599448 -0.0126045 0.800314 8.6257 0.0455371 0.998794 -0.0183776 -0.67686 -0.799117 0.0474604 0.599299 16.09
0.562072 -0.0113476 0.82701 9.40554 0.0486795 0.998626 -0.0193824 -0.720566 -0.825654 0.0511528 0.561853 16.6156
0.523979 -0.00974809 0.851676 10.2149 0.0533433 0.998347 -0.0213917 -0.761239 -0.850059 0.05664 0.523633 17.09
0.484638 -0.00868727 0.874672 11.0481 0.0561092 0.9982 -0.0211748 -0.786958 -0.872913 0.0593393 0.484253 17.5655
0.446165 -0.0103544 0.894891 11.9011 0.0612995 0.997938 -0.0190154 -0.8195 -0.892849 0.0633404 0.44588 17.9736
0.408572 -0.0104893 0.912666 12.7923 0.0656666 0.997681 -0.0179305 -0.855369 -0.910361 0.0672575 0.408313 18.3669
0.373992 -0.00802161 0.927397 13.7092 0.0673427 0.997558 -0.0185289 -0.889846 -0.924984 0.0693831 0.373619 18.7243
0.340794 -0.00852749 0.940099 14.6053 0.0686728 0.997513 -0.0158462 -0.915946 -0.937626 0.0699596 0.340532 19.0392
0.306962 -0.00982912 0.951671 15.5408 0.0712428 0.997378 -0.0126782 -0.936541 -0.949051 0.0716914 0.306858 19.3367
0.274077 -0.00979102 0.961658 16.4966 0.0724944 0.997313 -0.0105072 -0.967402 -0.958971 0.0725946 0.27405 19.5985
0.241145 -0.0068041 0.970465 17.4564 0.0702504 0.997475 -0.0104626 -0.995722 -0.967943 0.0706986 0.241014 19.8542
0.210526 -0.00508106 0.977575 18.4281 0.0704746 0.997464 -0.00999266 -1.01508 -0.975045 0.0709979 0.21035 20.0663
0.179925 -0.00447901 0.98367 19.4343 0.0723105 0.997344 -0.00868519 -1.03449 -0.981019 0.0726924 0.179771 20.2389
0.149513 -0.0044678 0.98875 20.4358 0.0740914 0.997229 -0.00669756 -1.05562 -0.98598 0.0742592 0.14943 20.3836
0.118416 -0.00490603 0.992952 21.4906 0.0735294 0.997286 -0.0038414 -1.07579 -0.990238 0.073466 0.118455 20.5198
0.0886851 -0.00494216 0.996048 22.5293 0.0742043 0.997242 -0.00165884 -1.08943 -0.993292 0.0740581 0.0888072 20.6227
0.0620453 -0.00450472 0.998063 23.5951 0.0768349 0.997044 -0.000276378 -1.10069 -0.995111 0.0767032 0.062208 20.6847
0.0364101 -0.00391053 0.999329 24.6608 0.0809799 0.996715 0.000949836 -1.11509 -0.99605 0.080891 0.0366072 20.7152
0.0136526 -0.00351117 0.999901 25.753 0.0856489 0.996323 0.00232916 -1.12391 -0.996232 0.0856086 0.0139031 20.7201
-0.00676031 -0.00361113 0.999971 26.8688 0.0912481 0.995819 0.00421302 -1.13951 -0.995805 0.0912739 -0.00640253 20.7082
-0.0240555 -0.00388831 0.999703 27.9629 0.0958916 0.995373 0.00617887 -1.14559 -0.995101 0.0960117 -0.0235713 20.6774
-0.0392609 -0.00342365 0.999223 29.0959 0.0989275 0.995068 0.00729641 -1.14611 -0.99432 0.0991371 -0.0387285 20.6285
-0.0539537 -0.00394757 0.998536 30.231 0.101335 0.994808 0.00940828 -1.1515 -0.993388 0.101695 -0.0532736 20.5717
-0.0671501 -0.00507384 0.99773 31.3699 0.101826 0.994731 0.0119117 -1.15603 -0.992533 0.102394 -0.0662796 20.4931
-0.0792694 -0.0045687 0.996843 32.5211 0.101972 0.994707 0.0126678 -1.15862 -0.991624 0.102655 -0.0783839 20.4027
-0.0898321 -0.00190875 0.995955 33.6716 0.101998 0.994723 0.0111063 -1.16113 -0.99072 0.102584 -0.0891633 20.3024
-0.100145 0.00180687 0.994971 34.8319 0.102403 0.994707 0.00850054 -1.15991 -0.989689 0.102739 -0.0997995 20.1823
-0.109334 0.0040354 0.993997 36.0138 0.103089 0.994645 0.00730117 -1.16327 -0.988645 0.103268 -0.109165 20.0521
-0.11662 0.00536594 0.993162 37.2439 0.103085 0.99465 0.00673059 -1.16242 -0.987812 0.103165 -0.116549 19.9057
-0.123578 0.00617515 0.992316 38.4769 0.103016 0.994657 0.00663942 -1.16349 -0.986973 0.103045 -0.123554 19.7581
-0.12802 0.0075607 0.991743 39.7485 0.103559 0.994607 0.0057854 -1.16613 -0.98635 0.103444 -0.128112 19.5882
-0.131399 0.00943307 0.991285 41.0156 0.103047 0.994668 0.00419404 -1.16868 -0.985959 0.1027 -0.13167 19.4159
-0.136877 0.0103092 0.990534 42.3231 0.103256 0.994647 0.00391654 -1.17711 -0.985192 0.102815 -0.137209 19.2383
-0.139551 0.00960806 0.990168 43.6533 0.103273 0.994641 0.00490347 -1.18411 -0.984815 0.102942 -0.139795 19.056
-0.142232 0.00753455 0.989805 44.9784 0.103952 0.994555 0.0073669 -1.18716 -0.98436 0.10394 -0.14224 18.8681
-0.144179 0.00642324 0.989531 46.3441 0.104385 0.994498 0.0087539 -1.19137 -0.984031 0.104555 -0.144056 18.6739
-0.145549 0.0071196 0.989326 47.7455 0.105539 0.99438 0.00837075 -1.18936 -0.983706 0.10563 -0.145482 18.4583
-0.147769 0.00743783 0.988994 49.1395 0.106487 0.994278 0.00843306 -1.18066 -0.983272 0.106561 -0.147715 18.263
-0.147411 0.0084677 0.989039 50.5872 0.107267 0.994202 0.00747568 -1.18034 -0.983241 0.107193 -0.147465 18.0397
-0.149316 0.00919118 0.988747 52.0073 0.107615 0.994168 0.00700995 -1.17772 -0.982916 0.10745 -0.149435 17.8607
-0.148666 0.010443 0.988832 53.4687 0.107125 0.99423 0.00560564 -1.18564 -0.983068 0.106762 -0.148927 17.6322
-0.147013 0.00996508 0.989084 54.9391 0.107172 0.994223 0.00591268 -1.19364 -0.983311 0.106871 -0.147232 17.4109
-0.146081 0.00921211 0.98923 56.4472 0.107299 0.994205 0.00658657 -1.19318 -0.983436 0.107106 -0.146223 17.1918
-0.145218 0.0099481 0.98935 57.9775 0.107671 0.99417 0.00580752 -1.1984 -0.983524 0.107368 -0.145442 16.979
-0.14411 0.0107056 0.989504 59.513 0.10756 0.994186 0.00490862 -1.1974 -0.983699 0.107138 -0.144424 16.7466
-0.143495 0.0110081 0.98959 61.0929 0.108315 0.994106 0.0046478 -1.20528 -0.983706 0.107854 -0.143842 16.5196
-0.142299 0.0107235 0.989766 62.6748 0.108121 0.994126 0.00477388 -1.21409 -0.983901 0.107694 -0.142622 16.2874
-0.141174 0.00919859 0.989942 64.2986 0.109113 0.994009 0.00632406 -1.21715 -0.983953 0.108909 -0.141332 16.0562
-0.140648 0.007691 0.99003 65.9265 0.111563 0.993724 0.00812939 -1.21441 -0.983754 0.111594 -0.140623 15.824
-0.139092 0.00845481 0.990243 67.5854 0.113563 0.993503 0.00746869 -1.21976 -0.983746 0.113494 -0.139149 15.5795
-0.138398 0.00990134 0.990327 69.2202 0.114227 0.993436 0.00603074 -1.23238 -0.983767 0.113957 -0.13862 15.3502
-0.138022 0.00954077 0.990383 70.894 0.113776 0.993487 0.00628539 -1.24059 -0.983872 0.113549 -0.138208 15.126
-0.137419 0.00972243 0.990465 72.5729 0.114125 0.993448 0.00608227 -1.24711 -0.983916 0.113873 -0.137628 14.8851
-0.137036 0.00890398 0.990526 74.2997 0.114296 0.993423 0.00688244 -1.24957 -0.98395 0.114156 -0.137153 14.6484
-0.136943 0.00898814 0.990538 76.0064 0.115308 0.993306 0.00692821 -1.25593 -0.983845 0.115166 -0.137063 14.4158
-0.137537 0.00889077 0.990457 77.7346 0.116375 0.993179 0.00724492 -1.26084 -0.983636 0.116261 -0.137634 14.1818
-0.13728 0.00979464 0.990484 79.4722 0.116866 0.993127 0.00637673 -1.26953 -0.983614 0.116629 -0.137481 13.9348
-0.138242 0.0104209 0.990344 81.2166 0.116107 0.99322 0.00575617 -1.2775 -0.983569 0.115781 -0.138515 13.6985
-0.139291 0.0111004 0.990189 82.9914 0.115589 0.993284 0.00512496 -1.28811 -0.983482 0.115169 -0.139638 13.4508
-0.13962 0.011549 0.990138 84.7792 0.114925 0.993363 0.00461895 -1.30026 -0.983513 0.114436 -0.140021 13.196
-0.141397 0.0110484 0.989891 86.5765 0.114234 0.99344 0.00522933 -1.30881 -0.98334 0.113819 -0.141732 12.9611
-0.141835 0.0105183 0.989835 88.3964 0.114041 0.993459 0.00578418 -1.32174 -0.983299 0.113702 -0.142107 12.7015
-0.143102 0.00947171 0.989663 90.2406 0.111473 0.993746 0.00660785 -1.32663 -0.98341 0.111266 -0.143263 12.445
-0.144595 0.010142 0.989439 92.0862 0.111726 0.99372 0.00614152 -1.33948 -0.983163 0.111434 -0.14482 12.1773
-0.14736 0.0110572 0.989021 93.936 0.110208 0.993894 0.00530882 -1.34391 -0.982924 0.10978 -0.147679 11.9053
-0.150958 0.0118352 0.988469 95.801 0.111123 0.993794 0.00507165 -1.35827 -0.982275 0.110607 -0.151336 11.6242
-0.156471 0.0109763 0.987622 97.6759 0.109308 0.993988 0.00627082 -1.37106 -0.981615 0.108936 -0.15673 11.3494
-0.161015 0.0105706 0.986895 99.5957 0.107837 0.994144 0.00694556 -1.37598 -0.981043 0.107542 -0.161212 11.0442
-0.165061 0.0111223 0.986221 101.492 0.106979 0.994239 0.0066921 -1.38628 -0.980464 0.10661 -0.1653 10.7312
-0.169018 0.0126195 0.985532 103.412 0.106781 0.994267 0.00558159 -1.40633 -0.979811 0.10618 -0.169397 10.4109
-0.173421 0.0141845 0.984746 105.32 0.10683 0.994267 0.00449186 -1.42539 -0.979037 0.10598 -0.173942 10.0866
-0.178553 0.014757 0.98382 107.253 0.105662 0.994393 0.00426091 -1.43637 -0.97824 0.104713 -0.179111 9.75007
-0.183998 0.0141494 0.982825 109.202 0.103615 0.994605 0.00507916 -1.45229 -0.97745 0.10277 -0.184471 9.3962
-0.191398 0.0137128 0.981417 111.135 0.101484 0.99482 0.00589165 -1.46628 -0.976252 0.100726 -0.191798 9.06396
-0.196408 0.0125814 0.980442 113.08 0.101392 0.994818 0.00754556 -1.49026 -0.975266 0.100891 -0.196666 8.68235
-0.202156 0.0128439 0.979269 115.041 0.10121 0.994834 0.00784544 -1.49097 -0.974109 0.100698 -0.202412 8.28235
-0.207447 0.0146059 0.978137 117.011 0.101985 0.994763 0.00677514 -1.50634 -0.972916 0.101161 -0.20785 7.87237
-0.213716 0.0158987 0.976767 118.992 0.101368 0.994831 0.00598654 -1.51429 -0.971622 0.100292 -0.214223 7.46395
-0.219618 0.0156185 0.975461 120.978 0.102241 0.994734 0.00709173 -1.53616 -0.970214 0.10129 -0.220058 7.03222
-0.223806 0.0157557 0.974506 122.947 0.101867 0.994771 0.00731147 -1.54723 -0.969295 0.100906 -0.224241 6.58859
-0.229513 0.0164417 0.973167 124.945 0.101438 0.994816 0.00711572 -1.55834 -0.968005 0.100349 -0.229991 6.12999
-0.2349 0.0166393 0.971877 126.933 0.100029 0.994959 0.0071423 -1.56983 -0.966859 0.0988939 -0.23538 5.66582
-0.239715 0.0155139 0.970719 128.957 0.101375 0.994806 0.00913525 -1.57974 -0.965536 0.100596 -0.240042 5.16753
-0.244096 0.0152279 0.969632 130.984 0.103399 0.994586 0.0104098 -1.59068 -0.964223 0.1028 -0.244348 4.67538
-0.24683 0.0162361 0.968923 133.011 0.104894 0.994433 0.0100578 -1.59523 -0.963365 0.104117 -0.247159 4.15848
-0.249524 0.0168283 0.968222 135.058 0.104764 0.99445 0.00971503 -1.59665 -0.962685 0.103859 -0.249902 3.62634
-0.253693 0.0168548 0.967138 137.091 0.104265 0.994499 0.0100184 -1.60128 -0.961649 0.10338 -0.254055 3.11641
-0.256534 0.0173899 0.966379 139.131 0.10338 0.994596 0.00954529 -1.60748 -0.960991 0.102353 -0.256945 2.57839
-0.261299 0.0174373 0.965101 141.158 0.1015 0.99479 0.00950707 -1.61887 -0.959907 0.100442 -0.261707 2.04002
-0.265365 0.0175976 0.963987 143.192 0.101115 0.994828 0.00967425 -1.62526 -0.958831 0.100041 -0.265772 1.49414
-0.270701 0.0178282 0.962498 145.238 0.101442 0.99479 0.0101039 -1.63588 -0.957304 0.100372 -0.271099 0.938198
-0.275338 0.0183706 0.961172 147.302 0.101128 0.994824 0.00995549 -1.64095 -0.956014 0.099943 -0.27577 0.356008
-0.27993 0.0186685 0.959839 149.37 0.100593 0.994878 0.00998731 -1.64945 -0.954736 0.099349 -0.280374 -0.227931
-0.284164 0.0180073 0.958607 151.456 0.100406 0.994885 0.0110751 -1.65434 -0.953504 0.0993973 -0.284518 -0.828052
-0.288183 0.0183009 0.9574 153.536 0.101349 0.994785 0.0114912 -1.66389 -0.952197 0.100343 -0.288535 -1.44584
-0.292515 0.0187092 0.956078 155.648 0.102094 0.994705 0.0117708 -1.67062 -0.950795 0.101053 -0.292876 -2.08626
-0.296591 0.0198653 0.954798 157.753 0.102305 0.994691 0.011084 -1.67067 -0.949509 0.100968 -0.297049 -2.72936
-0.301015 0.0213218 0.953381 159.84 0.102228 0.99471 0.0100309 -1.68249 -0.948124 0.100482 -0.301603 -3.35928
-0.304168 0.0226126 0.95235 161.961 0.103141 0.994623 0.00932559 -1.6882 -0.947018 0.101063 -0.304865 -4.02418
-0.305981 0.0232884 0.951753 164.066 0.102771 0.994667 0.00870153 -1.69935 -0.946474 0.100475 -0.306742 -4.69476
-0.309976 0.0228979 0.950469 166.175 0.102806 0.994655 0.00956588 -1.71162 -0.945169 0.100679 -0.310674 -5.37718
-0.313297 0.0233646 0.949368 168.294 0.102791 0.994658 0.00944238 -1.72012 -0.944076 0.100545 -0.314025 -6.06407
-0.316517 0.0241431 0.948279 170.417 0.103895 0.994544 0.00935723 -1.72217 -0.94288 0.101484 -0.317299 -6.77159
-0.319588 0.0240018 0.947253 172.534 0.106165 0.994292 0.0106248 -1.73649 -0.94159 0.103961 -0.320312 -7.48454
-0.322182 0.0239098 0.946376 174.695 0.107264 0.994165 0.0113997 -1.73748 -0.940581 0.105185 -0.322867 -8.22415
-0.324488 0.0235259 0.945597 176.826 0.107255 0.994158 0.0120711 -1.74044 -0.939789 0.105337 -0.325115 -8.94539
-0.327193 0.0240179 0.944652 178.976 0.106136 0.994285 0.0114816 -1.74474 -0.938978 0.104018 -0.327872 -9.67799
-0.330567 0.0258371 0.943429 181.122 0.105435 0.994379 0.00971081 -1.7463 -0.937875 0.10268 -0.331433 -10.4145
-0.33339 0.027456 0.942389 183.275 0.104699 0.994471 0.00806588 -1.76024 -0.936958 0.101356 -0.334421 -11.1681
-0.335989 0.0281497 0.941445 185.435 0.10356 0.994597 0.0072202 -1.77073 -0.936155 0.0999219 -0.337089 -11.9299
-0.338627 0.0284747 0.94049 187.605 0.102309 0.99473 0.00671977 -1.79121 -0.935342 0.0984957 -0.339756 -12.7087
-0.342685 0.0290693 0.939001 189.797 0.102836 0.994675 0.00673685 -1.80431 -0.933805 0.0988721 -0.343849 -13.4974
-0.34789 0.0280206 0.937117 192.02 0.102389 0.99471 0.00826753 -1.82521 -0.931928 0.0988265 -0.348919 -14.2888
-0.351276 0.0274584 0.935869 194.211 0.10232 0.994709 0.0092208 -1.83117 -0.930664 0.0989972 -0.352227 -15.1126
-0.355043 0.0271184 0.934457 196.39 0.102668 0.994664 0.0101426 -1.84633 -0.929195 0.0995397 -0.355932 -15.9244
-0.357812 0.0273644 0.933393 198.559 0.101423 0.994796 0.00971557 -1.84868 -0.928269 0.0981442 -0.358725 -16.7544
-0.361593 0.0281863 0.93191 200.734 0.100629 0.994884 0.00895438 -1.85646 -0.926889 0.097015 -0.36258 -17.5894
-0.364254 0.0280887 0.930876 202.93 0.100329 0.994911 0.00923811 -1.87299 -0.92588 0.0967591 -0.365219 -18.4444
-0.36775 0.0290014 0.929473 205.126 0.101383 0.994806 0.00907251 -1.89047 -0.924382 0.0975688 -0.36878 -19.2961
-0.3699 0.0291619 0.928614 207.312 0.1027 0.994665 0.00967284 -1.89902 -0.923378 0.0989465 -0.370921 -20.1694
-0.371784 0.0284962 0.927882 209.507 0.104086 0.994506 0.0111629 -1.91251 -0.922466 0.10073 -0.372707 -21.0549
-0.374125 0.0287775 0.926932 211.688 0.104887 0.994418 0.0114616 -1.92205 -0.921428 0.101511 -0.375055 -21.9262
-0.376104 0.0294875 0.926108 213.883 0.104499 0.994467 0.0107744 -1.93208 -0.920666 0.10083 -0.377104 -22.8169
-0.378826 0.0298117 0.924988 216.098 0.103923 0.99453 0.0105084 -1.93768 -0.919615 0.100109 -0.379851 -23.7145
-0.381683 0.0308701 0.923777 218.291 0.103523 0.994581 0.00953718 -1.95155 -0.918477 0.0992724 -0.382811 -24.6239
-0.384591 0.0319783 0.922533 220.481 0.103092 0.994635 0.00849994 -1.9681 -0.917312 0.0983749 -0.385824 -25.5291
-0.38699 0.0319226 0.921531 222.679 0.101186 0.994835 0.00803038 -1.98762 -0.916515 0.0963537 -0.388221 -26.4372
-0.389796 0.0328145 0.920317 224.894 0.101786 0.994777 0.00764152 -2.00148 -0.915259 0.0966539 -0.3911 -27.385
-0.391606 0.0323563 0.919564 227.089 0.103628 0.994574 0.00913559 -2.02778 -0.914279 0.0988704 -0.392835 -28.3216
-0.394546 0.0313613 0.918341 229.276 0.103844 0.994537 0.010651 -2.03551 -0.912989 0.0995666 -0.395647 -29.2562
-0.397481 0.0308743 0.917091 231.471 0.103124 0.994605 0.0112116 -2.04697 -0.911797 0.0990305 -0.39852 -30.2035
-0.400754 0.0313125 0.915651 233.671 0.102039 0.994723 0.010643 -2.05781 -0.910486 0.0976971 -0.401835 -31.1476
-0.403657 0.0304198 0.914405 235.858 0.100246 0.9949 0.0111551 -2.0671 -0.909402 0.096168 -0.404648 -32.1168
-0.407356 0.030007 0.912776 238.062 0.0993438 0.994985 0.0116258 -2.07371 -0.90785 0.0954145 -0.408294 -33.083
-0.411349 0.0298844 0.910988 240.237 0.0986547 0.995051 0.0119047 -2.0868 -0.906123 0.0947702 -0.412261 -34.057
-0.413861 0.0295737 0.90986 242.416 0.0977234 0.99514 0.0121051 -2.09259 -0.90508 0.0939244 -0.41474 -35.0476
-0.418635 0.0290196 0.907691 244.616 0.0967927 0.995222 0.0128236 -2.10433 -0.902982 0.0932262 -0.419443 -36.0365
-0.423334 0.0287734 0.905517 246.789 0.0957347 0.99532 0.0131296 -2.11324 -0.900901 0.0922476 -0.424108 -37.0256
-0.426898 0.0294043 0.903822 248.936 0.0958948 0.995308 0.0129129 -2.11907 -0.899201 0.0921843 -0.427714 -38.0367
-0.43065 0.0300737 0.902018 251.097 0.0964014 0.99526 0.0128424 -2.12442 -0.897356 0.0924864 -0.431508 -39.0627
-0.434624 0.0299704 0.900113 253.243 0.0960979 0.995284 0.0132622 -2.13283 -0.89547 0.092263 -0.435454 -40.09
-0.438537 0.0301176 0.898208 255.388 0.0950569 0.995387 0.0130341 -2.14263 -0.893672 0.0910968 -0.439377 -41.1284
-0.442436 0.0305655 0.896279 257.541 0.0952281 0.99537 0.0130633 -2.13921 -0.89173 0.0911306 -0.443298 -42.1798
-0.445495 0.0310814 0.894745 259.685 0.0959137 0.995302 0.0131811 -2.14112 -0.890132 0.0916904 -0.446384 -43.2337
-0.449049 0.0320861 0.892931 261.85 0.0973155 0.995166 0.0131796 -2.14966 -0.888192 0.0928143 -0.450001 -44.3209
-0.452021 0.0340186 0.891358 264.006 0.0990652 0.995005 0.0122632 -2.15324 -0.886489 0.0938458 -0.453133 -45.4101
-0.455247 0.0347599 0.889686 266.143 0.100213 0.994889 0.0124081 -2.15728 -0.884708 0.0948066 -0.456403 -46.4982
-0.45861 0.0366874 0.88788 268.287 0.101808 0.994738 0.0114834 -2.16223 -0.882786 0.0956597 -0.459932 -47.5889
-0.461424 0.0393046 0.886309 270.435 0.103852 0.994543 0.00996231 -2.1693 -0.88108 0.0966418 -0.462988 -48.6968
-0.464351 0.0400295 0.884746 272.584 0.104789 0.994444 0.0100049 -2.16737 -0.87943 0.0973573 -0.465966 -49.8251
-0.467452 0.0407918 0.883077 274.719 0.104806 0.994447 0.00954214 -2.17382 -0.877784 0.097012 -0.469132 -50.9515
-0.471404 0.0408707 0.88097 276.891 0.104242 0.994505 0.00964157 -2.17414 -0.875735 0.0963789 -0.473075 -52.0891
-0.475031 0.0422756 0.878953 279.079 0.104767 0.994458 0.00879052 -2.17168 -0.87371 0.0962614 -0.476827 -53.2623
-0.478644 0.0425107 0.876979 281.248 0.104223 0.994516 0.00867547 -2.18204 -0.871801 0.0955541 -0.48045 -54.4366
-0.481123 0.0426724 0.875614 283.434 0.102996 0.994649 0.00811997 -2.18217 -0.870581 0.0940918 -0.482944 -55.6227
-0.484058 0.042939 0.873982 285.631 0.104258 0.994511 0.00888326 -2.19061 -0.868803 0.0954199 -0.485878 -56.8266
-0.486077 0.0427914 0.872868 287.821 0.105509 0.994368 0.0100074 -2.19529 -0.867523 0.0969598 -0.487855 -58.044
-0.488576 0.0428966 0.871466 290.012 0.106338 0.994273 0.0106753 -2.19589 -0.866017 0.0978856 -0.490339 -59.2668
-0.490286 0.0424833 0.870526 292.228 0.106357 0.994263 0.0113793 -2.19499 -0.865048 0.098166 -0.491992 -60.5137
-0.492326 0.0420895 0.869393 294.438 0.106175 0.994275 0.01199 -2.18988 -0.863911 0.0982105 -0.493977 -61.7463
-0.494477 0.0424471 0.868154 296.661 0.107143 0.994166 0.0124174 -2.18124 -0.862562 0.0991565 -0.49614 -62.9997
-0.496912 0.0419111 0.866789 298.895 0.10742 0.994122 0.0135137 -2.18273 -0.861127 0.0998257 -0.498493 -64.2678
-0.498415 0.0427671 0.865883 301.115 0.107335 0.994142 0.0126817 -2.17949 -0.860268 0.0992606 -0.500086 -65.5389
-0.501364 0.0445889 0.864087 303.334 0.105927 0.994322 0.0101523 -2.17579 -0.858728 0.0966205 -0.503241 -66.8114
-0.504828 0.0440181 0.862097 305.589 0.104475 0.994473 0.0104014 -2.17702 -0.856874 0.0953182 -0.506637 -68.1148
-0.508521 0.0424258 0.860004 307.833 0.102449 0.994672 0.0115091 -2.17446 -0.854933 0.0939596 -0.510158 -69.4212
-0.513109 0.0403572 0.857374 310.083 0.100221 0.994878 0.0131493 -2.1702 -0.852452 0.092674 -0.514526 -70.7359
-0.518418 0.0389763 0.854239 312.336 0.0992493 0.994952 0.0148355 -2.1645 -0.849348 0.0924736 -0.519669 -72.0855
-0.523536 0.0387656 0.851121 314.596 0.0991503 0.994949 0.0156723 -2.15459 -0.846214 0.0925939 -0.524736 -73.4474
-0.527782 0.0402404 0.848426 316.853 0.101095 0.994753 0.0157077 -2.14396 -0.843342 0.0940617 -0.529081 -74.8249
-0.531479 0.0415538 0.846052 319.105 0.102382 0.994625 0.015464 -2.13443 -0.840862 0.0948391 -0.532876 -76.226
-0.534989 0.0409169 0.843867 321.361 0.102651 0.994575 0.0168535 -2.12667 -0.838599 0.09564 -0.536287 -77.637
-0.539208 0.0394882 0.841246 323.584 0.103108 0.994481 0.0194075 -2.11621 -0.835837 0.0972039 -0.540303 -79.0492
-0.543491 0.0382606 0.838543 325.834 0.102198 0.994545 0.0208597 -2.10068 -0.83317 0.0970345 -0.544437 -80.4881
-0.546936 0.0378468 0.836319 328.1 0.101394 0.994618 0.0212995 -2.09223 -0.831011 0.0964475 -0.54783 -81.9496
-0.550679 0.0378546 0.833859 330.333 0.100874 0.994668 0.0214623 -2.06488 -0.8286 0.0959337 -0.551561 -83.4071
-0.554011 0.0378229 0.83165 332.545 0.102466 0.99447 0.0230304 -2.05172 -0.82618 0.0979746 -0.554823 -84.876
-0.558452 0.0375042 0.828688 334.768 0.102834 0.994402 0.024296 -2.03051 -0.823138 0.0987856 -0.559183 -86.3442
-0.562172 0.0359933 0.826237 336.99 0.101089 0.994552 0.0254553 -2.00909 -0.820819 0.0978336 -0.562748 -87.8373
-0.566839 0.0357291 0.823054 339.21 0.10098 0.994539 0.0263721 -1.97387 -0.817616 0.098061 -0.567351 -89.3179
-0.568863 0.0348636 0.821693 341.395 0.101254 0.994469 0.0279045 -1.94574 -0.816176 0.0990737 -0.569246 -90.8329
-0.571608 0.0336517 0.819837 343.616 0.0987315 0.99472 0.0280076 -1.91751 -0.814565 0.096953 -0.571912 -92.3698
-0.574643 0.0326874 0.817751 345.818 0.0951961 0.995089 0.0271193 -1.88402 -0.812849 0.0934306 -0.574932 -93.887
-0.578129 0.031409 0.815341 348.022 0.09103 0.995504 0.0261967 -1.85242 -0.810852 0.0893656 -0.578389 -95.4162
-0.580774 0.0288785 0.813552 350.212 0.0884368 0.995694 0.0277889 -1.82186 -0.809247 0.0880871 -0.580827 -96.9637
-0.584382 0.0286445 0.810973 352.389 0.0897207 0.99553 0.0294888 -1.78037 -0.806504 0.0899938 -0.58434 -98.5037
-0.587412 0.0292105 0.808761 354.586 0.0901805 0.995487 0.0295444 -1.74398 -0.804248 0.0902892 -0.587395 -100.079
-0.589974 0.0275729 0.806952 356.781 0.0870904 0.995759 0.0296488 -1.70629 -0.802712 0.0877698 -0.589873 -101.672
-0.593518 0.0242751 0.804455 358.951 0.0852715 0.995816 0.0328629 -1.66358 -0.800291 0.0881018 -0.593104 -103.253
-0.596715 0.0218747 0.802155 361.118 0.0838328 0.995858 0.0352054 -1.62131 -0.798062 0.0882545 -0.596077 -104.838
-0.59812 0.02114 0.801128 363.27 0.0821598 0.996002 0.0350579 -1.55982 -0.797184 0.0867893 -0.597466 -106.434
-0.601689 0.0214037 0.798444 365.446 0.081817 0.996034 0.0349549 -1.51071 -0.794529 0.0863582 -0.601054 -108.027
-0.604341 0.0212366 0.796443 367.614 0.0818577 0.99601 0.0355557 -1.45889 -0.79251 0.0866827 -0.603667 -109.646
-0.607521 0.0211904 0.794021 369.782 0.0814898 0.996032 0.0357679 -1.39858 -0.790112 0.0864343 -0.606838 -111.262
-0.61043 0.0195343 0.791829 371.891 0.0792181 0.996189 0.0364943 -1.36285 -0.788099 0.0850045 -0.609651 -112.874
-0.613753 0.0166817 0.789322 374.015 0.0703961 0.996951 0.0336681 -1.31953 -0.786354 0.0762291 -0.613056 -114.486
-0.617269 0.0186194 0.786532 376.142 0.0620385 0.997759 0.025068 -1.27147 -0.784302 0.0642689 -0.617041 -116.094
-0.619318 0.0282377 0.784632 378.207 0.0713339 0.997244 0.0204153 -1.26405 -0.781893 0.0686144 -0.619626 -117.722
-0.62032 0.0295666 0.783791 380.315 0.0790035 0.996562 0.0249333 -1.25211 -0.78036 0.0773889 -0.620524 -119.389
-0.622454 0.020349 0.782392 382.426 0.0783759 0.996258 0.0364428 -1.21036 -0.778722 0.0840046 -0.621719 -121.042
-0.625241 0.00992999 0.780369 384.533 0.0725253 0.996331 0.0454301 -1.13978 -0.777054 0.0850012 -0.623667 -122.7
-0.628197 0.00415557 0.778043 386.653 0.0668779 0.996573 0.0486749 -1.05194 -0.775175 0.0826113 -0.626322 -124.38
-0.630338 0.00358517 0.776313 388.718 0.065845 0.996633 0.0488611 -0.965653 -0.773523 0.0819153 -0.628452 -126.029
-0.633214 0.0088974 0.773926 390.793 0.0710371 0.996381 0.0466665 -0.89184 -0.77071 0.0845273 -0.631554 -127.701
-0.635039 0.0151216 0.772332 392.837 0.0749653 0.996296 0.0421325 -0.83301 -0.768834 0.0846539 -0.63382 -129.368
-0.637577 0.0178459 0.77018 394.905 0.0759364 0.996319 0.0397766 -0.775152 -0.766635 0.0838454 -0.636585 -131.056
-0.639713 0.0179459 0.768405 396.956 0.0760609 0.996298 0.040054 -0.709395 -0.764841 0.0840686 -0.63871 -132.75
-0.642357 0.0169314 0.766219 399.005 0.0768801 0.996137 0.0424402 -0.647312 -0.76254 0.0861687 -0.641177 -134.447
-0.644738 0.0165893 0.764223 401.046 0.0774181 0.996041 0.0436925 -0.575819 -0.760473 0.0873349 -0.64347 -136.15
-0.646369 0.0167445 0.762841 403.088 0.0777711 0.995998 0.0440345 -0.507898 -0.759051 0.0877895 -0.645085 -137.853
-0.647732 0.0169938 0.761679 405.134 0.0780694 0.995969 0.0441692 -0.436764 -0.757858 0.0880736 -0.646448 -139.581
-0.649287 0.0174613 0.760343 407.16 0.0786082 0.995923 0.0442553 -0.365409 -0.75647 0.0885036 -0.648012 -141.292
-0.650291 0.0167859 0.7595 409.193 0.0795952 0.995759 0.0461427 -0.296604 -0.755504 0.0904587 -0.648869 -143.014
-0.651052 0.0163075 0.758858 411.18 0.081406 0.995503 0.0484484 -0.22115 -0.754655 0.0933179 -0.649452 -144.694
-0.652486 0.0158264 0.757635 413.195 0.0831101 0.995245 0.0507857 -0.139412 -0.753229 0.0961042 -0.650699 -146.419
-0.653053 0.0159236 0.757145 415.187 0.0819279 0.995397 0.0497303 -0.0595737 -0.752867 0.0945078 -0.651352 -148.14
-0.654548 0.0159008 0.755854 417.243 0.0779849 0.995866 0.0465829 0.022297 -0.751988 0.0894359 -0.653081 -149.878
-0.655864 0.0154299 0.754721 419.284 0.0752037 0.996153 0.0449873 0.103765 -0.751124 0.0862634 -0.654501 -151.623
-0.657045 0.0147557 0.753707 421.293 0.074967 0.996131 0.0458509 0.176869 -0.750114 0.0866292 -0.65561 -153.348
-0.656874 0.0133501 0.753882 423.305 0.0731153 0.996259 0.0460647 0.250061 -0.750447 0.085379 -0.655393 -155.107
-0.658282 0.0127666 0.752663 425.328 0.0706796 0.996487 0.0449143 0.325903 -0.749446 0.0827642 -0.656872 -156.834
-0.658716 0.0118904 0.752298 427.319 0.0695791 0.996553 0.0451729 0.403779 -0.749168 0.0821003 -0.657273 -158.58
-0.658977 0.0105983 0.752088 429.314 0.0699479 0.996431 0.0472467 0.478509 -0.748903 0.0837415 -0.657367 -160.314
-0.658369 0.00906928 0.752641 431.317 0.0718965 0.996113 0.0508881 0.565282 -0.749254 0.0876154 -0.656462 -162.072
-0.656806 0.00764149 0.754021 433.337 0.0762983 0.99549 0.0563726 0.659258 -0.750189 0.0945564 -0.654427 -163.825
-0.654837 0.00663703 0.755741 435.358 0.0793805 0.995034 0.0600433 0.768191 -0.75159 0.0993097 -0.652112 -165.58
-0.652912 0.00503187 0.757417 437.356 0.0755963 0.995418 0.0585528 0.879075 -0.753652 0.0954877 -0.6503 -167.308
-0.651125 0.00398654 0.75896 439.389 0.0679966 0.996271 0.0531025 0.985588 -0.755918 0.086183 -0.648969 -169.039
-0.648635 0.00167614 0.761097 441.393 0.0627092 0.996715 0.0512481 1.08224 -0.758511 0.0809691 -0.64661 -170.747
-0.647462 0.00170187 0.762096 443.417 0.0618627 0.996815 0.0503314 1.16877 -0.759583 0.079733 -0.645505 -172.434
-0.645536 0.00178864 0.763728 445.429 0.0626905 0.996747 0.0506543 1.25509 -0.761153 0.0805777 -0.643548 -174.119
-0.642385 0.00218832 0.766379 447.473 0.06382 0.996675 0.0506485 1.34754 -0.76372 0.0814462 -0.640389 -175.835
-0.639849 0.00216705 0.768498 449.489 0.0612476 0.996959 0.0481833 1.42661 -0.766056 0.0778987 -0.638036 -177.529
-0.638323 -0.0024592 0.769765 451.52 0.0548664 0.997306 0.0486838 1.5107 -0.767811 0.0733102 -0.636469 -179.188
-0.636706 -0.007577 0.771069 453.575 0.0478511 0.997636 0.0493162 1.60069 -0.76962 0.0682964 -0.634838 -180.869
-0.636118 -0.0115382 0.771506 455.643 0.0398208 0.998065 0.0477593 1.6833 -0.770564 0.0611025 -0.634427 -182.54
-0.635358 -0.0119471 0.772125 457.688 0.0384891 0.998148 0.0471158 1.76465 -0.771258 0.0596538 -0.633721 -184.193
-0.633877 -0.0124777 0.773333 459.725 0.0396893 0.998028 0.0486353 1.84272 -0.772415 0.0615218 -0.632132 -185.866
-0.632478 -0.0134458 0.774462 461.778 0.041229 0.997848 0.0509945 1.92446 -0.77348 0.0641832 -0.630562 -187.528
-0.630823 -0.0155661 0.77577 463.826 0.0402811 0.997794 0.0527759 2.01516 -0.77488 0.0645411 -0.628804 -189.181
-0.629536 -0.0163205 0.7768 465.882 0.0381159 0.997927 0.0518563 2.10869 -0.776035 0.0622538 -0.627609 -190.838
-0.628214 -0.0153063 0.77789 467.958 0.0372996 0.998064 0.0497613 2.20041 -0.777146 0.0602757 -0.626427 -192.493
-0.627219 -0.0137708 0.778721 470.007 0.0377073 0.998134 0.0480221 2.28454 -0.77793 0.0594839 -0.62553 -194.131
-0.625781 -0.0131082 0.779889 472.067 0.0399186 0.99801 0.048805 2.36997 -0.778976 0.0616733 -0.624013 -195.791
-0.624208 -0.0135433 0.781141 474.132 0.0412925 0.99788 0.0502978 2.45021 -0.780166 0.0636515 -0.622325 -197.447
-0.622736 -0.0135863 0.782314 476.186 0.0416629 0.997855 0.0504939 2.54113 -0.781322 0.0640378 -0.620834 -199.077
-0.621805 -0.0143889 0.78304 478.263 0.0410005 0.997862 0.0508945 2.62525 -0.782098 0.0637515 -0.619886 -200.71
-0.620493 -0.0156151 0.784057 480.322 0.0411237 0.997778 0.0524164 2.71443 -0.783133 0.0647673 -0.618472 -202.342
-0.618821 -0.0168119 0.785352 482.377 0.0406408 0.997747 0.0533816 2.80426 -0.78448 0.064951 -0.616743 -203.963
-0.618297 -0.0157867 0.785786 484.446 0.0401604 0.997858 0.0516475 2.90154 -0.784918 0.0634909 -0.616338 -205.567
-0.617382 -0.0149376 0.786522 486.534 0.0402384 0.997911 0.0505376 2.99066 -0.785634 0.0628494 -0.615491 -207.194
-0.616413 -0.0153039 0.787274 488.609 0.0407522 0.997851 0.0513052 3.07636 -0.786367 0.0637084 -0.614465 -208.807
-0.615395 -0.0168905 0.788038 490.681 0.0401201 0.997803 0.0527172 3.16448 -0.787197 0.0640581 -0.613366 -210.427
-0.614849 -0.017939 0.788441 492.759 0.0389789 0.997828 0.0530999 3.2627 -0.787681 0.0633809 -0.612814 -212.034
-0.615039 -0.0186315 0.788276 494.846 0.0383539 0.997831 0.0535094 3.35769 -0.787563 0.0631438 -0.61299 -213.635
-0.614961 -0.0182146 0.788347 496.929 0.0385383 0.997844 0.0531174 3.44909 -0.787615 0.0630466 -0.612933 -215.248
-0.614835 -0.0178746 0.788453 499.018 0.0391797 0.997816 0.0531732 3.54229 -0.787682 0.0635841 -0.612792 -216.86
-0.614002 -0.0191783 0.789071 501.093 0.038996 0.997747 0.0545943 3.63798 -0.78834 0.0642916 -0.611871 -218.466
-0.614061 -0.0208576 0.788983 503.174 0.0383194 0.997684 0.0561986 3.73789 -0.788328 0.0647427 -0.611839 -220.07
-0.613688 -0.0215448 0.789254 505.268 0.0377166 0.997686 0.0565612 3.84193 -0.788647 0.064479 -0.611456 -221.688
-0.613661 -0.0217324 0.789271 507.351 0.0369485 0.997736 0.0562 3.94231 -0.788705 0.0636501 -0.611468 -223.279
-0.613186 -0.0210788 0.789657 509.451 0.0370949 0.997773 0.0554392 4.04525 -0.789067 0.0632868 -0.611038 -224.899
-0.612952 -0.0205412 0.789853 511.539 0.0379578 0.997742 0.0554041 4.14537 -0.789208 0.0639412 -0.610788 -226.5
-0.612141 -0.0210961 0.790467 513.614 0.0377887 0.997722 0.055891 4.2433 -0.789845 0.0640839 -0.609949 -228.104
-0.611434 -0.0208667 0.79102 515.726 0.0377555 0.997744 0.0555038 4.34403 -0.790394 0.0638023 -0.609267 -229.727
-0.611347 -0.0208574 0.791088 517.805 0.0371986 0.99779 0.055054 4.43983 -0.790488 0.0630845 -0.60922 -231.31
-0.610551 -0.0216419 0.791681 519.89 0.0369857 0.997757 0.055799 4.54178 -0.791113 0.063349 -0.608381 -232.902
-0.610148 -0.022709 0.791962 521.983 0.036846 0.997694 0.0569954 4.64262 -0.79143 0.0639562 -0.607904 -234.503
-0.609157 -0.0238724 0.792691 524.081 0.0367297 0.997625 0.0582697 4.75039 -0.792199 0.0646107 -0.606833 -236.108
-0.608752 -0.0233045 0.793019 526.2 0.0370384 0.997644 0.05775 4.85837 -0.792496 0.0645275 -0.606454 -237.712
-0.607879 -0.0223892 0.793714 528.306 0.0379373 0.997642 0.0571965 4.96518 -0.793123 0.0648799 -0.605596 -239.309
-0.606888 -0.0226272 0.794465 530.388 0.0383175 0.997599 0.0576832 5.0678 -0.793863 0.0654492 -0.604564 -240.89
-0.606193 -0.0233277 0.794976 532.482 0.0381956 0.997562 0.0583978 5.17442 -0.7944 0.0657649 -0.603824 -242.475
-0.605516 -0.0236502 0.795482 534.601 0.037474 0.997602 0.0581843 5.28743 -0.79495 0.0650414 -0.603178 -244.079
-0.605118 -0.0234309 0.795791 536.706 0.0371758 0.997645 0.0576426 5.39127 -0.795267 0.0644648 -0.602822 -245.666
-0.604451 -0.0249176 0.796253 538.805 0.0369775 0.997556 0.0592875 5.50099 -0.795784 0.0652798 -0.602052 -247.25
-0.604499 -0.026176 0.796176 540.906 0.0370018 0.997459 0.0608874 5.61649 -0.795746 0.0662663 -0.601994 -248.824
-0.604509 -0.0272682 0.796132 543.009 0.0358403 0.997471 0.061378 5.73308 -0.795792 0.0656371 -0.602002 -250.406
-0.603603 -0.0262242 0.796853 545.112 0.0353167 0.997598 0.0595825 5.84541 -0.796502 0.0641064 -0.601228 -251.991
-0.603277 -0.0240004 0.797171 547.215 0.035301 0.997764 0.0567545 5.9572 -0.79675 0.0623795 -0.601081 -253.566
-0.602223 -0.0237485 0.797975 549.321 0.0352736 0.99779 0.0563158 6.05932 -0.797548 0.0620621 -0.600054 -255.156
-0.601136 -0.025214 0.798749 551.431 0.0359582 0.997636 0.0585542 6.17437 -0.798338 0.0639206 -0.598808 -256.744
-0.600706 -0.0266054 0.799027 553.567 0.03665 0.997479 0.0607666 6.28475 -0.79863 0.0657872 -0.598216 -258.335
-0.599678 -0.0260647 0.799817 555.672 0.037523 0.997454 0.0606389 6.39412 -0.799361 0.0663753 -0.597173 -259.904
-0.598869 -0.0253288 0.800446 557.785 0.0378029 0.997491 0.059847 6.51058 -0.799954 0.0660997 -0.596409 -261.472
-0.598254 -0.0249046 0.800919 559.908 0.0380977 0.997503 0.0594748 6.62137 -0.8004 0.0660942 -0.595812 -263.049
-0.597081 -0.0246883 0.801801 562.025 0.0393658 0.99742 0.0600264 6.73319 -0.801214 0.0674041 -0.594569 -264.613
-0.595627 -0.0253888 0.80286 564.128 0.0400687 0.997317 0.0612643 6.8446 -0.802261 0.0686603 -0.593012 -266.188
-0.594321 -0.0261974 0.803801 566.253 0.0402554 0.997247 0.0622666 6.96148 -0.80322 0.0693637 -0.591631 -267.763
-0.593092 -0.026402 0.804701 568.387 0.040331 0.997233 0.0624442 7.07603 -0.804124 0.0694896 -0.590387 -269.332
-0.591963 -0.0261965 0.805539 570.518 0.0409665 0.997202 0.0625344 7.194 -0.804923 0.0700182 -0.589234 -270.889
-0.590298 -0.0267333 0.806743 572.661 0.0414004 0.997133 0.0633352 7.31544 -0.806123 0.0707861 -0.587498 -272.462
-0.588967 -0.0277753 0.80768 574.806 0.040621 0.997129 0.0639115 7.44153 -0.807135 0.0704506 -0.586148 -274.015
-0.587197 -0.0294043 0.80891 576.935 0.0390329 0.997149 0.0645814 7.56396 -0.808502 0.0694961 -0.584375 -275.553
-0.585463 -0.0284882 0.810198 579.089 0.0392099 0.997218 0.0633979 7.6872 -0.80975 0.0688849 -0.582717 -277.104
-0.583221 -0.0274128 0.811851 581.241 0.040226 0.99723 0.06257 7.80842 -0.811317 0.0691497 -0.580502 -278.652
-0.581002 -0.0265501 0.813469 583.391 0.0413887 0.997211 0.0621081 7.92311 -0.812849 0.0697534 -0.578283 -280.196
-0.578929 -0.0270864 0.814928 585.533 0.0417523 0.997152 0.0628042 8.03772 -0.814308 0.0703843 -0.576149 -281.712
-0.576738 -0.0276596 0.816461 587.668 0.0424098 0.997065 0.0637358 8.16546 -0.815828 0.0713847 -0.573872 -283.234
-0.575373 -0.0271627 0.81744 589.822 0.0422309 0.997129 0.0628587 8.27842 -0.8168 0.0706884 -0.572574 -284.732
-0.573116 -0.0270856 0.819027 591.969 0.041989 0.99717 0.0623588 8.39654 -0.818398 0.0701289 -0.570357 -286.231
-0.571264 -0.0273632 0.82031 594.119 0.0416286 0.997192 0.0622536 8.51344 -0.81971 0.0697116 -0.568521 -287.722
-0.568517 -0.0285107 0.822177 596.27 0.0412849 0.997151 0.0631259 8.63038 -0.821635 0.0698317 -0.565721 -289.227
-0.566429 -0.0288992 0.823603 598.438 0.0407782 0.997178 0.0630347 8.75169 -0.823101 0.0692898 -0.563652 -290.725
-0.56381 -0.0295844 0.825375 600.605 0.040007 0.997207 0.0630721 8.86947 -0.824935 0.0685814 -0.561051 -292.206
-0.562054 -0.0299194 0.826559 602.775 0.038716 0.997298 0.0624264 8.99401 -0.826194 0.0670881 -0.559378 -293.672
-0.560214 -0.0299112 0.827808 604.955 0.0372701 0.997426 0.0612623 9.10968 -0.827509 0.0651724 -0.557657 -295.15
-0.558603 -0.0298142 0.828899 607.154 0.0383277 0.997358 0.0617028 9.22953 -0.828549 0.0662371 -0.555984 -296.637
-0.556585 -0.0311706 0.830206 609.341 0.0384547 0.997258 0.0632234 9.35283 -0.8299 0.0671145 -0.55386 -298.112
-0.555299 -0.0320409 0.831033 611.538 0.0378705 0.997247 0.0637545 9.47416 -0.830788 0.0668744 -0.552557 -299.573
-0.553867 -0.0313287 0.832016 613.703 0.0375549 0.997335 0.0625536 9.59358 -0.831758 0.0658926 -0.551214 -301.021
-0.552369 -0.0296926 0.83307 615.891 0.0375613 0.997464 0.060457 9.70989 -0.832753 0.0646858 -0.549853 -302.455
-0.549422 -0.0283465 0.835064 618.106 0.0380787 0.997536 0.0589152 9.82491 -0.834677 0.0641675 -0.546989 -303.923
-0.54778 -0.0280686 0.836151 620.292 0.0384833 0.997534 0.0586972 9.93595 -0.835737 0.064331 -0.545349 -305.354
-0.545667 -0.0285978 0.837514 622.488 0.0392414 0.997449 0.059626 10.05 -0.837083 0.0654011 -0.543153 -306.786
-0.543553 -0.0296246 0.838852 624.714 0.0397325 0.997349 0.0609676 10.1609 -0.838434 0.0664688 -0.540935 -308.231
-0.542345 -0.0299682 0.839621 626.928 0.0395619 0.997344 0.0611524 10.2754 -0.839224 0.0663827 -0.539719 -309.655
-0.539406 -0.0292904 0.841536 629.148 0.0397575 0.997394 0.0601989 10.3923 -0.841107 0.065929 -0.536836 -311.082
-0.536784 -0.0291739 0.843215 631.363 0.0395924 0.99743 0.0597137 10.5066 -0.84279 0.0654383 -0.534249 -312.517
-0.534521 -0.0292583 0.844649 633.56 0.0398599 0.997416 0.0597747 10.6241 -0.844215 0.0656184 -0.531973 -313.921
-0.531152 -0.0295503 0.846761 635.788 0.0402829 0.997381 0.0600751 10.7327 -0.846318 0.066019 -0.52857 -315.332
-0.528348 -0.0297898 0.848505 638.014 0.0402777 0.99738 0.0600967 10.8477 -0.848072 0.0659278 -0.525763 -316.742
-0.525049 -0.0302239 0.850535 640.257 0.0400714 0.997383 0.0601788 10.9588 -0.850128 0.0656789 -0.522464 -318.135
-0.521991 -0.0290833 0.852455 642.517 0.0403674 0.997456 0.0587489 11.0692 -0.851995 0.0650778 -0.519489 -319.533
-0.519672 -0.029395 0.85386 644.741 0.0402264 0.997458 0.0588208 11.1821 -0.853418 0.0649152 -0.517168 -320.889
-0.516202 -0.0293567 0.855964 646.979 0.0410856 0.997413 0.0589853 11.2901 -0.855481 0.0656161 -0.513661 -322.258
-0.512658 -0.0294549 0.858088 649.243 0.0417846 0.997371 0.0592 11.4001 -0.857576 0.0662042 -0.510079 -323.633
-0.509998 -0.0283852 0.859707 651.493 0.0417281 0.997462 0.0576876 11.5115 -0.859163 0.0652945 -0.50752 -324.973
-0.506423 -0.0265939 0.861875 653.746 0.0428344 0.997514 0.055948 11.6134 -0.861221 0.0652513 -0.504025 -326.309
-0.502751 -0.0267346 0.864018 656.014 0.043162 0.997499 0.0559797 11.7157 -0.863353 0.0654365 -0.500339 -327.635
-0.498962 -0.0274433 0.866189 658.272 0.0442569 0.997387 0.0570939 11.8188 -0.865493 0.0668225 -0.496444 -328.962
-0.495565 -0.0281173 0.868116 660.535 0.0444778 0.997343 0.0576931 11.92 -0.867431 0.0672026 -0.492998 -330.269
-0.491945 -0.0283789 0.870164 662.816 0.0446256 0.997333 0.0577552 12.0277 -0.869482 0.0672439 -0.489366 -331.571
-0.488173 -0.0285949 0.872278 665.104 0.044614 0.997339 0.0576629 12.1378 -0.871606 0.0670653 -0.485598 -332.892
-0.483879 -0.0274826 0.874703 667.385 0.044973 0.997405 0.0562166 12.2493 -0.873978 0.0665401 -0.481387 -334.178
