1.000000000 0.000000000 0.000000000 0.000000000 0.000000000 1.000000000 0.000000000 0.000000000 0.000000000 0.000000000 1.000000000 0.000000000
0.999015272 -0.000615642 0.044363622 0.035297308 0.000738536 0.999995947 -0.002753826 -0.015373282 -0.044361737 0.002783878 0.999011636 0.966913700
0.995955765 -0.005114191 0.089698754 0.123705968 0.005855966 0.999950767 -0.008008410 -0.030667316 -0.089653373 0.008501297 0.995936692 1.924085259
0.990841985 -0.004761525 0.134942397 0.250021756 0.006413607 0.999909699 -0.011810784 -0.052865788 -0.134873986 0.012568090 0.990783095 2.860441446
0.983289599 -0.001594401 0.182040930 0.397469074 0.004323687 0.999884129 -0.014596827 -0.071539335 -0.181996569 0.015139999 0.983182549 3.842982292
0.973696768 -0.003842071 0.227815121 0.611006379 0.007384928 0.999864638 -0.014701084 -0.098818287 -0.227727801 0.015996797 0.973593473 4.768815041
0.961791635 -0.004824271 0.273740023 0.872469127 0.009679511 0.999818861 -0.016388815 -0.117526002 -0.273611426 0.018412298 0.961664081 5.738986492
0.948063076 -0.007406073 0.317996204 1.172758222 0.014251687 0.999713898 -0.019206345 -0.145605549 -0.317762971 0.022740807 0.947897434 6.639339447
0.932568669 -0.008928758 0.360882282 1.506950855 0.017843319 0.999612212 -0.021377675 -0.172099650 -0.360551536 0.026375489 0.932366371 7.530260086
0.914877772 -0.007597956 0.403659433 1.887791753 0.017969158 0.999598444 -0.021911245 -0.202825606 -0.403330803 0.027299527 0.914646983 8.436994553
0.895670176 -0.009711616 0.444612831 2.305687904 0.021156276 0.999559999 -0.020785946 -0.228573442 -0.444215387 0.028023707 0.895481646 9.248701096
0.873773456 -0.009323284 0.486243814 2.764341593 0.021722712 0.999566495 -0.019869633 -0.262030393 -0.485847831 0.027924091 0.873597324 10.071076393
0.849437237 -0.009123304 0.527610838 3.259243727 0.022641426 0.999559879 -0.019167881 -0.288294226 -0.527203739 0.028227776 0.849269927 10.888957024
0.823409200 -0.009173212 0.567373872 3.765777588 0.024041751 0.999535501 -0.018730594 -0.328968167 -0.566938519 0.029063605 0.823247254 11.663733482
0.796080649 -0.011079206 0.605089188 4.337205887 0.027805921 0.999446094 -0.018282730 -0.361686170 -0.604551554 0.031379588 0.795947671 12.403145790
0.767158985 -0.009070275 0.641392827 4.943027973 0.027573550 0.999442101 -0.018846607 -0.393281698 -0.640864193 0.032143824 0.766981006 13.139069557
0.736394644 -0.012269021 0.676441014 5.602135658 0.033034049 0.999294996 -0.017837064 -0.418318570 -0.675745368 0.035480697 0.736280739 13.859210968
0.704224050 -0.012029253 0.709875882 6.244045258 0.034093916 0.999275923 -0.016889170 -0.456658721 -0.709158719 0.036096208 0.704124272 14.490306854
0.669888139 -0.010746124 0.742384255 6.925239563 0.035627712 0.999208629 -0.017684849 -0.484124660 -0.741606712 0.038296320 0.669740856 15.102686882
0.634165764 -0.011443394 0.773112416 7.655305862 0.039905500 0.999042213 -0.017945988 -0.508079171 -0.772166610 0.042232171 0.634015083 15.704097748
0.597817659 -0.010010754 0.801569521 8.390697479 0.040290281 0.999033451 -0.017571980 -0.546378374 -0.800618947 0.042800304 0.597643256 16.249359131
0.560419917 -0.009322703 0.828156114 9.198001862 0.044823192 0.998812497 -0.019088399 -0.577128172 -0.826994777 0.047818117 0.560172319 16.780372620
0.521870911 -0.007757497 0.852989078 9.978005409 0.049748048 0.998533428 -0.021355417 -0.605255842 -0.851572514 0.053579319 0.521491528 17.247810364
0.482467055 -0.006754075 0.875888109 10.782595634 0.051859159 0.998436391 -0.020866612 -0.630275965 -0.874377549 0.055490274 0.482062876 17.702869415
0.443548352 -0.007449653 0.896219492 11.633335114 0.055847049 0.998251915 -0.019341508 -0.646103084 -0.894508779 0.058630101 0.443189055 18.133785248
0.406195074 -0.008231970 0.913749337 12.482643127 0.059984338 0.998042822 -0.017673863 -0.677407622 -0.911815524 0.061989669 0.405893832 18.507905960
0.371642470 -0.005713081 0.928358376 13.379560471 0.061828896 0.997913301 -0.018610358 -0.701089621 -0.926314712 0.064315766 0.371220142 18.847152710
0.337674230 -0.005655772 0.941246152 14.275783539 0.061970692 0.997945845 -0.016235666 -0.716648996 -0.939220846 0.063812032 0.337331146 19.181283951
0.304173052 -0.007205310 0.952589571 15.177913666 0.063978828 0.997868061 -0.012881397 -0.741779208 -0.950465918 0.064863741 0.303985596 19.474124908
0.271261126 -0.007119979 0.962479413 16.112453461 0.064378746 0.997867465 -0.010762470 -0.766212940 -0.960350335 0.064882658 0.271141082 19.741018295
0.238641918 -0.004277493 0.971098244 17.030452728 0.062462300 0.997987211 -0.010953828 -0.789419770 -0.969096720 0.063271090 0.238428742 19.975574493
0.207614690 -0.002808425 0.978206575 17.982929230 0.061916370 0.998028398 -0.010275807 -0.809065580 -0.976249218 0.062700421 0.207379282 20.191581726
0.176975697 -0.002383062 0.984212399 18.984634399 0.064580239 0.997870147 -0.009196340 -0.821024358 -0.982094169 0.065188207 0.176752701 20.360469818
0.146107644 -0.002046576 0.989266574 19.952213287 0.065731667 0.997808039 -0.007643857 -0.831246138 -0.987082541 0.066142969 0.145921916 20.517297745
0.115963958 -0.002915239 0.993249118 20.971952438 0.064563043 0.997902989 -0.004608977 -0.847567320 -0.991152823 0.064661667 0.115908988 20.633522034
0.086180180 -0.002981692 0.996275067 21.976150513 0.064770065 0.997896791 -0.002616220 -0.860926390 -0.994171977 0.064754270 0.086192027 20.736593246
0.058664843 -0.002754475 0.998273909 23.019025803 0.067741632 0.997702122 -0.001228026 -0.871306598 -0.995976806 0.067696743 0.058716632 20.794973373
0.033583857 -0.001869353 0.999434173 24.067821503 0.071974814 0.997406244 -0.000553000 -0.876219809 -0.996840954 0.071952656 0.033631302 20.832153320
0.010796223 -0.001660268 0.999940336 25.162429810 0.076064385 0.997102439 0.000834300 -0.882979393 -0.997044504 0.076050840 0.010891229 20.840709686
-0.009588013 -0.001235001 0.999953210 26.229925156 0.082032070 0.996627629 0.002017455 -0.880842328 -0.996583581 0.082047559 -0.009454370 20.819658279
-0.027056985 -0.001732602 0.999632418 27.320684433 0.086169988 0.996272266 0.004059135 -0.880957186 -0.995913029 0.086248137 -0.026806820 20.787389755
-0.042256966 -0.001035292 0.999106228 28.464765549 0.090037949 0.995926559 0.004840132 -0.871110022 -0.995041430 0.090162009 -0.041991621 20.725034714
-0.056955732 -0.001709166 0.998375297 29.567495346 0.091782466 0.995754957 0.006940725 -0.868435621 -0.994148850 0.092028648 -0.056557070 20.681694031
-0.070124492 -0.003263947 0.997532845 30.649820328 0.092491612 0.995665550 0.009759805 -0.883684635 -0.993241072 0.092947818 -0.069518633 20.588344574
-0.082308233 -0.003193875 0.996601760 31.778974533 0.091970205 0.995703340 0.010786712 -0.879561305 -0.992354155 0.092545517 -0.081660837 20.506721497
-0.093515016 -0.000203630 0.995617867 32.879680634 0.092224061 0.995698810 0.008865940 -0.882222533 -0.991337299 0.092649035 -0.093094014 20.406761169
-0.103193939 0.003409072 0.994655371 34.021553040 0.092825115 0.995663047 0.006217934 -0.875341237 -0.990320385 0.092970662 -0.103062838 20.288801193
-0.112346984 0.005489027 0.993653774 35.179500580 0.093632363 0.995593905 0.005086754 -0.877687752 -0.989247680 0.093609653 -0.112365909 20.158262253
-0.120863214 0.006807686 0.992645741 36.424629211 0.093073927 0.995649040 0.004504274 -0.872315288 -0.988296270 0.092933841 -0.120970950 20.025245667
-0.126627252 0.007485054 0.991922081 37.652889252 0.092805505 0.995674908 0.004334037 -0.868902445 -0.987599373 0.092604637 -0.126774207 19.868944168
-0.130986542 0.009118717 0.991342187 38.920787811 0.094273664 0.995540857 0.003299090 -0.863782644 -0.986891448 0.093889609 -0.131262109 19.680587769
-0.135749355 0.010744317 0.990684867 40.177295685 0.093183748 0.995646954 0.001970442 -0.870905995 -0.986351252 0.092583217 -0.136159629 19.519319534
-0.140000775 0.011868580 0.990080297 41.460212708 0.093962647 0.995574772 0.001352197 -0.867616713 -0.985682845 0.093219884 -0.140496448 19.343095779
-0.142798647 0.010929440 0.989691436 42.765686035 0.093411319 0.995624602 0.002482986 -0.867487609 -0.985333920 0.092802957 -0.143194735 19.152866364
-0.145042419 0.008790783 0.989386439 44.087821960 0.093877666 0.995571554 0.004916575 -0.865679562 -0.984961808 0.093594395 -0.145225376 18.963232040
-0.146972105 0.007226561 0.989114344 45.424545288 0.093709879 0.995577335 0.006650536 -0.873198152 -0.984691679 0.093667232 -0.146999314 18.773803711
-0.149316505 0.009028969 0.988748193 46.794662476 0.096473061 0.995320499 0.005479961 -0.852779150 -0.984071910 0.096205816 -0.149488822 18.557405472
-0.150452361 0.008678828 0.988579154 48.169788361 0.096472569 0.995317876 0.005944222 -0.849085391 -0.983898878 0.096265085 -0.150585204 18.357378006
-0.150023669 0.010380917 0.988627851 49.621368408 0.098738305 0.995103061 0.004534567 -0.831367195 -0.983739674 0.098295733 -0.150314018 18.120681763
-0.151394635 0.010381614 0.988418877 50.964233398 0.097802155 0.995195508 0.004527420 -0.835657418 -0.983623087 0.097354919 -0.151682645 17.960388184
-0.150983155 0.011900684 0.988464713 52.382755280 0.097323135 0.995248675 0.002883271 -0.833136678 -0.983733773 0.096635818 -0.151423991 17.763742447
-0.149534956 0.011863760 0.988685250 53.850589752 0.098887771 0.995094001 0.003015741 -0.835179090 -0.983799040 0.098219827 -0.149974495 17.526153564
-0.148475006 0.010474531 0.988860548 55.328765869 0.097394854 0.995237410 0.004081517 -0.837817729 -0.984108448 0.096915938 -0.148788020 17.319339752
-0.147301972 0.011720716 0.989022136 56.819183350 0.098021857 0.995180309 0.002805381 -0.825402856 -0.984222472 0.097359002 -0.147740886 17.092899323
-0.146008983 0.012763377 0.989201009 58.328594208 0.098242939 0.995161057 0.001660665 -0.819591761 -0.984393120 0.097424462 -0.146556363 16.870544434
-0.145607710 0.012874956 0.989258647 59.896671295 0.098732106 0.995112777 0.001581104 -0.826669276 -0.984403551 0.097901829 -0.146167234 16.652345657
-0.144203544 0.012613988 0.989467621 61.461154938 0.098600835 0.995125711 0.001683818 -0.830915153 -0.984623373 0.097805150 -0.144744381 16.418020248
-0.143419966 0.011371484 0.989596605 63.055469513 0.099877596 0.994995058 0.003041517 -0.816067040 -0.984609127 0.099274762 -0.143837944 16.190109253
-0.142737806 0.009688805 0.989713073 64.672943115 0.102161579 0.994755208 0.004995719 -0.813273370 -0.984473884 0.101823732 -0.142978981 15.956574440
-0.141869605 0.010729740 0.989827216 66.270317078 0.103567176 0.994614184 0.004062410 -0.814330339 -0.984452546 0.103089944 -0.142216772 15.725065231
-0.140655577 0.012749496 0.989976525 67.897026062 0.105501130 0.994416833 0.002182888 -0.811726809 -0.984421372 0.104750678 -0.141215339 15.480065346
-0.140427783 0.012375216 0.990013599 69.538208008 0.104668394 0.994504273 0.002415267 -0.815298319 -0.984542847 0.103962302 -0.140951321 15.258450508
-0.139742076 0.012668598 0.990107000 71.208015442 0.105620243 0.994404137 0.002183486 -0.811065197 -0.984538734 0.104880445 -0.140298158 15.001506805
-0.139849976 0.011726426 0.990103245 72.892860413 0.105330497 0.994432449 0.003100008 -0.812514305 -0.984554470 0.104721606 -0.140306503 14.777215958
-0.139326930 0.011928500 0.990174592 74.581893921 0.107083395 0.994245231 0.003090109 -0.808418989 -0.984439492 0.106461786 -0.139802486 14.530723572
-0.139763847 0.011435007 0.990118861 76.260887146 0.107868247 0.994158149 0.003744877 -0.819780111 -0.984291911 0.107325785 -0.140180841 14.303987503
-0.139495805 0.012856031 0.990139186 77.996063232 0.108681835 0.994073689 0.002404528 -0.816985488 -0.984240413 0.107945576 -0.140066355 14.049753189
-0.140555307 0.013419979 0.989981890 79.697189331 0.107620537 0.994190395 0.001802679 -0.829365849 -0.984206319 0.106795773 -0.141182974 13.835721016
-0.141472012 0.013993042 0.989843369 81.447471619 0.106714800 0.994288921 0.001196177 -0.836917818 -0.984173596 0.105800167 -0.142157316 13.582651138
-0.142543629 0.014297090 0.989685237 83.203804016 0.105862908 0.994380355 0.000882442 -0.845754504 -0.984110892 0.104896754 -0.143256143 13.334039688
-0.143490031 0.013483360 0.989559889 84.994583130 0.104889803 0.994482517 0.001658997 -0.850901961 -0.984077573 0.104032807 -0.144112602 13.072975159
-0.144800663 0.013403689 0.989370048 86.790992737 0.104794815 0.994492054 0.001864312 -0.854868889 -0.983895838 0.103950799 -0.145407736 12.820181847
-0.145031199 0.012434453 0.989348888 88.612266541 0.102322064 0.994748175 0.002497342 -0.854433239 -0.984122038 0.101594426 -0.145541847 12.549833298
-0.146793798 0.013247566 0.989078403 90.408836365 0.101911366 0.994791865 0.001801058 -0.861610413 -0.983903289 0.101062715 -0.147379383 12.295790672
-0.149126098 0.013893133 0.988720596 92.226615906 0.100659139 0.994920254 0.001201904 -0.864219666 -0.983681440 0.099703006 -0.149767056 12.016132355
-0.153486609 0.014604944 0.988042891 94.041656494 0.101443924 0.994840622 0.001053291 -0.876749694 -0.982929707 0.100392602 -0.154176369 11.746500969
-0.158405676 0.013758603 0.987278223 95.884422302 0.099497855 0.995035529 0.002097410 -0.883252442 -0.982348144 0.098564312 -0.158988252 11.465872765
-0.162581399 0.013258845 0.986606181 97.774765015 0.097985893 0.995183825 0.002772833 -0.882111907 -0.981817722 0.097124271 -0.163097590 11.142226219
-0.167124644 0.013701078 0.985840559 99.655105591 0.096372508 0.995342255 0.002504421 -0.892579675 -0.981214404 0.095426470 -0.167666614 10.831584930
-0.171590865 0.015567141 0.985045433 101.524085999 0.097068384 0.995276988 0.001180080 -0.910091579 -0.980374575 0.095819250 -0.172291517 10.512403488
-0.175273567 0.017124007 0.984370887 103.417144775 0.096655235 0.995317876 -0.000104353 -0.919619918 -0.979763687 0.095126309 -0.176108062 10.172449112
-0.180733040 0.017302124 0.983380020 105.319183350 0.095927671 0.995388329 0.000116911 -0.939370155 -0.978842854 0.094354488 -0.181559280 9.836124420
-0.185852900 0.016831761 0.982433498 107.247947693 0.094137453 0.995558977 0.000751917 -0.950709581 -0.978057742 0.092623539 -0.186611995 9.479516983
-0.192692235 0.015986660 0.981128991 109.152587891 0.093341671 0.995631874 0.002109188 -0.980544567 -0.976809621 0.091986649 -0.193342745 9.179964066
-0.198104873 0.015141019 0.980063856 111.053565979 0.092484780 0.995708525 0.003311666 -0.994392931 -0.975807905 0.091297045 -0.198655039 8.809198380
-0.203724444 0.016151454 0.978895009 113.037757874 0.092046976 0.995750904 0.002726949 -0.977296829 -0.974691570 0.090659872 -0.204345524 8.408683777
-0.209132165 0.017772613 0.977725863 114.979446411 0.092701703 0.995692313 0.001729376 -0.986834943 -0.973483443 0.090998523 -0.209878877 8.001989365
-0.215315312 0.018463111 0.976369977 116.926147461 0.091376916 0.995815516 0.001320192 -0.997827172 -0.972259998 0.089501947 -0.216101438 7.596315384
-0.221760154 0.018352777 0.974928558 118.869987488 0.091785423 0.995776474 0.002132556 -1.011761069 -0.970771790 0.089957148 -0.222508118 7.177125931
-0.226720333 0.018241150 0.973788917 120.835952759 0.090713210 0.995873988 0.002465254 -1.012709022 -0.969726205 0.088894434 -0.227439612 6.722255707
-0.231739476 0.018870506 0.972594738 122.781867981 0.089807391 0.995956957 0.002074559 -1.019056201 -0.968623459 0.087826967 -0.232497275 6.273141861
-0.236746326 0.019561175 0.971374571 124.739799500 0.089075662 0.996023417 0.001652244 -1.027006865 -0.967479527 0.086917005 -0.237547323 5.798460007
-0.241313115 0.018411184 0.970272660 126.745483398 0.090234809 0.995914102 0.003544240 -1.038171649 -0.966243088 0.088407621 -0.241988465 5.316421509
-0.245859161 0.018485487 0.969129205 128.751876831 0.092415400 0.995710611 0.004452429 -1.049687266 -0.964889944 0.090657137 -0.246512935 4.838926315
-0.248375669 0.019018188 0.968477070 130.732208252 0.093256474 0.995632589 0.004365112 -1.052253127 -0.964164197 0.091400944 -0.249064490 4.330022812
-0.251733065 0.019533429 0.967599571 132.758499146 0.093628071 0.995598137 0.004259853 -1.061500669 -0.963257134 0.091666810 -0.252453834 3.816146851
-0.255065411 0.019889701 0.966719210 134.795440674 0.092735350 0.995682895 0.003982277 -1.053893566 -0.962466598 0.090664782 -0.255808651 3.286132812
-0.259014666 0.019365203 0.965679169 136.786987305 0.090877630 0.995852292 0.004404942 -1.081386805 -0.961588562 0.088899598 -0.259700209 2.765296936
-0.263406813 0.020613460 0.964464605 138.820343018 0.090208530 0.995917380 0.003351337 -1.079296350 -0.960457861 0.087885708 -0.264190942 2.217914581
-0.267604858 0.019838950 0.963324606 140.779235840 0.087352179 0.996170342 0.003750447 -1.084766626 -0.959560990 0.085152134 -0.268313050 1.675445557
-0.272768050 0.020156441 0.961868644 142.784088135 0.087497741 0.996156931 0.003937763 -1.094920158 -0.958092630 0.085235424 -0.273483455 1.135349274
-0.277123362 0.020259205 0.960620761 144.791381836 0.086687833 0.996227503 0.003997870 -1.108068228 -0.956915796 0.084382020 -0.277834088 0.551963806
-0.281938612 0.020385407 0.959215760 146.827072144 0.086305715 0.996259868 0.004194838 -1.120516539 -0.955542743 0.083968513 -0.282643527 -0.024467468
-0.286482453 0.020367146 0.957868993 148.887817383 0.086378016 0.996251583 0.004650931 -1.116066456 -0.954183757 0.084071226 -0.287167907 -0.619445801
-0.290714443 0.020001771 0.956600726 150.944290161 0.086856924 0.996205211 0.005566272 -1.134413123 -0.952859223 0.084705599 -0.291348606 -1.233940125
-0.294516951 0.020839762 0.955419004 152.983108521 0.087533899 0.996147692 0.005255012 -1.135949135 -0.951628923 0.085179254 -0.295206577 -1.844017029
-0.298366219 0.021895654 0.954200268 155.065673828 0.088664666 0.996049643 0.004868343 -1.147401690 -0.950324357 0.086056381 -0.299128920 -2.487491608
-0.302333802 0.023417586 0.952914417 157.141006470 0.088129669 0.996102989 0.003482215 -1.151875496 -0.949119151 0.085032813 -0.303219438 -3.121189117
-0.305143207 0.024692902 0.951986253 159.239028931 0.089701541 0.995964348 0.002918706 -1.164559126 -0.948072374 0.086285248 -0.306126833 -3.811229706
-0.307528317 0.025605490 0.951194286 161.319137573 0.088995501 0.996030092 0.001960481 -1.162222981 -0.947367966 0.085254915 -0.308586240 -4.488910675
-0.311812699 0.025332082 0.949805856 163.384796143 0.088782459 0.996047676 0.002581090 -1.183838129 -0.945986509 0.085130915 -0.312829405 -5.149944305
-0.315047115 0.025874315 0.948723316 165.458969116 0.088719554 0.996053994 0.002296378 -1.188161254 -0.944920182 0.084893778 -0.316099435 -5.841350555
-0.319148272 0.026194349 0.947342753 167.559677124 0.090569131 0.995885730 0.002975053 -1.206740975 -0.943367183 0.086749479 -0.320207566 -6.539909363
-0.322149336 0.026234236 0.946325243 169.640701294 0.092212766 0.995732069 0.003787296 -1.215677500 -0.942187190 0.088483356 -0.323193580 -7.237743378
-0.324567199 0.026249766 0.945498288 171.789733887 0.093892254 0.995571792 0.004591051 -1.220313072 -0.941190839 0.090265065 -0.325594693 -8.000030518
-0.326522678 0.026395351 0.944820702 173.899383545 0.093649603 0.995594800 0.004550750 -1.208893657 -0.940538466 0.089968011 -0.327556163 -8.737201691
-0.330583900 0.026367562 0.943408191 176.020553589 0.091998644 0.995749354 0.004407205 -1.219598532 -0.939281940 0.088249229 -0.331604511 -9.439197540
-0.333196878 0.028581610 0.942424059 178.149139404 0.091187775 0.995831609 0.002038381 -1.218598127 -0.938437283 0.086616747 -0.334414333 -10.185611725
-0.336525142 0.030055111 0.941194713 180.268249512 0.090294518 0.995914996 0.000482407 -1.239911556 -0.937335432 0.085147053 -0.337864250 -10.930233002
-0.339327574 0.030633269 0.940169334 182.384536743 0.089025445 0.996029198 -0.000322115 -1.258520007 -0.936446071 0.083589688 -0.340707392 -11.685832977
-0.342427403 0.031521413 0.939015329 184.527938843 0.088074535 0.996113002 -0.001320270 -1.277349234 -0.935407043 0.082251243 -0.343872577 -12.471359253
-0.346049249 0.031947900 0.937672257 186.674530029 0.089039505 0.996027470 -0.001075993 -1.291603684 -0.933981776 0.083117522 -0.347519219 -13.245254517
-0.351121724 0.031078124 0.935813904 188.837112427 0.088208400 0.996101916 0.000015916 -1.320181608 -0.932165682 0.082552232 -0.352494359 -14.008750916
-0.354167670 0.030110739 0.934697151 191.014068604 0.087606773 0.996154547 0.001104670 -1.332628131 -0.931069553 0.082277037 -0.355443627 -14.858386993
-0.358530670 0.029613273 0.933048129 193.131286621 0.087334849 0.996177137 0.001942194 -1.349928379 -0.929423690 0.082183950 -0.359746337 -15.636844635
-0.362117440 0.029790463 0.931656301 195.280364990 0.086273476 0.996270061 0.001676346 -1.362634420 -0.928131402 0.080984280 -0.363336831 -16.457122803
-0.365296185 0.030612471 0.930387795 197.424316406 0.085514516 0.996336520 0.000793005 -1.374099255 -0.926955163 0.079851352 -0.366575778 -17.296218872
-0.368722409 0.030743888 0.929031014 199.590042114 0.085704669 0.996320069 0.001044613 -1.404361367 -0.925580084 0.080007449 -0.370000482 -18.144626617
-0.371823668 0.031425428 0.927771270 201.742523193 0.086370222 0.996262729 0.000869299 -1.421893597 -0.924276650 0.080455042 -0.373148233 -18.994819641
-0.373511553 0.031687602 0.927084088 203.889236450 0.087056175 0.996202886 0.001023858 -1.424502611 -0.923531353 0.081090823 -0.374851882 -19.869308472
-0.376516134 0.030873956 0.925895452 206.063385010 0.089492425 0.995982409 0.003181170 -1.457818270 -0.922077358 0.084058389 -0.377766520 -20.754898071
-0.379115433 0.031464349 0.924814284 208.190887451 0.090068534 0.995930910 0.003038506 -1.472722530 -0.920955539 0.084448613 -0.380406737 -21.608833313
-0.380400598 0.032511525 0.924250185 210.320678711 0.090160012 0.995925069 0.002075064 -1.483872175 -0.920416534 0.084119774 -0.381781787 -22.499519348
-0.384195834 0.032495212 0.922679603 212.506484985 0.089597054 0.995975733 0.002230872 -1.505010128 -0.918893874 0.083526470 -0.385561138 -23.386394501
-0.386292875 0.033847179 0.921754956 214.669998169 0.089748643 0.995963931 0.001040085 -1.520503283 -0.917999446 0.083128043 -0.387771547 -24.296737671
-0.389788151 0.035091016 0.920235753 216.837356567 0.089286894 0.996005893 -0.000160709 -1.530053258 -0.916565895 0.082102343 -0.391364455 -25.207920074
-0.392257631 0.035170797 0.919182897 218.993804932 0.087094873 0.996199489 -0.000950317 -1.550287485 -0.915722907 0.079683319 -0.393830121 -26.120998383
-0.394584805 0.036152754 0.918148100 221.170181274 0.087984122 0.996120870 -0.001410788 -1.576432824 -0.914637387 0.080225773 -0.396235049 -27.068897247
-0.397693545 0.035638355 0.916825950 223.287429810 0.090044513 0.995937645 0.000345249 -1.616232157 -0.913089216 0.082692437 -0.399286926 -27.953845978
-0.400371581 0.035056628 0.915682077 225.441864014 0.090477228 0.995897472 0.001432488 -1.630339622 -0.911875248 0.083421886 -0.401900887 -28.892082214
-0.403250188 0.034364361 0.914444327 227.571517944 0.089740641 0.995962799 0.002145893 -1.650737643 -0.910678804 0.082928143 -0.404706091 -29.830337524
-0.405966073 0.034967113 0.913218915 229.738449097 0.088674314 0.996059895 0.001280546 -1.665826559 -0.909575939 0.081498906 -0.407467157 -30.786762238
-0.410093725 0.033876941 0.911413968 231.910400391 0.086255774 0.996271431 0.001780004 -1.689102411 -0.907955408 0.079344690 -0.411486804 -31.742202759
-0.413248062 0.033615813 0.909997761 234.068191528 0.085933387 0.996298552 0.002220255 -1.702896357 -0.906554639 0.079116724 -0.414607167 -32.723495483
-0.416634619 0.033795655 0.908445537 236.201766968 0.085429005 0.996341944 0.002114204 -1.723698378 -0.905050993 0.078488439 -0.417997837 -33.688270569
-0.420309782 0.033407934 0.906765461 238.287368774 0.084693320 0.996403813 0.002547116 -1.747106314 -0.903419435 0.077867545 -0.421627760 -34.641407013
-0.424407750 0.032801788 0.904876888 240.428283691 0.083733410 0.996483147 0.003150324 -1.763449192 -0.901591420 0.077105418 -0.425661743 -35.624889374
-0.428422779 0.032904550 0.902979076 242.542373657 0.083286755 0.996520460 0.003202605 -1.778907537 -0.899731755 0.076578267 -0.429672599 -36.618026733
-0.432195097 0.033301055 0.901165068 244.645904541 0.082777672 0.996563852 0.002873480 -1.799342155 -0.897972822 0.075838268 -0.433466583 -37.606422424
-0.435551673 0.033656001 0.899534345 246.758361816 0.083043419 0.996541619 0.002923828 -1.821054459 -0.896324992 0.075973868 -0.436840266 -38.619415283
-0.439021081 0.033735652 0.897843182 248.868972778 0.083219416 0.996525943 0.003248479 -1.838270783 -0.894614458 0.076144122 -0.440303445 -39.636711121
-0.442662269 0.033978831 0.896044374 250.958633423 0.081888877 0.996637940 0.002661166 -1.855029225 -0.892941296 0.074554056 -0.443956524 -40.656967163
-0.446251571 0.034425180 0.894245148 253.093200684 0.082555093 0.996582448 0.002832352 -1.865355730 -0.891091585 0.075088434 -0.447568446 -41.716362000
-0.449677527 0.035167761 0.892498374 255.170425415 0.083106093 0.996537328 0.002604996 -1.878531814 -0.889316320 0.075343460 -0.451043069 -42.749633789
-0.453361452 0.036277898 0.890588164 257.300201416 0.084612824 0.996410787 0.002484318 -1.897146702 -0.887301505 0.076481484 -0.454803795 -43.808181763
-0.456318349 0.038619000 0.888978183 259.414215088 0.087104909 0.996198118 0.001434667 -1.906134725 -0.885542929 0.078089021 -0.457947314 -44.905822754
-0.459142685 0.039373670 0.887489557 261.518157959 0.088135228 0.996107519 0.001404225 -1.923123837 -0.883979738 0.078863829 -0.460825682 -45.980163574
-0.462101460 0.041121945 0.885873139 263.602630615 0.089356095 0.995999694 0.000377176 -1.941994667 -0.882313848 0.079332441 -0.463927388 -47.046966553
-0.464400113 0.044050992 0.884529293 265.724121094 0.091398962 0.995813072 -0.001606367 -1.947547674 -0.880896568 0.080099046 -0.466481864 -48.168975830
-0.467244118 0.045010474 0.882981896 267.833618164 0.093082726 0.995657265 -0.001497937 -1.965631843 -0.879214764 0.081490472 -0.469404638 -49.281196594
-0.470413625 0.045878883 0.881252646 269.955017090 0.092869729 0.995675683 -0.002261903 -1.978036880 -0.877545714 0.080777638 -0.472640187 -50.407379150
-0.473974466 0.045737986 0.879349887 272.086303711 0.091809884 0.995773792 -0.002307557 -1.992504120 -0.875739157 0.079639278 -0.476170659 -51.536933899
-0.477566004 0.047214385 0.877326369 274.215332031 0.092453234 0.995711625 -0.003259217 -2.002583504 -0.873717904 0.079555154 -0.479883134 -52.673744202
-0.480932027 0.046985175 0.875498056 276.337402344 0.091323607 0.995815814 -0.003276006 -2.027612209 -0.871988773 0.078378111 -0.483210564 -53.828109741
-0.483767629 0.046833411 0.873942494 278.494262695 0.089387313 0.995989263 -0.003893715 -2.043637753 -0.870619774 0.076235726 -0.486013651 -55.012519836
-0.486462504 0.047352161 0.872417271 280.633148193 0.090871446 0.995856822 -0.003381917 -2.062761307 -0.868962944 0.077632628 -0.488749981 -56.186408997
-0.488429040 0.047409307 0.871314764 282.794525146 0.092415772 0.995717645 -0.002373128 -2.082402468 -0.867695987 0.079364106 -0.490718752 -57.407165527
-0.490839601 0.047668412 0.869944930 284.940521240 0.093391925 0.995627582 -0.001861665 -2.101154566 -0.866230011 0.080332026 -0.493145406 -58.595092773
-0.492749095 0.047228239 0.868888855 287.110626221 0.092848703 0.995679140 -0.001465149 -2.113429785 -0.865203619 0.079953253 -0.495005041 -59.830665588
-0.495260984 0.046501845 0.867498696 289.287780762 0.092018574 0.995756924 -0.000843033 -2.124690056 -0.863857150 0.079408467 -0.497438580 -61.056045532
-0.497597635 0.047026064 0.866132319 291.460815430 0.093752734 0.995595515 -0.000193730 -2.136671782 -0.862326503 0.081105888 -0.499814779 -62.294784546
-0.500110626 0.046513952 0.864711344 293.642883301 0.093721010 0.995598257 0.000649547 -2.150518417 -0.860874891 0.081366472 -0.502268672 -63.538574219
-0.502168000 0.047076248 0.863487720 295.830200195 0.092962846 0.995669484 -0.000219373 -2.166153908 -0.859758794 0.080162108 -0.504369676 -64.806938171
-0.504899681 0.049547818 0.861754835 298.026245117 0.092020288 0.995751560 -0.003337722 -2.166020393 -0.858259022 0.077613726 -0.507314026 -66.069801331
-0.507718444 0.049224932 0.860115588 300.210998535 0.090541862 0.995886326 -0.003549136 -2.176610231 -0.856752098 0.076074488 -0.510086775 -67.360145569
-0.511866987 0.047426008 0.857754648 302.410247803 0.088499166 0.996073663 -0.002261725 -2.195783138 -0.854494095 0.074752867 -0.514054358 -68.660682678
-0.516586542 0.045447178 0.855028033 304.605834961 0.087106042 0.996199012 -0.000323508 -2.212719440 -0.851792753 0.074311018 -0.518581688 -69.970581055
-0.521174252 0.043967385 0.852316976 306.815826416 0.085898958 0.996303141 0.001130421 -2.231309891 -0.849116445 0.073802277 -0.523024321 -71.301513672
-0.525489509 0.044471908 0.849636972 309.037414551 0.086664133 0.996236622 0.001455388 -2.240287066 -0.846374691 0.074397840 -0.527365983 -72.647155762
-0.529789746 0.045715008 0.846896052 311.244964600 0.088840462 0.996044219 0.001809665 -2.249752283 -0.843463242 0.076197378 -0.531755269 -74.006217957
-0.533830285 0.046773832 0.844296992 313.453369141 0.089704387 0.995967269 0.001541761 -2.252297640 -0.840820074 0.076560169 -0.535873294 -75.373481750
-0.537520587 0.047097802 0.841934323 315.666809082 0.091312215 0.995818913 0.002590841 -2.268906355 -0.838292122 0.078271538 -0.539573789 -76.770233154
-0.541270018 0.045661572 0.839608073 317.853210449 0.091647424 0.995779335 0.004927489 -2.289228439 -0.835839391 0.079615019 -0.543170214 -78.169593811
-0.545440018 0.043732066 0.837008119 320.068939209 0.089661598 0.995951772 0.006391807 -2.296005726 -0.833340287 0.078533821 -0.547153115 -79.585144043
-0.549122274 0.043684993 0.834599495 322.271179199 0.089207441 0.995991468 0.006561148 -2.309129477 -0.830967367 0.078055367 -0.550818145 -81.029045105
-0.553054988 0.043434892 0.832011759 324.471405029 0.088901751 0.996015131 0.007098170 -2.308839083 -0.828387976 0.077892967 -0.554712594 -82.481765747
-0.556561708 0.043542899 0.829664409 326.645202637 0.090082392 0.995900810 0.008162339 -2.318986416 -0.825908124 0.079281010 -0.558202744 -83.942077637
-0.560975671 0.043051280 0.826712072 328.826660156 0.089984357 0.995900691 0.009198153 -2.312884808 -0.822927117 0.079551078 -0.562550008 -85.402542114
-0.564087927 0.042023569 0.824644566 330.996551514 0.089127861 0.995967805 0.010212682 -2.319425106 -0.820890427 0.079259664 -0.565558851 -86.901268005
-0.567977905 0.041269917 0.822008431 333.169921875 0.088833533 0.995981514 0.011376291 -2.308120012 -0.818235755 0.079483397 -0.569361627 -88.366203308
-0.570441663 0.040463284 0.820340753 335.313171387 0.089299604 0.995920420 0.012972670 -2.309818745 -0.816469073 0.080656253 -0.571727872 -89.854560852
-0.573492110 0.039636921 0.818251610 337.484558105 0.086736798 0.996152401 0.012537042 -2.299627304 -0.814606249 0.078162409 -0.574723542 -91.358230591
-0.576849997 0.038117614 0.815960169 339.643432617 0.082390226 0.996531487 0.011693466 -2.298715591 -0.812684298 0.073972523 -0.577989817 -92.850700378
-0.579891026 0.037302088 0.813839674 341.799316406 0.078911498 0.996826053 0.010538177 -2.290539265 -0.810863376 0.070332304 -0.580993950 -94.368057251
-0.582863569 0.035116438 0.811810911 343.951538086 0.077039555 0.996953487 0.012187673 -2.280804634 -0.808909774 0.069645301 -0.583793223 -95.890281677
-0.586121619 0.034529451 0.809486985 346.106994629 0.077834837 0.996870220 0.013835041 -2.272765160 -0.806475818 0.071115300 -0.586974800 -97.434196472
-0.589029610 0.034663487 0.807367563 348.246490479 0.077335082 0.996912122 0.013619815 -2.265480518 -0.804402411 0.070460327 -0.589891493 -98.993515015
-0.591497064 0.033568315 0.805608034 350.388092041 0.075260192 0.997069657 0.013711670 -2.251248837 -0.802787006 0.068740621 -0.592290223 -100.551643372
-0.594856203 0.030391706 0.803257346 352.525268555 0.073447727 0.997159839 0.016663959 -2.240590572 -0.800469518 0.068910092 -0.595398843 -102.122352600
-0.598218262 0.028113764 0.800839841 354.627044678 0.070815518 0.997329056 0.017886791 -2.215464592 -0.798197985 0.067412086 -0.598611355 -103.656372070
-0.599700511 0.027664285 0.799746096 356.698425293 0.069684714 0.997411072 0.017752262 -2.183340549 -0.797184527 0.066376127 -0.600075841 -105.242668152
-0.603799999 0.027536051 0.796660244 358.847076416 0.069325060 0.997430503 0.018066889 -2.172229290 -0.794115603 0.066137299 -0.604157329 -106.798072815
-0.606385589 0.027141552 0.794707537 360.942993164 0.068750687 0.997464240 0.018392550 -2.147616386 -0.792193174 0.065789655 -0.606713891 -108.378189087
-0.609288037 0.026209813 0.792515814 363.039337158 0.068701565 0.997440100 0.019830916 -2.141891956 -0.789967179 0.066529803 -0.609528899 -109.943138123
-0.612240970 0.024441559 0.790293396 365.115356445 0.065189563 0.997679412 0.019646974 -2.128162861 -0.787979305 0.063547559 -0.612413585 -111.521514893
-0.615207791 0.020890964 0.788088083 367.197814941 0.054989886 0.998351216 0.016462222 -2.107783318 -0.786444843 0.053464558 -0.615342200 -113.102935791
-0.618462980 0.023487033 0.785462856 369.257080078 0.047881100 0.998822331 0.007834001 -2.109985590 -0.784353793 0.042453866 -0.618859231 -114.684768677
-0.620537519 0.034194592 0.783430815 371.294830322 0.058444060 0.998286963 0.002719724 -2.117952824 -0.781995714 0.047474578 -0.621473074 -116.299491882
-0.621346474 0.035194680 0.782745063 373.342224121 0.065918908 0.997797072 0.007462623 -2.129941940 -0.780758142 0.056234576 -0.622297704 -117.928009033
-0.623553574 0.025506103 0.781364322 375.392883301 0.064168803 0.997764945 0.018638672 -2.119652748 -0.779142618 0.061761424 -0.623796642 -119.517486572
-0.626146078 0.015796518 0.779545665 377.439208984 0.059606634 0.997838676 0.027657231 -2.087530136 -0.777424037 0.063783564 -0.625734329 -121.166625977
-0.629256189 0.009965731 0.777134120 379.493835449 0.053813756 0.998076677 0.030774698 -2.033607483 -0.775332689 0.061185669 -0.628582120 -122.807151794
-0.631970167 0.009240216 0.774937570 381.493347168 0.052275389 0.998159826 0.030729298 -1.988752365 -0.773227513 0.059930172 -0.631290317 -124.410385132
-0.634402215 0.014853566 0.772860408 383.517761230 0.058230825 0.997892857 0.028620312 -1.952230453 -0.770806730 0.063161075 -0.633930385 -126.047996521
-0.636255980 0.021203745 0.771186531 385.500183105 0.062585860 0.997746110 0.024202544 -1.914775848 -0.768935204 0.063664384 -0.636148989 -127.678825378
-0.638696253 0.024174733 0.769079089 387.507385254 0.063702196 0.997736394 0.021540496 -1.887178421 -0.766817510 0.062749855 -0.638790548 -129.327636719
-0.641049564 0.024571860 0.767105937 389.498107910 0.063982554 0.997719169 0.021509647 -1.861325264 -0.764827788 0.062870160 -0.641159713 -130.974639893
-0.643833220 0.023551766 0.764803231 391.521087646 0.065079562 0.997589827 0.024065506 -1.844137192 -0.762393236 0.065267242 -0.643814206 -132.675537109
-0.646191478 0.023038942 0.762827516 393.517486572 0.065389022 0.997539997 0.025263330 -1.804018974 -0.760368884 0.066205494 -0.646108329 -134.347442627
-0.648241460 0.023073811 0.761085212 395.486358643 0.065478913 0.997527361 0.025528520 -1.772048950 -0.758614302 0.066383682 -0.648149371 -135.980758667
-0.649150908 0.023464967 0.760297596 397.500244141 0.065941617 0.997497141 0.025516100 -1.734601021 -0.757795930 0.066699050 -0.649073541 -137.716918945
-0.650588095 0.024316562 0.759041309 399.477813721 0.067002043 0.997427523 0.025475185 -1.700904846 -0.756469309 0.067431174 -0.650543690 -139.384094238
-0.651784420 0.023625581 0.758036196 401.455078125 0.068243362 0.997286975 0.027595615 -1.665460587 -0.755327642 0.069717348 -0.651628315 -141.066009521
-0.652377307 0.022773460 0.757552147 403.333984375 0.069793642 0.997106373 0.030128919 -1.630630493 -0.754673898 0.072527744 -0.652078986 -142.671585083
-0.653762043 0.022235386 0.756373584 405.270996094 0.071002364 0.996960640 0.032061998 -1.580232620 -0.753361702 0.074665204 -0.653353691 -144.330062866
-0.654658020 0.022653177 0.755585670 407.197631836 0.069878884 0.997084498 0.030651240 -1.532553673 -0.752688348 0.072865568 -0.654332280 -146.011810303
-0.656115055 0.022771049 0.754317164 409.271148682 0.066457503 0.997404814 0.027696325 -1.488724709 -0.751728833 0.068302006 -0.655925691 -147.775390625
-0.657944202 0.021683235 0.752754390 411.276031494 0.062634215 0.997697651 0.026006492 -1.443967819 -0.750457466 0.064259000 -0.657787502 -149.490585327
-0.658218145 0.021338038 0.752524793 413.212371826 0.062970839 0.997655749 0.026790522 -1.409357071 -0.750189006 0.065021127 -0.658018768 -151.213317871
-0.658502042 0.020892182 0.752288878 415.182922363 0.062325060 0.997694790 0.026847616 -1.367658615 -0.749993742 0.064565666 -0.658286214 -152.959503174
-0.659420788 0.019389495 0.751523972 417.150909424 0.058548503 0.997955620 0.025625590 -1.334624290 -0.749490678 0.060898650 -0.659207880 -154.658218384
-0.660120666 0.019072961 0.750917375 419.098693848 0.058208738 0.997970462 0.025822466 -1.294354439 -0.748900890 0.060755901 -0.659891009 -156.373687744
-0.660712779 0.017212044 0.750441492 421.076721191 0.057544529 0.997956514 0.027775019 -1.257888794 -0.748429894 0.061535116 -0.660353065 -158.085601807
-0.659992218 0.016219076 0.751097322 423.019714355 0.060583290 0.997659922 0.031691462 -1.207271576 -0.748825729 0.066420071 -0.659430444 -159.823898315
-0.658409297 0.014814953 0.752514303 424.948486328 0.065051988 0.997185051 0.037285123 -1.157893181 -0.749843597 0.073501416 -0.657519639 -161.528503418
-0.656583965 0.014617767 0.754111230 426.901855469 0.068967760 0.996787369 0.040726524 -1.076961517 -0.751093149 0.078749768 -0.655482709 -163.250152588
-0.654855907 0.011662508 0.755663693 428.866363525 0.062676325 0.997274578 0.038923707 -1.007041931 -0.753150284 0.072851650 -0.653802156 -164.952865601
-0.653677225 0.011188176 0.756690741 430.806457520 0.056138523 0.997852623 0.033742085 -0.949632645 -0.754688382 0.064535931 -0.652901649 -166.645843506
-0.651140213 0.009395054 0.758899212 432.767944336 0.051266909 0.998184085 0.031629976 -0.887691498 -0.757223964 0.059501961 -0.650439441 -168.355224609
-0.649763465 0.008885825 0.760084391 434.703247070 0.049697965 0.998288810 0.030814080 -0.847817421 -0.758510053 0.057796512 -0.649093151 -169.957672119
-0.647589982 0.009686206 0.761927366 436.662200928 0.051383056 0.998198211 0.030982465 -0.791757584 -0.760254443 0.059214089 -0.646920979 -171.585540771
-0.644073308 0.009648693 0.764902949 438.634216309 0.052053124 0.998155594 0.031239415 -0.737473488 -0.763190687 0.059936062 -0.643387616 -173.291320801
-0.641488016 0.010720769 0.767058134 440.598419189 0.050275307 0.998340249 0.028091785 -0.692041397 -0.765483856 0.056584626 -0.640962303 -174.947479248
-0.640101373 0.006025609 0.768266737 442.573547363 0.043813463 0.998628199 0.028671959 -0.647727966 -0.767040074 0.052013397 -0.639487326 -176.575820923
-0.638298333 -0.000262519 0.769789040 444.576721191 0.034410227 0.998990655 0.028873159 -0.600774765 -0.769019604 0.044918299 -0.637645006 -178.241210938
-0.637696385 -0.003838246 0.770278275 446.563079834 0.027359039 0.999243736 0.027629113 -0.562298775 -0.769801795 0.038693056 -0.637109101 -179.870391846
-0.636819005 -0.004477685 0.771000326 448.577606201 0.025660548 0.999306023 0.026998304 -0.526030540 -0.770586193 0.036977321 -0.636262238 -181.513549805
-0.635771394 -0.003626181 0.771868885 450.552490234 0.028590806 0.999192119 0.028243747 -0.482476234 -0.771347702 0.040024918 -0.635154128 -183.135223389
-0.634498179 -0.004676024 0.772910237 452.533111572 0.030019028 0.999078155 0.030687565 -0.437907219 -0.772341192 0.042673219 -0.633772910 -184.752044678
-0.632758915 -0.006938077 0.774317741 454.519775391 0.028418137 0.999078155 0.032174788 -0.384152412 -0.773827195 0.042363554 -0.631978452 -186.387496948
-0.631287098 -0.007212787 0.775515676 456.522949219 0.026923822 0.999150097 0.031209325 -0.338955879 -0.775081694 0.040581889 -0.630556405 -188.027587891
-0.629788160 -0.006369390 0.776740730 458.538116455 0.025298269 0.999267817 0.028706208 -0.283769608 -0.776354909 0.037729032 -0.629165947 -189.651733398
-0.628703356 -0.004204033 0.777633905 460.548370361 0.026778750 0.999275267 0.027052419 -0.233901024 -0.777184010 0.037832011 -0.628135085 -191.260040283
-0.627039373 -0.003772897 0.778978407 462.550964355 0.028703624 0.999197245 0.027944507 -0.194924355 -0.778458714 0.039881807 -0.626427650 -192.883239746
