1 -1.17944e-19 -2.31015e-20 1.38778e-17 -1.05849e-18 1 3.3944e-19 0 2.94222e-20 8.31989e-20 1 -5.55112e-17
0.999996 -0.00255778 -0.00146193 0.0426291 0.00256201 0.999993 0.00289785 -0.0102991 0.00145451 -0.00290159 0.999995 0.694851
0.999992 -0.00334084 -0.00209712 0.055927 0.00334865 0.999987 0.00373454 -0.0279778 0.00208461 -0.00374153 0.999991 1.56642
0.999992 -0.00227601 -0.0034232 0.042198 0.00228807 0.999991 0.0035246 -0.0437101 0.00341515 -0.0035324 0.999988 2.57572
0.999988 -0.00185265 -0.00458004 0.0220818 0.00187002 0.999991 0.00379135 -0.0640339 0.00457298 -0.00379987 0.999982 3.85056
0.999986 -0.00175023 -0.00493448 -0.0131575 0.0017696 0.999991 0.00392449 -0.0833851 0.00492756 -0.00393317 0.99998 5.2944
0.999974 -0.00225211 -0.00681657 -0.0301867 0.00227827 0.99999 0.0038322 -0.103423 0.00680787 -0.00384764 0.999969 6.84228
0.999965 -0.00342159 -0.0076496 -0.0531507 0.00344851 0.999988 0.00350955 -0.132737 0.0076375 -0.00353581 0.999965 8.40438
0.999937 -0.00449852 -0.0103229 -0.0749681 0.00454043 0.999982 0.00403997 -0.158234 0.0103046 -0.00408658 0.999939 9.94968
0.999933 -0.00466829 -0.0105968 -0.101358 0.0047152 0.999979 0.00440606 -0.187437 0.010576 -0.00445573 0.999934 11.4299
0.999944 -0.00401559 -0.00974886 -0.141157 0.00405358 0.999984 0.00388071 -0.203736 0.00973312 -0.00392001 0.999945 12.9005
0.999921 -0.00264216 -0.0122994 -0.155344 0.00269378 0.999988 0.00418219 -0.224738 0.0122881 -0.00421499 0.999916 14.4016
0.999936 -0.00149968 -0.0112346 -0.199062 0.00156228 0.999983 0.00556522 -0.247615 0.0112261 -0.00558241 0.999921 15.8669
0.999898 -0.000556918 -0.0142505 -0.215727 0.000638528 0.999983 0.00572287 -0.262064 0.0142471 -0.00573139 0.999882 17.3448
0.99991 -0.000435293 -0.0134429 -0.249661 0.000518789 0.999981 0.00620829 -0.288924 0.01344 -0.0062147 0.99989 18.8013
0.999908 4.7084e-05 -0.0135431 -0.276236 3.65807e-05 0.999981 0.00617733 -0.3071 0.0135432 -0.00617726 0.999889 20.246
0.999891 0.000982697 -0.0147568 -0.296449 -0.000888223 0.999979 0.00640727 -0.322469 0.0147628 -0.00639346 0.999871 21.6992
0.999892 0.00150318 -0.0146333 -0.326376 -0.00138943 0.999969 0.00778058 -0.343197 0.0146446 -0.00775941 0.999863 23.1242
0.999895 0.00186376 -0.0143417 -0.356559 -0.0017701 0.999977 0.0065402 -0.36228 0.0143535 -0.00651412 0.999876 24.5711
0.999895 0.00184579 -0.0144058 -0.389292 -0.00177707 0.999987 0.00478173 -0.383276 0.0144145 -0.00475562 0.999885 25.9718
0.999899 0.000581905 -0.0142306 -0.413417 -0.000516756 0.999989 0.00458129 -0.405074 0.0142331 -0.00457348 0.999888 27.403
0.999911 -0.000520019 -0.0133253 -0.438004 0.000611201 0.999976 0.00683966 -0.422887 0.0133214 -0.00684719 0.999888 28.8103
0.999907 -0.00229288 -0.0134154 -0.466328 0.00240394 0.999963 0.0082684 -0.443369 0.0133959 -0.00829989 0.999876 30.2079
0.999907 -0.00305085 -0.0133048 -0.490928 0.0031569 0.999963 0.00795695 -0.467186 0.01328 -0.00799821 0.99988 31.5983
0.999927 -0.00290674 -0.011714 -0.525948 0.00297709 0.999978 0.00599337 -0.483273 0.0116963 -0.0060278 0.999913 32.9579
0.999922 -0.00208531 -0.0123372 -0.538218 0.00214735 0.999985 0.00501693 -0.500663 0.0123266 -0.00504303 0.999911 34.3181
0.999933 -0.00152429 -0.0114481 -0.56166 0.0015753 0.999989 0.00444787 -0.529466 0.0114412 -0.00446561 0.999925 35.6643
0.999953 -0.000872764 -0.00962388 -0.583297 0.000925563 0.999985 0.00548314 -0.551307 0.00961894 -0.00549179 0.999939 36.984
0.999967 -0.000621224 -0.0080823 -0.611812 0.000680679 0.999973 0.00735561 -0.569182 0.00807751 -0.00736087 0.99994 38.2925
0.999978 -0.000969809 -0.00661374 -0.622668 0.00102583 0.999964 0.00847234 -0.595047 0.00660528 -0.00847894 0.999942 39.6056
0.999992 -0.00088831 -0.00388289 -0.641429 0.000923867 0.999958 0.00916517 -0.614068 0.00387459 -0.00916869 0.99995 40.8592
0.999999 -0.00134772 5.38854e-05 -0.662794 0.0013472 0.999961 0.00867357 -0.631414 -6.55729e-05 -0.00867349 0.999962 42.1155
0.999994 -0.00161191 0.00318486 -0.65719 0.00159007 0.999975 0.00684545 -0.649241 -0.00319582 -0.00684035 0.999971 43.3666
0.999973 -0.00171837 0.00708249 -0.656012 0.00168043 0.999984 0.00535817 -0.670061 -0.00709158 -0.00534612 0.999961 44.5982
0.999945 -0.00166472 0.0103914 -0.657675 0.00160614 0.999983 0.00564348 -0.689654 -0.0104006 -0.00562647 0.99993 45.8078
0.999863 -0.00157592 0.0164912 -0.65687 0.00148198 0.999983 0.00570677 -0.711257 -0.0164999 -0.00568155 0.999848 47.0003
0.999739 -0.000106207 0.0228575 -0.640579 -3.32906e-06 0.999989 0.00479205 -0.72893 -0.0228577 -0.00479087 0.999727 48.1871
0.999531 0.00147646 0.0305727 -0.621368 -0.0016257 0.999987 0.00485711 -0.746772 -0.0305651 -0.00490453 0.999521 49.3701
0.999247 0.00243103 0.0387185 -0.584763 -0.00265482 0.99998 0.00572947 -0.769704 -0.0387038 -0.00582795 0.999234 50.5178
0.99877 0.00440467 0.0493865 -0.541976 -0.0047202 0.999969 0.00627411 -0.784861 -0.0493574 -0.0064995 0.99876 51.6993
0.998009 0.00649383 0.0627435 -0.486983 -0.00690458 0.999956 0.00633184 -0.803507 -0.0626996 -0.00675244 0.99801 52.8364
0.996942 0.00858904 0.0776766 -0.419526 -0.00914545 0.999935 0.00681017 -0.820914 -0.077613 -0.00749973 0.996955 53.9653
0.995518 0.0104869 0.0939881 -0.326434 -0.0112902 0.999904 0.00801928 -0.836574 -0.093895 -0.00904448 0.995541 55.0728
0.993671 0.0107314 0.111819 -0.204923 -0.0117834 0.999892 0.00875134 -0.851528 -0.111713 -0.0100136 0.99369 56.1933
0.991283 0.0103082 0.131344 -0.0741552 -0.0114285 0.999904 0.00777813 -0.869881 -0.131252 -0.0092114 0.991306 57.2736
0.988349 0.00933667 0.151917 0.0855855 -0.0104513 0.999924 0.00654013 -0.881566 -0.151844 -0.00805166 0.988372 58.3588
0.98502 0.00671363 0.172309 0.272363 -0.00796592 0.999947 0.00657725 -0.896544 -0.172256 -0.00785133 0.985021 59.4247
0.980844 0.00153722 0.194787 0.465774 -0.00327404 0.999958 0.0085949 -0.91443 -0.194765 -0.009068 0.980808 60.4703
0.976078 -0.00399778 0.217382 0.69629 0.00190687 0.99995 0.0098275 -0.924419 -0.21741 -0.00917789 0.976037 61.483
0.970617 -0.00914406 0.240456 0.947304 0.00712717 0.999932 0.00925609 -0.936689 -0.240524 -0.00727035 0.970616 62.4745
0.963899 -0.0148832 0.265852 1.24035 0.0133097 0.999882 0.00771964 -0.957632 -0.265935 -0.00390255 0.963983 63.4838
0.956363 -0.01849 0.291594 1.54193 0.0167787 0.999824 0.00836872 -0.970775 -0.291697 -0.00311098 0.956506 64.4411
0.947532 -0.0216088 0.318929 1.86664 0.0193634 0.99976 0.0102096 -0.976286 -0.319073 -0.0034984 0.947724 65.4078
0.937567 -0.0263361 0.346806 2.19573 0.0231897 0.999644 0.0132203 -0.98495 -0.347031 -0.00435259 0.937844 66.3132
0.926626 -0.0292502 0.374846 2.5713 0.0263802 0.99957 0.0127866 -1.00005 -0.375059 -0.00195988 0.926999 67.224
0.914714 -0.0291835 0.403047 2.97402 0.0279741 0.999569 0.00888875 -1.00598 -0.403133 0.00314422 0.915136 68.1054
0.90155 -0.0297632 0.43165 3.37656 0.0312426 0.999505 0.00366442 -1.01727 -0.431545 0.0101822 0.902034 68.9536
0.887481 -0.0316377 0.459756 3.82487 0.0347458 0.999395 0.00170153 -1.03818 -0.459532 0.0144645 0.888043 69.7995
0.871796 -0.0323918 0.488796 4.29879 0.034734 0.999387 0.0042778 -1.04945 -0.488636 0.0132485 0.872387 70.6375
0.853756 -0.0318156 0.5197 4.79187 0.0312388 0.999463 0.00986763 -1.05765 -0.519735 0.00781029 0.854292 71.4464
0.83377 -0.0322396 0.551171 5.32492 0.0299561 0.999465 0.0131463 -1.05853 -0.551299 0.00554996 0.834289 72.2516
0.812925 -0.0267976 0.581752 5.86192 0.0263921 0.99961 0.00916598 -1.07595 -0.581771 0.0079024 0.813315 72.9915
0.790377 -0.0195616 0.612309 6.4306 0.0232738 0.999727 0.00189644 -1.08608 -0.612179 0.0127518 0.790616 73.742
0.767797 -0.0167453 0.640474 7.01897 0.0220905 0.999756 -0.000343325 -1.0917 -0.640312 0.014412 0.76798 74.4414
0.745153 -0.0191351 0.666619 7.63774 0.0234993 0.999721 0.00242897 -1.10563 -0.666479 0.0138551 0.745395 75.1163
0.720443 -0.0197336 0.693234 8.27102 0.0242417 0.999701 0.00326432 -1.11501 -0.69309 0.0144534 0.720706 75.7623
0.69473 -0.0183128 0.719037 8.93385 0.0253428 0.999678 0.000974252 -1.14221 -0.718824 0.0175455 0.694971 76.4027
0.668525 -0.0154718 0.743529 9.61469 0.0248008 0.999691 -0.00149676 -1.15867 -0.743276 0.0194407 0.668702 76.9969
0.640972 -0.0129498 0.767455 10.3118 0.0235848 0.999718 -0.0028289 -1.16428 -0.767202 0.0199135 0.641097 77.5837
0.613136 -0.0116354 0.789891 11.0299 0.0241757 0.9997 -0.00403992 -1.1818 -0.789607 0.0215732 0.613233 78.1443
0.584913 -0.00589957 0.811075 11.7335 0.0232659 0.999684 -0.00950689 -1.20768 -0.810762 0.024431 0.584866 78.662
0.55474 0.00356805 0.832016 12.5026 0.0220615 0.999576 -0.018996 -1.22899 -0.831731 0.0288933 0.554427 79.1776
0.523159 0.0120314 0.85215 13.2665 0.0212317 0.999406 -0.0271452 -1.26043 -0.851971 0.0322938 0.522593 79.6516
0.493641 0.0173583 0.869493 14.1002 0.0189651 0.999348 -0.0307179 -1.28905 -0.869459 0.0316536 0.49299 80.0941
0.461719 0.0169136 0.886865 14.9227 0.0170403 0.999465 -0.0279325 -1.32723 -0.886862 0.0280094 0.461184 80.5181
0.429147 0.0152314 0.903106 15.7574 0.0134212 0.99964 -0.0232372 -1.36424 -0.903135 0.0220929 0.428788 80.9066
0.394694 0.0163365 0.918668 16.6147 0.00920256 0.999721 -0.0217316 -1.40053 -0.918767 0.0170314 0.394433 81.2746
0.360495 0.0196119 0.932555 17.4692 0.00261142 0.999754 -0.0220346 -1.4364 -0.932758 0.0103786 0.360355 81.6081
0.32468 0.0217064 0.945575 18.3627 -0.00270019 0.999754 -0.022023 -1.46049 -0.94582 0.00459719 0.324659 81.9221
0.289122 0.0209889 0.957062 19.2787 -0.00450557 0.999778 -0.0205646 -1.49166 -0.957282 0.00163357 0.289152 82.1969
0.253394 0.0209274 0.967137 20.1925 -0.00533249 0.999781 -0.0202367 -1.52249 -0.967348 -2.93997e-05 0.25345 82.434
0.217482 0.0202468 0.975854 21.1288 -0.00444656 0.999795 -0.0197526 -1.56317 -0.976054 -4.33689e-05 0.217527 82.6382
0.181844 0.0192025 0.98314 22.0643 -0.00222593 0.999815 -0.0191165 -1.58707 -0.983325 0.00128781 0.181853 82.8016
0.147458 0.018585 0.988894 23.0051 0.00509268 0.999796 -0.0195492 -1.62312 -0.989055 0.00791881 0.147333 82.9292
0.11415 0.0221627 0.993216 23.9777 0.00810536 0.999697 -0.0232388 -1.66299 -0.99343 0.0107031 0.113935 83.0279
0.0815135 0.0271191 0.996303 24.9355 0.00845414 0.999575 -0.0278998 -1.69169 -0.996636 0.0106971 0.0812496 83.1072
0.0517981 0.0306208 0.998188 25.8904 0.0144239 0.999403 -0.0314066 -1.74108 -0.998553 0.0160245 0.0513255 83.1486
0.0267378 0.0287995 0.999228 26.8733 0.0176839 0.999415 -0.0292781 -1.78531 -0.999486 0.0184531 0.0262129 83.1673
0.00426232 0.0264052 0.999642 27.8545 0.0191077 0.999467 -0.0264821 -1.81565 -0.999808 0.0192138 0.0037555 83.1647
-0.0155879 0.0240904 0.999588 28.8231 0.0214124 0.999488 -0.0237541 -1.8526 -0.999649 0.0210333 -0.0160958 83.1524
-0.0324456 0.0266758 0.999118 29.8011 0.0222473 0.999415 -0.0259613 -1.89816 -0.999226 0.0213853 -0.0330201 83.1235
-0.0479979 0.0317035 0.998344 30.7725 0.0252497 0.999215 -0.0305172 -1.93119 -0.998528 0.0237431 -0.0487607 83.0776
-0.0610419 0.036518 0.997467 31.7439 0.02871 0.998981 -0.0348164 -1.97761 -0.997722 0.026512 -0.0620281 83.0167
-0.0699388 0.0403291 0.996736 32.7304 0.0351814 0.998661 -0.0379384 -2.02596 -0.996931 0.0324132 -0.071264 82.9442
-0.076472 0.0450093 0.996055 33.7091 0.0379767 0.998387 -0.042199 -2.08462 -0.996348 0.0345999 -0.0780579 82.8572
-0.07977 0.0506839 0.995524 34.6869 0.0404745 0.998048 -0.0475692 -2.1342 -0.995991 0.0364988 -0.0816656 82.7604
-0.0824689 0.0543188 0.995112 35.6781 0.0417845 0.997824 -0.051004 -2.19883 -0.995717 0.037374 -0.0845591 82.6684
-0.0845127 0.0572812 0.994775 36.68 0.0429096 0.997629 -0.0538001 -2.2637 -0.995498 0.0381386 -0.0867703 82.5805
-0.0873717 0.0611952 0.994294 37.6608 0.0437093 0.997386 -0.0575445 -2.32789 -0.995216 0.0384321 -0.0898181 82.4976
-0.0900398 0.0650671 0.99381 38.6504 0.0449982 0.99711 -0.0612063 -2.3959 -0.994921 0.0392087 -0.0927076 82.4037
-0.092004 0.0655465 0.993599 39.6542 0.04692 0.997008 -0.0614268 -2.48088 -0.994653 0.0409681 -0.0948042 82.2969
-0.0933356 0.0648599 0.99352 40.6627 0.0474898 0.99703 -0.0606277 -2.54683 -0.994501 0.0415233 -0.0961385 82.1962
-0.0964486 0.0643197 0.993258 41.6899 0.0480175 0.997049 -0.0599026 -2.62677 -0.994179 0.0419163 -0.0992524 82.1057
-0.0967035 0.0653693 0.993164 42.7054 0.047155 0.997021 -0.0610317 -2.70366 -0.994196 0.0409307 -0.0994979 81.9885
-0.0996153 0.0680324 0.992698 43.7199 0.0457632 0.996917 -0.0637293 -2.77009 -0.993973 0.0390806 -0.102422 81.893
-0.102101 0.0704207 0.992278 44.7383 0.0442896 0.996824 -0.0661861 -2.84673 -0.993788 0.0371899 -0.104895 81.7886
-0.105308 0.0740782 0.991677 45.7477 0.0424683 0.996647 -0.0699397 -2.92864 -0.993532 0.0347496 -0.108101 81.6908
-0.107735 0.0781841 0.991101 46.7639 0.0390012 0.996468 -0.074368 -3.01463 -0.993414 0.0306421 -0.110404 81.5869
-0.110328 0.0801361 0.990659 47.7979 0.0362157 0.996406 -0.0765677 -3.10606 -0.993235 0.0274299 -0.112833 81.4694
-0.11367 0.0786424 0.990401 48.8339 0.0336101 0.996596 -0.0752769 -3.1995 -0.99295 0.0247308 -0.115926 81.3607
-0.116601 0.0745727 0.990375 49.8901 0.0318226 0.996946 -0.0713208 -3.28255 -0.992669 0.0232002 -0.118618 81.2483
-0.118847 0.0725082 0.990262 50.938 0.0315154 0.997103 -0.0692268 -3.37165 -0.992412 0.0229811 -0.120788 81.1239
-0.121187 0.0730631 0.989937 51.9852 0.0315038 0.997068 -0.0697327 -3.45583 -0.99213 0.0227361 -0.123133 81.0061
-0.123369 0.0757742 0.989464 53.036 0.0327508 0.996848 -0.0722563 -3.54446 -0.99182 0.0234915 -0.125461 80.8794
-0.125271 0.0779168 0.989058 54.0732 0.0325988 0.996696 -0.0743897 -3.63662 -0.991587 0.0229232 -0.127397 80.7525
-0.125407 0.078793 0.988972 55.1396 0.0314176 0.996657 -0.0754213 -3.72758 -0.991608 0.0216127 -0.127463 80.6179
-0.125685 0.0776825 0.989024 56.2032 0.0286458 0.996798 -0.0746528 -3.81577 -0.991657 0.0189487 -0.127508 80.4921
-0.125892 0.077576 0.989006 57.2613 0.0254757 0.996862 -0.0749493 -3.90578 -0.991717 0.0157601 -0.127473 80.3724
-0.125813 0.0783131 0.988958 58.3399 0.0215817 0.996859 -0.0761932 -4.00003 -0.991819 0.0117573 -0.127108 80.2502
-0.125413 0.0781213 0.989024 59.4207 0.0173802 0.996915 -0.0765407 -4.09542 -0.991952 0.00759026 -0.126384 80.1079
-0.126465 0.0779817 0.988901 60.4988 0.0141023 0.996946 -0.0768126 -4.18901 -0.991871 0.00423163 -0.127179 79.9874
-0.126277 0.0728458 0.989317 61.5719 0.0134565 0.997334 -0.0717186 -4.28309 -0.991904 0.00425633 -0.12692 79.8437
-0.127198 0.0649069 0.989751 62.6576 0.0166405 0.997856 -0.0632998 -4.36332 -0.991738 0.00841833 -0.128005 79.7082
-0.128618 0.059961 0.98988 63.7719 0.0232104 0.998079 -0.0574419 -4.43836 -0.991422 0.0155874 -0.129763 79.5754
-0.126735 0.0616685 0.990018 64.8746 0.0305462 0.997835 -0.0582451 -4.52026 -0.991466 0.0228596 -0.128344 79.4063
-0.126035 0.0667152 0.98978 65.9556 0.0356066 0.997397 -0.0626946 -4.6063 -0.991386 0.027341 -0.128083 79.2626
-0.126791 0.0723215 0.989289 67.0378 0.0389933 0.996931 -0.0678826 -4.68519 -0.991163 0.0299688 -0.129222 79.1296
-0.125276 0.0762584 0.989187 68.1605 0.0394482 0.996636 -0.0718367 -4.79033 -0.991337 0.0300223 -0.127862 78.9848
-0.123764 0.0749928 0.989474 69.287 0.0372047 0.99679 -0.0708937 -4.86662 -0.991614 0.028039 -0.126157 78.8333
-0.124347 0.0700832 0.989761 70.4031 0.0368989 0.997139 -0.0659699 -4.95203 -0.991552 0.0283179 -0.126577 78.7095
-0.123547 0.0684032 0.989978 71.5263 0.0351231 0.997298 -0.0645257 -5.03253 -0.991717 0.0267991 -0.125616 78.5752
-0.123534 0.0685615 0.989969 72.6553 0.0334116 0.997332 -0.0649021 -5.11901 -0.991778 0.0250588 -0.125495 78.4474
-0.121516 0.0727115 0.989923 73.7929 0.0328863 0.997061 -0.0691989 -5.21275 -0.992044 0.0241461 -0.12355 78.2983
-0.12073 0.0757658 0.98979 74.9258 0.0337157 0.996821 -0.0721915 -5.30808 -0.992113 0.0246558 -0.122901 78.1555
-0.121126 0.074517 0.989836 76.0458 0.0325429 0.99694 -0.0710696 -5.3996 -0.992104 0.0236038 -0.12318 78.0243
-0.120596 0.0681018 0.990363 77.1905 0.0352588 0.997308 -0.064286 -5.49078 -0.992075 0.0271664 -0.122672 77.8721
-0.120996 0.0665704 0.990418 78.351 0.0354262 0.997403 -0.0627119 -5.5752 -0.992021 0.0274989 -0.12304 77.7335
-0.120327 0.0690684 0.990329 79.5062 0.0326051 0.997314 -0.065594 -5.66434 -0.992199 0.024397 -0.122256 77.5949
-0.120226 0.072582 0.99009 80.6621 0.0313928 0.997103 -0.0692842 -5.74982 -0.99225 0.0227519 -0.122156 77.4619
-0.120407 0.0718324 0.990122 81.8406 0.0305872 0.997174 -0.0686243 -5.84762 -0.992253 0.0220222 -0.122264 77.3229
-0.12048 0.06833 0.990361 83.0218 0.0303278 0.997416 -0.0651272 -5.93804 -0.992252 0.0221889 -0.122241 77.1853
-0.120146 0.0676895 0.990446 84.1892 0.0316636 0.997427 -0.0643256 -6.01982 -0.992251 0.0236326 -0.12198 77.0589
-0.119945 0.0682743 0.99043 85.3681 0.033324 0.997347 -0.0647154 -6.11149 -0.992221 0.0252428 -0.121902 76.9216
-0.119043 0.068321 0.990536 86.5541 0.0350986 0.997296 -0.0645691 -6.20318 -0.992268 0.0270799 -0.121119 76.7722
-0.117039 0.0680983 0.99079 87.7425 0.0352194 0.997303 -0.0643856 -6.29015 -0.992503 0.0273594 -0.119122 76.6218
-0.116054 0.0681964 0.990899 88.9203 0.0352814 0.997294 -0.0645043 -6.38275 -0.992616 0.0274743 -0.118146 76.4887
-0.113885 0.0663243 0.991278 90.1338 0.0367142 0.997369 -0.0625139 -6.4787 -0.992815 0.0292746 -0.116021 76.3375
-0.112443 0.0658852 0.991472 91.3373 0.0354891 0.997429 -0.0622562 -6.56015 -0.993024 0.0281861 -0.114492 76.198
-0.111271 0.0651465 0.991653 92.5433 0.0365192 0.997443 -0.0614292 -6.64919 -0.993119 0.0293791 -0.113365 76.0636
-0.109308 0.0655256 0.991846 93.7571 0.0352634 0.997452 -0.0620098 -6.74148 -0.993382 0.0281977 -0.11134 75.9385
-0.109523 0.0678392 0.991667 94.9762 0.0345142 0.997326 -0.0644145 -6.83402 -0.993385 0.0271717 -0.111572 75.8176
-0.107012 0.0666453 0.992022 96.2064 0.0316267 0.997474 -0.0635999 -6.92499 -0.993754 0.0245684 -0.10885 75.6697
-0.107794 0.0655012 0.992013 97.4132 0.0297629 0.997593 -0.0626356 -7.01538 -0.993728 0.0227735 -0.109484 75.5561
-0.108294 0.066352 0.991902 98.6323 0.0268809 0.997601 -0.0637984 -7.10932 -0.993755 0.0197543 -0.109817 75.433
-0.108013 0.0659011 0.991963 99.8699 0.0230815 0.997698 -0.0637688 -7.19922 -0.993881 0.0160081 -0.109285 75.3023
-0.107979 0.0631873 0.992143 101.115 0.0212312 0.997897 -0.0612431 -7.29213 -0.993926 0.0144514 -0.109093 75.1643
-0.109551 0.0616719 0.992066 102.347 0.0191038 0.99802 -0.0599324 -7.38093 -0.993798 0.0123866 -0.110512 75.0307
-0.110186 0.0609264 0.992042 103.596 0.0173522 0.998085 -0.0593702 -7.46769 -0.993759 0.0106723 -0.111032 74.8961
-0.11234 0.0610804 0.991791 104.832 0.0173526 0.998077 -0.059502 -7.55941 -0.993518 0.0105257 -0.113184 74.7725
-0.114723 0.0593827 0.991621 106.065 0.0161034 0.998192 -0.0579131 -7.65422 -0.993267 0.00932448 -0.115472 74.6372
-0.117595 0.0550237 0.991536 107.311 0.0160642 0.998439 -0.0535016 -7.73473 -0.992932 0.00963674 -0.118295 74.5041
-0.121786 0.0549794 0.991033 108.563 0.0154431 0.998449 -0.0534931 -7.8173 -0.992436 0.00878995 -0.122446 74.3548
-0.127191 0.0602314 0.990048 109.776 0.0104606 0.998181 -0.0593823 -7.9086 -0.991823 0.00280362 -0.127589 74.2125
-0.133779 0.0629622 0.989009 111.01 0.00712254 0.998015 -0.0625721 -7.9974 -0.990986 -0.00132657 -0.133962 74.0427
-0.142917 0.0590912 0.987969 112.217 0.00919098 0.998252 -0.0583767 -8.09089 -0.989692 0.000737382 -0.14321 73.8783
-0.154529 0.0568002 0.986354 113.442 0.0133528 0.998375 -0.0554004 -8.17961 -0.987898 0.00460959 -0.155037 73.7066
-0.167197 0.0578361 0.984226 114.65 0.0144669 0.998314 -0.0562064 -8.27744 -0.985817 0.00484118 -0.167752 73.5041
-0.181656 0.0583362 0.98163 115.857 0.014412 0.99829 -0.0566592 -8.35778 -0.983256 0.00385477 -0.182186 73.2869
-0.195431 0.0567551 0.979074 117.042 0.0165873 0.998373 -0.0545628 -8.43623 -0.980577 0.00557696 -0.196054 73.0579
-0.210646 0.05902 0.975779 118.219 0.0204485 0.998223 -0.0559632 -8.52763 -0.977348 0.00816482 -0.211479 72.8063
-0.226118 0.0626209 0.972085 119.397 0.0213147 0.998011 -0.059333 -8.61382 -0.973867 0.00730346 -0.227003 72.5346
-0.240129 0.0657133 0.968514 120.565 0.0198958 0.99783 -0.0627695 -8.71225 -0.970537 0.0041966 -0.240915 72.2398
-0.256353 0.0639167 0.964468 121.72 0.0158993 0.997955 -0.06191 -8.80037 -0.966452 -0.000536434 -0.256845 71.948
-0.271911 0.0589982 0.960512 122.894 0.0113228 0.998246 -0.0581105 -8.88331 -0.962256 -0.00492524 -0.272102 71.6306
-0.287292 0.0556827 0.956223 124.059 0.00955219 0.998426 -0.0552703 -8.96512 -0.957795 -0.00674469 -0.287372 71.3113
-0.303086 0.0565129 0.951286 125.198 0.00694284 0.998345 -0.0570964 -9.0534 -0.952938 -0.0107005 -0.302977 70.9716
-0.317023 0.0585885 0.946606 126.336 0.00637949 0.998199 -0.0596452 -9.13687 -0.948396 -0.01287 -0.316826 70.5971
-0.330646 0.0605175 0.941813 127.457 0.00758055 0.99808 -0.0614717 -9.22942 -0.943724 -0.0131859 -0.33047 70.2042
-0.344511 0.0608093 0.936811 128.575 0.00958773 0.998076 -0.0612602 -9.31883 -0.938733 -0.0121229 -0.344431 69.8005
-0.358419 0.0590709 0.93169 129.688 0.00949907 0.998175 -0.0596319 -9.40697 -0.933513 -0.012523 -0.358326 69.3814
-0.371133 0.0575727 0.926793 130.802 0.00946568 0.998259 -0.0582216 -9.4985 -0.928532 -0.0128352 -0.371031 68.9365
-0.386969 0.0592446 0.920187 131.902 0.0084472 0.99812 -0.0607098 -9.58078 -0.922054 -0.0157198 -0.386742 68.4986
-0.402479 0.0608732 0.913403 132.992 0.00886906 0.997999 -0.062603 -9.6748 -0.915386 -0.0170954 -0.402214 68.0329
-0.417675 0.0631908 0.906397 134.062 0.00995223 0.997837 -0.0649796 -9.75918 -0.908542 -0.0181197 -0.4174 67.5456
-0.432157 0.0657932 0.899395 135.128 0.0127495 0.997681 -0.066857 -9.85388 -0.901708 -0.0174259 -0.431994 67.0291
-0.447084 0.0695532 0.891784 136.189 0.0131306 0.997375 -0.0712058 -9.95292 -0.894396 -0.0201253 -0.446824 66.5103
-0.461848 0.0709977 0.884113 137.244 0.0126773 0.997218 -0.0734581 -10.0495 -0.886868 -0.0227183 -0.461463 65.9741
-0.476576 0.0686819 0.876447 138.314 0.0121531 0.997363 -0.0715491 -10.1552 -0.879049 -0.023447 -0.476154 65.3962
-0.491855 0.0652697 0.868227 139.361 0.00990872 0.997541 -0.0693776 -10.2391 -0.870621 -0.0255207 -0.491292 64.8099
-0.507541 0.0649524 0.859176 140.41 0.00923955 0.997508 -0.069952 -10.3434 -0.861578 -0.0275651 -0.506876 64.1987
-0.524895 0.0641457 0.848747 141.48 0.0077423 0.997475 -0.070598 -10.4392 -0.851132 -0.0304853 -0.524066 63.5734
-0.540676 0.0637988 0.838808 142.501 0.00717958 0.997434 -0.0712359 -10.5311 -0.8412 -0.0324932 -0.539746 62.9322
-0.556208 0.0633602 0.828624 143.528 0.00589905 0.997365 -0.0723032 -10.6314 -0.831022 -0.0353275 -0.555117 62.2612
-0.57148 0.0624489 0.818236 144.539 0.00522994 0.997357 -0.0724669 -10.7364 -0.820599 -0.0371341 -0.570297 61.5604
-0.586469 0.0596679 0.807771 145.543 0.0041502 0.997491 -0.0706689 -10.837 -0.809961 -0.0380927 -0.585246 60.8398
-0.600948 0.0566185 0.79728 146.522 0.00454796 0.997714 -0.0674242 -10.9292 -0.799275 -0.0368924 -0.599832 60.1143
-0.616144 0.0550905 0.785705 147.507 0.00536795 0.997821 -0.0657538 -11.0268 -0.787615 -0.0362961 -0.615097 59.3605
-0.630643 0.0539638 0.774195 148.474 0.00511136 0.997847 -0.0653894 -11.121 -0.776056 -0.0372802 -0.629561 58.5841
-0.645675 0.0543384 0.761676 149.441 0.00276626 0.997625 -0.0688261 -11.2235 -0.763607 -0.0423323 -0.644292 57.7775
-0.661087 0.0543213 0.74834 150.366 0.000864372 0.99743 -0.071639 -11.322 -0.750309 -0.0467128 -0.659435 56.9782
-0.676703 0.050465 0.734525 151.309 -0.00168457 0.997539 -0.0700871 -11.427 -0.736254 -0.0486655 -0.674953 56.1321
-0.692815 0.0443579 0.71975 152.229 -0.00417752 0.997843 -0.0655179 -11.5199 -0.721103 -0.0483985 -0.691135 55.2673
-0.709749 0.0417827 0.703215 153.143 -0.0054327 0.997885 -0.0647743 -11.6168 -0.704434 -0.0497938 -0.708021 54.3725
-0.727063 0.03995 0.685408 154.031 -0.00668117 0.997847 -0.0652482 -11.7121 -0.686538 -0.0520188 -0.72523 53.4715
-0.744563 0.0354032 0.666613 154.897 -0.0107799 0.997825 -0.065034 -11.8095 -0.667465 -0.0556079 -0.742562 52.5362
-0.761217 0.0348033 0.647563 155.725 -0.00946573 0.997856 -0.0647568 -11.8979 -0.648428 -0.0554236 -0.759255 51.5768
-0.777354 0.0352389 0.628076 156.534 -0.00934538 0.997673 -0.0675422 -12.008 -0.628994 -0.0583738 -0.775215 50.586
-0.792281 0.0355783 0.609118 157.321 -0.00562722 0.99783 -0.0656022 -12.1018 -0.61013 -0.055403 -0.790362 49.5909
-0.806114 0.0369875 0.590603 158.084 -0.00170348 0.997896 -0.06482 -12.2044 -0.591757 -0.0532584 -0.804355 48.5626
-0.820423 0.0388477 0.570436 158.82 0.00058099 0.997745 -0.0671126 -12.3055 -0.571757 -0.0547293 -0.818596 47.531
-0.834724 0.0397774 0.54923 159.518 0.000758907 0.99747 -0.0710873 -12.4143 -0.550668 -0.0589215 -0.832642 46.4829
-0.84759 0.0401719 0.529129 160.197 0.00277462 0.997452 -0.0712828 -12.5167 -0.530645 -0.0589504 -0.845542 45.4168
-0.859304 0.0397616 0.509917 160.862 0.00527465 0.99761 -0.0689014 -12.6236 -0.511437 -0.0565177 -0.85746 44.31
-0.869969 0.0411155 0.491389 161.496 0.00734456 0.997488 -0.0704588 -12.7214 -0.493051 -0.057688 -0.868086 43.2218
-0.879131 0.0439341 0.474551 162.088 0.010025 0.997226 -0.0737517 -12.838 -0.476475 -0.0600801 -0.877133 42.1016
-0.88835 0.0417457 0.457264 162.696 0.00802873 0.997119 -0.0754336 -12.9434 -0.459096 -0.0633403 -0.886126 40.9731
-0.895927 0.0395726 0.442434 163.261 0.00707424 0.997169 -0.0748643 -13.0466 -0.444144 -0.0639431 -0.893671 39.8595
-0.903195 0.0375449 0.427586 163.833 0.00607677 0.997186 -0.0747235 -13.1642 -0.429188 -0.0648915 -0.900881 38.6941
-0.909607 0.0364192 0.41387 164.355 0.00615852 0.997223 -0.074217 -13.2759 -0.415424 -0.0649595 -0.907306 37.5592
-0.916093 0.0334444 0.399569 164.881 0.00437578 0.99729 -0.0734421 -13.3841 -0.400942 -0.0655313 -0.913756 36.4008
-0.921908 0.02916 0.386311 165.394 0.0022225 0.997545 -0.069994 -13.4886 -0.387403 -0.0636694 -0.919709 35.2167
-0.927354 0.025099 0.373343 165.893 0.000320735 0.997801 -0.0662832 -13.5932 -0.374186 -0.0613482 -0.925322 34.0428
-0.931669 0.0258009 0.362391 166.361 0.0030824 0.998001 -0.0631294 -13.6902 -0.363295 -0.0576987 -0.929886 32.8467
-0.934324 0.0296238 0.355192 166.806 0.00702998 0.997878 -0.064733 -13.7923 -0.356356 -0.0579846 -0.932549 31.6431
-0.936241 0.0352108 0.34959 167.24 0.0125237 0.997678 -0.0669465 -13.888 -0.351136 -0.0582998 -0.934508 30.441
-0.937923 0.03778 0.344779 167.671 0.0149826 0.997535 -0.0685493 -13.9968 -0.346519 -0.0591283 -0.936178 29.2582
-0.939723 0.0352899 0.34011 168.11 0.0131209 0.997649 -0.0672633 -14.1078 -0.341684 -0.0587463 -0.937977 28.0534
-0.941756 0.0282531 0.335108 168.564 0.00731562 0.99795 -0.0635785 -14.2049 -0.336217 -0.0574239 -0.940032 26.8555
-0.943869 0.0229726 0.329519 169.005 0.00278816 0.998097 -0.0615965 -14.2995 -0.330307 -0.0572203 -0.942137 25.6676
-0.945164 0.0163908 0.326185 169.432 -0.00442441 0.998006 -0.0629701 -14.3895 -0.326566 -0.0609602 -0.943206 24.4604
-0.946553 0.013753 0.322254 169.856 -0.00786519 0.997809 -0.0656863 -14.4867 -0.322451 -0.0647102 -0.944372 23.2471
-0.948103 0.013473 0.317677 170.277 -0.00857476 0.997655 -0.0679031 -14.5891 -0.317846 -0.0671032 -0.945765 22.0757
-0.947976 0.0144717 0.318012 170.681 -0.00806638 0.997553 -0.0694408 -14.6936 -0.318239 -0.0683935 -0.94554 20.868
-0.948114 0.0170234 0.317474 171.096 -0.00599367 0.997431 -0.0713833 -14.8011 -0.317873 -0.0695824 -0.945576 19.671
-0.947906 0.0178215 0.318052 171.509 -0.00549474 0.997371 -0.0722622 -14.9089 -0.318504 -0.0702454 -0.945315 18.4731
-0.946972 0.0187267 0.32077 171.918 -0.00530896 0.997252 -0.073893 -15.0228 -0.321273 -0.0716775 -0.94427 17.2571
-0.945893 0.0203861 0.323837 172.33 -0.00370851 0.99728 -0.0736127 -15.1364 -0.324457 -0.0708307 -0.943245 16.0454
-0.945735 0.0204909 0.324293 172.762 -0.00366745 0.997273 -0.0737093 -15.2488 -0.324919 -0.0708988 -0.943081 14.8576
-0.944761 0.0186589 0.327229 173.187 -0.00580983 0.997268 -0.0736391 -15.3569 -0.327709 -0.0714724 -0.942071 13.6736
-0.943244 0.017509 0.331638 173.614 -0.0065862 0.997427 -0.0713921 -15.4662 -0.332035 -0.0695244 -0.940702 12.4938
-0.941139 0.0155652 0.337661 174.035 -0.00794523 0.997645 -0.0681337 -15.5712 -0.337926 -0.0668061 -0.938799 11.3205
-0.938543 0.0140724 0.344875 174.477 -0.00913253 0.997806 -0.0655681 -15.6694 -0.345041 -0.0646881 -0.936356 10.1347
-0.936268 0.0160509 0.35092 174.916 -0.00706355 0.997893 -0.0644889 -15.7769 -0.351216 -0.0628577 -0.934182 8.97618
-0.932776 0.0166005 0.360075 175.366 -0.00742601 0.997842 -0.0652404 -15.8705 -0.360381 -0.0635286 -0.930639 7.80808
-0.929353 0.0184683 0.368729 175.821 -0.00668969 0.997742 -0.0668339 -15.9743 -0.369131 -0.064579 -0.927131 6.66969
-0.925279 0.0204898 0.378733 176.298 -0.00532273 0.99774 -0.0669827 -16.0705 -0.379249 -0.0639936 -0.923079 5.51229
-0.919555 0.0220082 0.392345 176.772 -0.00485301 0.997718 -0.0673402 -16.1741 -0.392932 -0.0638271 -0.91735 4.36001
-0.913841 0.0236694 0.405382 177.279 -0.0046595 0.997623 -0.068753 -16.274 -0.406046 -0.0647182 -0.911558 3.22164
-0.907773 0.0251829 0.418706 177.801 -0.003716 0.997674 -0.0680612 -16.3853 -0.419446 -0.06334 -0.905568 2.08628
-0.901144 0.0252717 0.432783 178.333 -0.00372455 0.997811 -0.066021 -16.4768 -0.433504 -0.0611063 -0.899077 0.974087
-0.894942 0.0281112 0.445296 178.886 -0.00133764 0.99784 -0.0656812 -16.5807 -0.44618 -0.0593765 -0.892971 -0.136284
-0.888234 0.0296732 0.458433 179.465 -5.11666e-05 0.997905 -0.0646912 -16.6821 -0.459392 -0.0574843 -0.886372 -1.25005
-0.880639 0.0315166 0.472739 180.048 0.0022444 0.998051 -0.0623571 -16.7804 -0.473783 -0.0538531 -0.878993 -2.33307
-0.872016 0.0339631 0.488298 180.648 0.00533377 0.99819 -0.0599029 -16.8721 -0.489448 -0.0496319 -0.870619 -3.43456
-0.864566 0.0368263 0.501168 181.259 0.00871486 0.99826 -0.0583192 -16.9672 -0.502443 -0.0460532 -0.863383 -4.48956
-0.855558 0.0397359 0.51618 181.885 0.012273 0.998327 -0.0565097 -17.0618 -0.517562 -0.0420123 -0.854614 -5.51873
-0.845597 0.0426545 0.532115 182.529 0.0155852 0.99835 -0.0552611 -17.1516 -0.533595 -0.0384355 -0.844867 -6.54183
-0.834274 0.045866 0.549439 183.197 0.0190581 0.998337 -0.054401 -17.2369 -0.551021 -0.0349141 -0.833761 -7.54939
-0.822637 0.0466842 0.566647 183.867 0.0197188 0.998366 -0.0536252 -17.3246 -0.568224 -0.0329405 -0.822214 -8.55149
-0.810925 0.0485425 0.583133 184.558 0.0213088 0.998342 -0.0534736 -17.4096 -0.584762 -0.0309372 -0.810615 -9.52201
-0.799311 0.0506687 0.598778 185.264 0.0229774 0.998287 -0.0538026 -17.4888 -0.600478 -0.0292467 -0.799106 -10.4499
-0.783929 0.0514746 0.618713 185.992 0.0248501 0.99836 -0.0515739 -17.5724 -0.620353 -0.0250552 -0.783922 -11.4105
-0.768673 0.0528173 0.637458 186.739 0.0273238 0.998387 -0.0497744 -17.6569 -0.639058 -0.0208424 -0.768876 -12.3246
-0.753133 0.0560621 0.655475 187.508 0.0294794 0.998237 -0.0515068 -17.7308 -0.657207 -0.0194685 -0.753458 -13.2082
-0.735321 0.0572991 0.675292 188.292 0.03008 0.998197 -0.0519439 -17.8293 -0.677051 -0.0178826 -0.735719 -14.0858
-0.717858 0.0572384 0.693833 189.102 0.0288696 0.998205 -0.0524786 -17.9129 -0.695591 -0.0176415 -0.718222 -14.929
-0.697754 0.0574253 0.714032 189.947 0.0288097 0.998225 -0.0521283 -17.9984 -0.715758 -0.0158017 -0.69817 -15.7778
-0.677427 0.0576693 0.733326 190.796 0.028027 0.998222 -0.0526103 -18.0709 -0.735056 -0.0150867 -0.677839 -16.5698
-0.657167 0.0577093 0.751532 191.677 0.0255858 0.998198 -0.0542773 -18.154 -0.75331 -0.0164408 -0.65746 -17.3243
-0.637539 0.0569328 0.768312 192.565 0.0232335 0.998233 -0.0546913 -18.2355 -0.770068 -0.0170173 -0.637735 -18.057
-0.615246 0.0562132 0.786328 193.461 0.0216208 0.998282 -0.0544486 -18.3174 -0.788039 -0.0164982 -0.615405 -18.7755
-0.593583 0.0556442 0.802847 194.387 0.0210136 0.998338 -0.053657 -18.3982 -0.804498 -0.0149791 -0.593766 -19.4616
-0.569893 0.0555017 0.819842 195.344 0.0210197 0.998375 -0.0529767 -18.4856 -0.82145 -0.0129582 -0.570133 -20.1362
-0.54458 0.0584636 0.836669 196.298 0.0221731 0.998222 -0.0553202 -18.5671 -0.838416 -0.0115747 -0.544908 -20.7637
-0.518104 0.05932 0.853258 197.264 0.0225554 0.998193 -0.0557004 -18.6482 -0.85502 -0.00961299 -0.518506 -21.35
-0.490711 0.0580161 0.869389 198.263 0.0204453 0.998273 -0.0550768 -18.7261 -0.871082 -0.00925183 -0.49105 -21.9224
-0.462068 0.0546377 0.88516 199.273 0.0189228 0.998481 -0.0517545 -18.8144 -0.886643 -0.00716439 -0.462399 -22.458
-0.433325 0.0551887 0.899546 200.289 0.0196764 0.998465 -0.0517791 -18.8953 -0.901023 -0.00473731 -0.433746 -22.9528
-0.403099 0.0579123 0.913322 201.331 0.0195502 0.998313 -0.0546728 -18.9719 -0.914947 -0.00418293 -0.403551 -23.4128
-0.369675 0.0588152 0.927298 202.391 0.020906 0.998268 -0.0549823 -19.0553 -0.928926 -0.000939528 -0.370264 -23.8548
-0.337678 0.0595822 0.939374 203.473 0.02291 0.998219 -0.0550792 -19.1346 -0.940983 0.00292204 -0.338441 -24.2462
-0.306914 0.0599358 0.949848 204.567 0.0231484 0.99819 -0.0555065 -19.2108 -0.951456 0.00495181 -0.307745 -24.5832
-0.27224 0.0584155 0.960455 205.676 0.0246152 0.998252 -0.0537372 -19.292 -0.961914 0.00901237 -0.273202 -24.9081
-0.238286 0.0563369 0.96956 206.791 0.0248397 0.998343 -0.0519046 -19.37 -0.970877 0.0117155 -0.239291 -25.1855
-0.204185 0.0552424 0.977372 207.919 0.0257675 0.998364 -0.0510457 -19.448 -0.978593 0.0147617 -0.205274 -25.4173
-0.168718 0.0547559 0.984142 209.053 0.0270688 0.998337 -0.050905 -19.5245 -0.985293 0.018051 -0.16992 -25.6138
-0.133998 0.0536949 0.989526 210.175 0.0266951 0.998364 -0.0505595 -19.6043 -0.990622 0.0196406 -0.135212 -25.7758
-0.0994031 0.0536767 0.993598 211.316 0.0262652 0.998338 -0.051305 -19.6834 -0.9947 0.0209972 -0.100648 -25.8864
-0.0638379 0.0535284 0.996524 212.44 0.0250618 0.998332 -0.05202 -19.7631 -0.997645 0.0216538 -0.0650729 -25.9595
-0.0300856 0.0528587 0.998149 213.602 0.0245296 0.998339 -0.0521295 -19.8407 -0.999246 0.0229159 -0.0313323 -26.0009
0.00381951 0.0516844 0.998656 214.748 0.0230908 0.998393 -0.051759 -19.9169 -0.999726 0.0232575 0.00261994 -25.9963
0.0366487 0.0519179 0.997979 215.902 0.0221288 0.998363 -0.0527505 -19.9948 -0.999083 0.0240173 0.0354398 -25.9487
0.0681236 0.0507606 0.996385 217.044 0.0224543 0.998374 -0.0523972 -20.0787 -0.997424 0.0259426 0.066873 -25.8647
0.100778 0.0487396 0.993714 218.192 0.0225548 0.998431 -0.0512583 -20.1557 -0.994653 0.0275787 0.0995207 -25.7563
0.13125 0.0470082 0.990234 219.335 0.024031 0.998431 -0.0505825 -20.2354 -0.991058 0.0304353 0.129915 -25.6064
0.161562 0.0462609 0.985778 220.489 0.025145 0.998383 -0.0509735 -20.3136 -0.986542 0.0330228 0.160138 -25.4264
0.191811 0.0466716 0.980322 221.614 0.0268059 0.998247 -0.0527699 -20.3868 -0.981066 0.0364003 0.190224 -25.2122
0.221871 0.0455053 0.974014 222.743 0.0283848 0.998186 -0.0531004 -20.4661 -0.974663 0.0394286 0.220177 -24.9584
0.253217 0.0433276 0.966439 223.861 0.0309606 0.998122 -0.0528601 -20.5453 -0.966914 0.0433066 0.2514 -24.6719
0.282718 0.0420582 0.958281 224.997 0.0329856 0.998021 -0.053534 -20.6236 -0.958636 0.0467444 0.280771 -24.3396
0.312511 0.0407928 0.949038 226.099 0.0355665 0.997874 -0.0546037 -20.7093 -0.949248 0.0508182 0.310395 -23.9856
0.341086 0.0400354 0.939179 227.196 0.035567 0.997828 -0.0554525 -20.7887 -0.939359 0.0523178 0.338921 -23.5957
0.369868 0.0377897 0.928316 228.291 0.0376596 0.997742 -0.0556205 -20.8661 -0.928321 0.0555322 0.367609 -23.1658
0.397472 0.0363188 0.916895 229.362 0.0379269 0.997712 -0.0559613 -20.9457 -0.91683 0.0570181 0.395186 -22.7041
0.425874 0.0373405 0.904011 230.427 0.0383055 0.997508 -0.0592479 -21.0331 -0.903971 0.0598608 0.423383 -22.1987
0.453546 0.0388427 0.890386 231.481 0.039291 0.997207 -0.0635168 -21.1181 -0.890367 0.0637919 0.450753 -21.6613
0.482325 0.0362811 0.875241 232.522 0.040484 0.997151 -0.0636444 -21.2119 -0.875056 0.0661305 0.479482 -21.1064
0.508542 0.033912 0.860369 233.55 0.040781 0.997154 -0.063408 -21.3049 -0.860071 0.0673323 0.505711 -20.5071
0.534385 0.0314068 0.844658 234.553 0.0402866 0.997227 -0.0625676 -21.3998 -0.844281 0.0674635 0.531638 -19.876
0.557517 0.0311722 0.82958 235.541 0.0394216 0.997173 -0.0639628 -21.4891 -0.829229 0.0683637 0.554712 -19.2155
0.578942 0.0311306 0.814774 236.496 0.037873 0.997166 -0.0650102 -21.58 -0.814489 0.0684951 0.576122 -18.5318
0.598492 0.0297795 0.800575 237.468 0.0367111 0.99724 -0.0645393 -21.674 -0.800287 0.0680163 0.595747 -17.8076
0.615091 0.0271045 0.78799 238.406 0.0362859 0.997377 -0.0626309 -21.7698 -0.787621 0.0671166 0.612494 -17.0569
0.633447 0.0242073 0.773408 239.341 0.0366953 0.997446 -0.0612743 -21.8604 -0.772916 0.0671944 0.630941 -16.3045
0.650271 0.0209064 0.759415 240.268 0.0376689 0.997504 -0.059716 -21.9557 -0.758768 0.0674379 0.647861 -15.5332
0.663121 0.0191872 0.748266 241.158 0.0389574 0.997432 -0.0601009 -22.044 -0.747497 0.0690046 0.660671 -14.7245
0.679851 0.0187726 0.73311 242.058 0.038987 0.997333 -0.0616932 -22.1292 -0.732313 0.0705239 0.677306 -13.9014
0.695358 0.0173746 0.718453 242.948 0.0392508 0.997297 -0.0621071 -22.22 -0.717591 0.0713865 0.692797 -13.0439
0.709983 0.0149175 0.704061 243.789 0.0386199 0.997446 -0.0600784 -22.3094 -0.703159 0.0698454 0.707594 -12.1833
0.723728 0.0120129 0.68998 244.638 0.0388025 0.997558 -0.0580684 -22.3999 -0.688993 0.0687987 0.721495 -11.2935
0.738676 0.00975299 0.67399 245.479 0.0393713 0.997564 -0.0575853 -22.4885 -0.672909 0.0690727 0.736493 -10.3939
0.752587 0.00965969 0.658422 246.292 0.0396014 0.997419 -0.0598982 -22.5765 -0.657301 0.071153 0.750262 -9.46589
0.765156 0.0084016 0.643791 247.086 0.0398482 0.99738 -0.0603763 -22.6667 -0.642611 0.0718512 0.762816 -8.52615
0.776019 0.00775907 0.630662 247.858 0.0394878 0.997365 -0.0608597 -22.7505 -0.629472 0.0721317 0.773668 -7.5715
0.787819 0.00516579 0.615886 248.63 0.0396385 0.997467 -0.0590704 -22.8409 -0.614631 0.0709495 0.785618 -6.5834
0.798426 0.00212148 0.602089 249.39 0.0409191 0.997491 -0.0577773 -22.9368 -0.600701 0.0707679 0.796336 -5.59254
0.808384 0.00108857 0.588655 250.124 0.041393 0.997418 -0.0586884 -23.0287 -0.587198 0.0718089 0.806252 -4.58291
0.817611 -0.00065571 0.575771 250.846 0.0442324 0.997116 -0.0616758 -23.1145 -0.574069 0.0758946 0.815282 -3.55499
0.826871 -0.00352425 0.56238 251.567 0.0453027 0.997148 -0.0603601 -23.2099 -0.560563 0.0753874 0.824673 -2.51587
0.834779 -0.00645619 0.550547 252.264 0.0475077 0.997047 -0.0603425 -23.2954 -0.548531 0.0765279 0.832621 -1.47023
0.842167 -0.00808341 0.539157 252.963 0.0485013 0.99697 -0.0608122 -23.3876 -0.537032 0.0773638 0.840007 -0.397934
0.847449 -0.00929718 0.530796 253.634 0.0487808 0.99698 -0.060419 -23.4799 -0.528631 0.0770946 0.845343 0.675905
0.851685 -0.0108135 0.523942 254.312 0.0487841 0.997082 -0.0587215 -23.5714 -0.521778 0.0755723 0.849727 1.77735
0.854563 -0.012686 0.519193 254.969 0.0495497 0.997133 -0.0571921 -23.6633 -0.516979 0.0746001 0.852741 2.87563
0.857602 -0.0133222 0.514141 255.64 0.0495385 0.997156 -0.0567938 -23.7548 -0.511922 0.0741763 0.855823 3.99374
0.860043 -0.0140791 0.510028 256.295 0.0496416 0.997186 -0.0561821 -23.8442 -0.507802 0.0736375 0.858321 5.10083
0.862553 -0.0170642 0.505679 256.97 0.0513509 0.997223 -0.0539393 -23.9306 -0.503355 0.0724926 0.861034 6.2396
0.864721 -0.0189905 0.501893 257.626 0.0526917 0.997201 -0.0530518 -24.0185 -0.49948 0.0723206 0.863301 7.36457
0.866494 -0.0198594 0.498793 258.274 0.0536493 0.997126 -0.0534982 -24.1062 -0.496296 0.0731157 0.865069 8.49215
0.869088 -0.020816 0.49422 258.95 0.0543941 0.997077 -0.0536564 -24.1927 -0.491659 0.0735148 0.867679 9.65557
0.871303 -0.0206726 0.49031 259.582 0.0535656 0.997149 -0.0531464 -24.2807 -0.487813 0.0725704 0.869926 10.7789
0.873636 -0.0216082 0.4861 260.229 0.0539294 0.997159 -0.0525979 -24.3702 -0.483582 0.0721665 0.872319 11.9341
0.875493 -0.0216146 0.482748 260.866 0.0534561 0.9972 -0.0522972 -24.4625 -0.480266 0.0715916 0.874197 13.0993
0.877562 -0.0204338 0.479028 261.511 0.0515713 0.997318 -0.0519344 -24.5495 -0.476682 0.0702798 0.876262 14.2618
0.877998 -0.0191054 0.478282 262.133 0.0498011 0.997426 -0.0515783 -24.6381 -0.476066 0.0691046 0.87669 15.427
0.878181 -0.0178807 0.477995 262.743 0.0485075 0.997478 -0.0518054 -24.7191 -0.475863 0.0686808 0.876834 16.5706
0.878473 -0.0163027 0.477514 263.361 0.0473638 0.997466 -0.0530799 -24.8046 -0.475439 0.0692461 0.877019 17.7233
0.87908 -0.0136147 0.47648 263.995 0.0450584 0.99749 -0.0546285 -24.8927 -0.47454 0.0694922 0.877486 18.8856
