1.000000000 0.000000000 0.000000000 0.000000000 0.000000000 1.000000000 0.000000000 0.000000000 0.000000000 0.000000000 1.000000000 0.000000000
0.999995828 -0.002445170 -0.001484463 0.003349230 0.002449750 0.999992251 0.003090852 -0.015884662 0.001476894 -0.003094477 0.999994099 1.504659653
0.999992549 -0.002883004 -0.002533637 -0.014007546 0.002891595 0.999990046 0.003393947 -0.023206335 0.002523826 -0.003401249 0.999991059 2.994144678
0.999990761 -0.001519229 -0.004027088 -0.023138482 0.001533057 0.999992907 0.003432817 -0.041687757 0.004021844 -0.003438959 0.999985993 4.471538544
0.999982178 -0.001330376 -0.005815993 -0.034045015 0.001350639 0.999993026 0.003481506 -0.060239267 0.005811320 -0.003489299 0.999976993 5.957386017
0.999983907 -0.000796705 -0.005622795 -0.080688283 0.000815892 0.999993801 0.003410916 -0.065873675 0.005620043 -0.003415448 0.999978423 7.427171230
0.999971330 -0.000917104 -0.007516687 -0.105461217 0.000940346 0.999994755 0.003088999 -0.069805019 0.007513815 -0.003095978 0.999967039 8.933204651
0.999946177 -0.003224301 -0.009876301 -0.114032909 0.003252155 0.999990702 0.002805423 -0.093187958 0.009867164 -0.002837391 0.999947250 10.372862816
0.999916375 -0.005200260 -0.011844979 -0.115503997 0.005239853 0.999980748 0.003313939 -0.107736707 0.011827516 -0.003375727 0.999924362 11.837503433
0.999915540 -0.004770597 -0.012090452 -0.140167296 0.004815934 0.999981403 0.003723464 -0.133303106 0.012072465 -0.003781376 0.999919951 13.258112907
0.999900162 -0.003393463 -0.013718630 -0.173681960 0.003435117 0.999989510 0.003013839 -0.138505548 0.013708257 -0.003060664 0.999901354 14.705300331
0.999886274 -0.001774824 -0.014978408 -0.188756913 0.001824315 0.999992967 0.003291131 -0.149402529 0.014972460 -0.003318083 0.999882400 16.165199280
0.999887228 -0.000562542 -0.015004863 -0.233262107 0.000627121 0.999990523 0.004299527 -0.162539810 0.015002302 -0.004308454 0.999878168 17.586799622
0.999867618 0.001061758 -0.016234409 -0.249396712 -0.000989101 0.999989450 0.004482881 -0.160635829 0.016238995 -0.004466230 0.999858141 19.043607712
0.999872684 0.000426764 -0.015952449 -0.288693696 -0.000345034 0.999986768 0.005125789 -0.193844438 0.015954426 -0.005119632 0.999859631 20.442304611
0.999880493 0.001175685 -0.015418290 -0.335007340 -0.001098567 0.999986887 0.005009270 -0.198104352 0.015423980 -0.004991734 0.999868572 21.875339508
0.999861181 0.000823777 -0.016639384 -0.341100156 -0.000730403 0.999983907 0.005616890 -0.213219449 0.016643742 -0.005603958 0.999845803 23.299741745
0.999866366 0.001629872 -0.016265482 -0.369185388 -0.001523119 0.999977231 0.006573383 -0.217413485 0.016275825 -0.006547731 0.999846101 24.713048935
0.999865532 0.002519927 -0.016199835 -0.405472547 -0.002433880 0.999982774 0.005329112 -0.235358849 0.016212985 -0.005288966 0.999854505 26.138776779
0.999873281 0.002607614 -0.015703008 -0.437655360 -0.002553034 0.999990582 0.003494845 -0.246649146 0.015711976 -0.003454312 0.999870598 27.531877518
0.999878585 0.001015995 -0.015542850 -0.464660972 -0.000966609 0.999994516 0.003184566 -0.260092467 0.015545998 -0.003169157 0.999874055 28.972925186
0.999881446 -0.000104425 -0.015396781 -0.490177900 0.000192657 0.999983549 0.005729186 -0.279170126 0.015395930 -0.005731475 0.999865055 30.310325623
0.999887645 -0.001818045 -0.014877838 -0.513986766 0.001922131 0.999973714 0.006984784 -0.286983103 0.014864749 -0.007012596 0.999864936 31.716567993
0.999886811 -0.002753307 -0.014786359 -0.539249361 0.002854214 0.999972761 0.006807553 -0.309628725 0.014767213 -0.006848986 0.999867499 33.054210663
0.999898672 -0.002453930 -0.014023794 -0.574834049 0.002525092 0.999984145 0.005058941 -0.324030250 0.014011156 -0.005093840 0.999888837 34.415218353
0.999905288 -0.001698956 -0.013665737 -0.593496144 0.001751292 0.999991119 0.003818675 -0.326941550 0.013659129 -0.003842245 0.999899328 35.755317688
0.999917030 -0.001487184 -0.012797533 -0.609283388 0.001528947 0.999993503 0.003254204 -0.353600293 0.012792611 -0.003273501 0.999912798 37.061168671
0.999934793 -0.000308903 -0.011417982 -0.641874731 0.000354450 0.999992013 0.003987251 -0.367961556 0.011416657 -0.003991038 0.999926865 38.364074707
0.999953985 0.000160376 -0.009585578 -0.671024740 -0.000105155 0.999983430 0.005761009 -0.378410488 0.009586341 -0.005759737 0.999937415 39.630249023
0.999966681 -0.000518599 -0.008151783 -0.666023731 0.000575015 0.999975979 0.006919930 -0.396542728 0.008147996 -0.006924386 0.999942839 40.932003021
0.999984562 0.000999253 -0.005468106 -0.708180487 -0.000957811 0.999970853 0.007576204 -0.411048293 0.005475517 -0.007570851 0.999956369 42.170013428
0.999998689 0.000583615 -0.001506420 -0.729567289 -0.000573310 0.999976516 0.006832546 -0.422665149 0.001510373 -0.006831674 0.999975502 43.389545441
0.999998629 -0.000338527 0.001640467 -0.716865659 0.000330508 0.999987960 0.004886029 -0.429965168 -0.001642102 -0.004885480 0.999986708 44.630950928
0.999984622 -0.000537662 0.005538615 -0.732932925 0.000518765 0.999994040 0.003412809 -0.449600458 -0.005540418 -0.003409883 0.999978840 45.817390442
0.999955118 -0.000075368 0.009467355 -0.730009079 0.000040364 0.999993145 0.003697526 -0.459520042 -0.009467568 -0.003696977 0.999948323 47.000057220
0.999878168 0.000905666 0.015583334 -0.733593464 -0.000966171 0.999992013 0.003875565 -0.477735102 -0.015579699 -0.003890148 0.999871016 48.173118591
0.999758720 0.001953708 0.021878101 -0.711788774 -0.002018378 0.999993682 0.002934188 -0.492108643 -0.021872228 -0.002977638 0.999756277 49.362388611
0.999548197 0.003717069 0.029822690 -0.694444060 -0.003798567 0.999989152 0.002676568 -0.498385757 -0.029812422 -0.002788642 0.999551654 50.518558502
0.999273121 0.004781336 0.037820734 -0.658290982 -0.004929177 0.999980569 0.003816701 -0.519755542 -0.037801750 -0.004000351 0.999277234 51.654323578
0.998797894 0.006992952 0.048519146 -0.614164114 -0.007202026 0.999965608 0.004135622 -0.526187837 -0.048488557 -0.004480087 0.998813689 52.803237915
0.998051584 0.009802680 0.061619405 -0.560547590 -0.010092161 0.999939442 0.004388408 -0.543561637 -0.061572652 -0.005001732 0.998090029 53.908245087
0.996986926 0.011628221 0.076693997 -0.491741657 -0.012022910 0.999916673 0.004686548 -0.553449154 -0.076633111 -0.005594511 0.997043729 55.007652283
0.995566785 0.014257230 0.092970945 -0.416697025 -0.014889051 0.999870420 0.006105789 -0.569297194 -0.092871867 -0.007462969 0.995650113 56.071823120
0.993759930 0.013944608 0.110664979 -0.289549351 -0.014787332 0.999867499 0.006797958 -0.576539993 -0.110555530 -0.008391977 0.993834496 57.207672119
0.991384506 0.013898188 0.130244493 -0.167069435 -0.014749015 0.999875665 0.005570170 -0.582043409 -0.130150884 -0.007443157 0.991466224 58.263828278
0.988464057 0.013735037 0.150831923 -0.021504402 -0.014539167 0.999885321 0.004229733 -0.584855914 -0.150756553 -0.006373908 0.988550305 59.337219238
0.985173464 0.010461713 0.171241894 0.160931587 -0.011402188 0.999924839 0.004509462 -0.602281451 -0.171181843 -0.006395135 0.985218704 60.373233795
0.981074274 0.005895313 0.193541646 0.351269722 -0.007312417 0.999951422 0.006608392 -0.614285827 -0.193493292 -0.007898579 0.981069803 61.404369354
0.976354957 0.000239812 0.216173336 0.585203171 -0.002014674 0.999966025 0.007990044 -0.622917473 -0.216164082 -0.008236637 0.976322293 62.390335083
0.970759690 -0.005077014 0.239999786 0.827443123 0.003439009 0.999967873 0.007243337 -0.628300726 -0.240028858 -0.006206179 0.970745862 63.381053925
0.964110196 -0.010590724 0.265291274 1.097602844 0.009451286 0.999939799 0.005571264 -0.637857556 -0.265334338 -0.002863968 0.964152217 64.353065491
0.956594706 -0.014085790 0.291081011 1.393241882 0.012814955 0.999898314 0.006271926 -0.643067062 -0.291139752 -0.002269501 0.956677794 65.287818909
0.947842479 -0.016824877 0.318294674 1.701061249 0.014990018 0.999853790 0.008213282 -0.650494039 -0.318386316 -0.003013653 0.947956264 66.226959229
0.937854707 -0.021057812 0.346388876 2.033725739 0.018348562 0.999769986 0.011099339 -0.658532321 -0.346542954 -0.004053830 0.938025355 67.145751953
0.926950812 -0.024121100 0.374406874 2.410228729 0.021773377 0.999707758 0.010499810 -0.658477962 -0.374550760 -0.001580704 0.927205026 68.047271729
0.914973676 -0.024417883 0.402773827 2.771430969 0.023681402 0.999696374 0.006809292 -0.669686854 -0.402817816 0.003307927 0.915274143 68.855972290
0.901805341 -0.025062975 0.431414962 3.166408539 0.027229026 0.999628603 0.001155237 -0.673036695 -0.431283683 0.010705210 0.902152836 69.677032471
0.887744486 -0.027501645 0.459514201 3.623527527 0.031374533 0.999507368 -0.000793167 -0.693089485 -0.459266007 0.015121175 0.888170063 70.516723633
0.871967614 -0.026961414 0.488820583 4.074014664 0.029821727 0.999553382 0.001934846 -0.685599804 -0.488654375 0.012890354 0.872382224 71.318588257
0.854116082 -0.025574321 0.519453168 4.557401657 0.025559133 0.999647439 0.007189944 -0.687506437 -0.519453943 0.007135726 0.854468703 72.124053955
0.834160030 -0.025915982 0.550913155 5.078001022 0.023907768 0.999655545 0.010825944 -0.693504691 -0.551003993 0.004140534 0.834492385 72.928520203
0.813296795 -0.020577190 0.581484973 5.595100403 0.020577893 0.999766469 0.006597679 -0.714387178 -0.581484973 0.006599865 0.813530326 73.621734619
0.790716827 -0.012318834 0.612058103 6.170345306 0.016426064 0.999864519 -0.001096631 -0.711451471 -0.611961603 0.010920833 0.790812075 74.425064087
0.768653810 -0.010959217 0.639571249 6.717796326 0.016870894 0.999852717 -0.003143150 -0.711550236 -0.639442682 0.013206132 0.768725395 75.070320129
0.745321095 -0.012887565 0.666581154 7.322299957 0.017728237 0.999842584 -0.000491604 -0.715456247 -0.666469872 0.012183712 0.745432317 75.731529236
0.720614254 -0.013346374 0.693207681 7.939250946 0.018072473 0.999836564 0.000462933 -0.731117368 -0.693100572 0.012194383 0.720737696 76.378471375
0.694917738 -0.011571813 0.718996108 8.583274841 0.018715216 0.999822736 -0.001996913 -0.754315913 -0.718845606 0.014843858 0.695011258 77.005493164
0.668661296 -0.008674134 0.743516445 9.266254425 0.018223418 0.999822736 -0.004724442 -0.760824800 -0.743343771 0.016708463 0.668701053 77.627799988
0.641093493 -0.006109971 0.767438531 9.965724945 0.017048532 0.999834836 -0.006281598 -0.761622727 -0.767273486 0.017110789 0.641091764 78.228836060
0.613773882 -0.004763535 0.789467454 10.608585358 0.017050479 0.999828458 -0.007223122 -0.782972336 -0.789297700 0.017894158 0.613749921 78.718223572
0.584533691 0.001343484 0.811368287 11.318199158 0.015907340 0.999787390 -0.013115594 -0.804709375 -0.811213434 0.020573221 0.584388137 79.233993530
0.554289281 0.011094058 0.832250178 12.077545166 0.014600288 0.999627590 -0.023049213 -0.818687022 -0.832195997 0.024927026 0.553920984 79.752075195
0.522574961 0.020133577 0.852355540 12.817653656 0.012995800 0.999416888 -0.031574987 -0.840451300 -0.852494359 0.027577341 0.522008598 80.229164124
0.492563844 0.024828842 0.869922042 13.664985657 0.011059235 0.999333620 -0.034784354 -0.867688715 -0.870206058 0.026754187 0.491961032 80.670616150
0.459940106 0.024464549 0.887612820 14.461885452 0.009459585 0.999428630 -0.032448169 -0.898761392 -0.887899518 0.023320664 0.459445894 81.086395264
0.427357167 0.022887034 0.903793097 15.290452957 0.004929006 0.999605656 -0.027643993 -0.935570002 -0.904069483 0.016268661 0.427075803 81.464851379
0.392907232 0.023607880 0.919274986 16.141620636 0.001399861 0.999653816 -0.026270395 -0.975134015 -0.919577062 0.011608685 0.392738193 81.842384338
0.358418882 0.027366208 0.933159709 16.980249405 -0.005893989 0.999616623 -0.027051320 -1.002279997 -0.933542311 0.004195669 0.358442724 82.163619995
0.322302073 0.029005723 0.946192443 17.856864929 -0.010445322 0.999578536 -0.027084291 -1.034688950 -0.946579278 -0.001153962 0.322469234 82.474044800
0.286759526 0.028175855 0.957588255 18.762359619 -0.012736035 0.999591172 -0.025597805 -1.068006277 -0.957917988 -0.004855461 0.287001103 82.736640930
0.251039028 0.028062932 0.967570066 19.678560257 -0.013141013 0.999586344 -0.025582038 -1.094327688 -0.967887819 -0.006292760 0.251303941 82.968521118
0.213867411 0.027931824 0.976463258 20.557212830 -0.014013072 0.999575973 -0.025523787 -1.131580830 -0.976762116 -0.008224545 0.214168146 83.198654175
0.178695560 0.026459824 0.983548582 21.475986481 -0.011374430 0.999627113 -0.024825817 -1.160518408 -0.983838618 -0.006751042 0.178929895 83.359191895
0.144313961 0.025984494 0.989190698 22.423202515 -0.003352228 0.999662220 -0.025770506 -1.187618613 -0.989526331 0.000403052 0.144352317 83.490936279
0.110977590 0.029876314 0.993373752 23.381984711 -0.000950873 0.999550760 -0.029955862 -1.210748672 -0.993822455 0.002379857 0.110956125 83.583824158
0.077801824 0.033973437 0.996389747 24.325279236 -0.000734284 0.999420822 -0.034019448 -1.265019178 -0.996968508 0.001915143 0.077781714 83.680999756
0.048893403 0.038287900 0.998069882 25.270795822 0.006515628 0.999231398 -0.038651653 -1.293429494 -0.998782754 0.008392863 0.048606362 83.714050293
0.023833938 0.035867866 0.999072254 26.224605560 0.008146623 0.999315977 -0.036070958 -1.345302820 -0.999682665 0.008998780 0.023525439 83.728340149
0.001938228 0.033295002 0.999443710 27.199819565 0.010247651 0.999392450 -0.033313174 -1.376886249 -0.999945641 0.010306521 0.001595854 83.713706970
-0.017385516 0.030633114 0.999379456 28.166549683 0.010117307 0.999484837 -0.030460339 -1.417458296 -0.999797761 0.009581461 -0.017686484 83.701011658
-0.034207739 0.033467226 0.998854280 29.102333069 0.012361616 0.999376893 -0.033061389 -1.460807085 -0.999338388 0.011216497 -0.034600135 83.678627014
-0.049128041 0.038444735 0.998052239 30.057098389 0.014148058 0.999185443 -0.037791949 -1.492430925 -0.998692214 0.012263857 -0.049631942 83.635345459
-0.061803143 0.043453496 0.997142017 31.001873016 0.018983310 0.998922169 -0.042354494 -1.536766529 -0.997907817 0.016311416 -0.062561437 83.578918457
-0.070738427 0.046903342 0.996391535 31.975624084 0.024466919 0.998674929 -0.045273803 -1.587424755 -0.997194767 0.021176035 -0.071792290 83.508972168
-0.076492764 0.052212670 0.995702088 32.942920685 0.027083250 0.998368204 -0.050271869 -1.642651200 -0.996702194 0.023121415 -0.077782042 83.432083130
-0.079785720 0.056875147 0.995188057 33.911407471 0.028845740 0.998084426 -0.054728068 -1.697556973 -0.996394515 0.024340421 -0.081273496 83.349197388
-0.082421340 0.060599759 0.994753361 34.907974243 0.031234950 0.997816265 -0.058198333 -1.762531400 -0.996107996 0.026274290 -0.084134176 83.256515503
-0.083913043 0.064138450 0.994406700 35.901359558 0.031688672 0.997593403 -0.061669920 -1.815334678 -0.995969057 0.026336519 -0.085743561 83.152763367
-0.087045498 0.067977749 0.993882358 36.880882263 0.032610476 0.997328877 -0.065357417 -1.878784657 -0.995670438 0.026721910 -0.089029782 83.076583862
-0.089759104 0.072084680 0.993351460 37.849941254 0.034473427 0.997004509 -0.069234759 -1.940046310 -0.995366633 0.028029777 -0.091975249 82.992485046
-0.090833344 0.072426453 0.993228853 38.819885254 0.036061421 0.996936977 -0.069398932 -2.038123369 -0.995212972 0.029513508 -0.093166910 82.884284973
-0.092406429 0.071400657 0.993158042 39.808856964 0.036409549 0.997000992 -0.068289280 -2.104877234 -0.995055437 0.029850071 -0.094728947 82.776046753
-0.095664896 0.070709348 0.992899001 40.829696655 0.035678532 0.997076452 -0.067569263 -2.186373711 -0.994773984 0.028961178 -0.097908013 82.699508667
-0.096667044 0.071671106 0.992732942 41.799484253 0.036301058 0.996994436 -0.068443947 -2.268895149 -0.994654715 0.029420987 -0.098978229 82.581237793
-0.099608026 0.074274458 0.992250741 42.801971436 0.035385333 0.996843815 -0.071066067 -2.335643053 -0.994397402 0.028032370 -0.101921864 82.489242554
-0.102231190 0.076689281 0.991800129 43.772762299 0.031761423 0.996767163 -0.073799506 -2.400985479 -0.994253457 0.023956370 -0.104336470 82.389564514
-0.105179831 0.080472954 0.991191864 44.777526855 0.029615439 0.996531844 -0.077763878 -2.478055716 -0.994012058 0.021175390 -0.107198305 82.296188354
-0.107648030 0.084576234 0.990585089 45.784812927 0.026123472 0.996271551 -0.082222879 -2.567041636 -0.993845761 0.017026389 -0.109456100 82.210693359
-0.110435590 0.086893417 0.990077555 46.792640686 0.023997301 0.996113479 -0.084746458 -2.652548075 -0.993593633 0.014400165 -0.112091586 82.099960327
-0.113716282 0.085466363 0.989830375 47.808311462 0.021965168 0.996265829 -0.083498560 -2.744912148 -0.993270457 0.012246646 -0.115168914 81.994758606
-0.116611078 0.080990732 0.989869893 48.860698700 0.020255525 0.996656120 -0.079159796 -2.839556694 -0.992971122 0.010819427 -0.117861658 81.877342224
-0.119222224 0.079241827 0.989700377 49.885360718 0.018425500 0.996814907 -0.077591859 -2.922656298 -0.992696583 0.008985048 -0.120302558 81.764549255
-0.121686041 0.079717837 0.989362180 50.907497406 0.017788507 0.996784627 -0.078128003 -3.007127762 -0.992409229 0.008092186 -0.122712836 81.648300171
-0.123976409 0.082411103 0.988857090 51.937816620 0.018768078 0.996561766 -0.080700174 -3.093533278 -0.992107630 0.008554026 -0.125096843 81.535827637
-0.123713434 0.084903538 0.988679111 52.973243713 0.020442512 0.996339560 -0.083003409 -3.188327789 -0.992107391 0.009942448 -0.124996230 81.392837524
-0.124759406 0.085368179 0.988507628 53.994766235 0.019148085 0.996313214 -0.083625600 -3.282115936 -0.992002249 0.008494950 -0.125934109 81.272811890
-0.125088304 0.084270656 0.988560200 55.039222717 0.016459335 0.996425450 -0.082858421 -3.372637749 -0.992009044 0.005906422 -0.126028225 81.154647827
-0.124686144 0.084190130 0.988617897 56.094184875 0.012125789 0.996448338 -0.083327658 -3.460322380 -0.992122114 0.001597968 -0.125264123 81.032234192
-0.125561729 0.085369244 0.988405943 57.137912750 0.007675269 0.996344507 -0.085079886 -3.550140142 -0.992056072 -0.003096497 -0.125757962 80.922889709
-0.125064924 0.085093997 0.988492608 58.230419159 0.004241081 0.996351898 -0.085233964 -3.650841475 -0.992139399 -0.006467502 -0.124969579 80.773979187
-0.125300065 0.084869087 0.988482177 59.258502960 0.000086106 0.996335328 -0.085532427 -3.746154070 -0.992118895 -0.010632104 -0.124848157 80.652984619
-0.126026690 0.079595789 0.988828480 60.314559937 0.000892684 0.996784687 -0.080122441 -3.841307163 -0.992026508 -0.009214856 -0.125692517 80.528137207
-0.126925021 0.071683340 0.989318728 61.360588074 0.003941211 0.997413874 -0.071764246 -3.922502756 -0.991904557 -0.005209564 -0.126879305 80.406867981
-0.128466696 0.066653110 0.989471376 62.497215271 0.008917877 0.997776270 -0.066054694 -4.004652023 -0.991673768 0.000338157 -0.128775418 80.292076111
-0.125731453 0.067897469 0.989738107 63.578765869 0.017400382 0.997652650 -0.066229962 -4.099904060 -0.991911709 0.008894631 -0.126617759 80.104736328
-0.125245333 0.073807083 0.989376605 64.643608093 0.022953553 0.997177601 -0.071483351 -4.172455788 -0.991860211 0.013756754 -0.126585975 79.966781616
-0.126149312 0.079286672 0.988837719 65.684097290 0.026300022 0.996717811 -0.076563329 -4.260370731 -0.991662562 0.016348042 -0.127820507 79.854270935
-0.122871801 0.084735259 0.988798440 66.833457947 0.026715033 0.996269643 -0.082055792 -4.332282066 -0.992062926 0.016333442 -0.124677137 79.683876038
-0.122864321 0.082239911 0.989010096 67.938018799 0.024129035 0.996513486 -0.079866305 -4.422015190 -0.992130101 0.014051139 -0.124420322 79.549163818
-0.123517275 0.077080697 0.989344299 69.034591675 0.023237452 0.996930003 -0.074770570 -4.524486065 -0.992070317 0.013754385 -0.124929249 79.431999207
-0.122809179 0.074893564 0.989600360 70.129112244 0.020220617 0.997130215 -0.072954051 -4.611679077 -0.992224276 0.011050899 -0.123971157 79.295433044
-0.123379827 0.075282916 0.989499867 71.205551147 0.018743485 0.997117102 -0.073525362 -4.702150822 -0.992182493 0.009475130 -0.124435209 79.179481506
-0.121713392 0.080156773 0.989323258 72.343429565 0.019354580 0.996735930 -0.078376226 -4.794175148 -0.992376566 0.009608502 -0.122867502 79.013137817
-0.121245585 0.083020687 0.989144623 73.463226318 0.018707698 0.996510327 -0.081345789 -4.882686615 -0.992446244 0.008641802 -0.122375600 78.878326416
-0.121275343 0.081846453 0.989238679 74.558380127 0.018784432 0.996605515 -0.080153093 -4.977578163 -0.992441177 0.008861694 -0.122401118 78.743232727
-0.120940857 0.075166672 0.989809632 75.673324585 0.020469490 0.997105837 -0.073219649 -5.065855980 -0.992448628 0.011405652 -0.122129455 78.607757568
-0.121395975 0.073818453 0.989855468 76.831527710 0.019964466 0.997210801 -0.071918510 -5.158352852 -0.992403388 0.011031318 -0.122531116 78.461257935
-0.120842010 0.076614119 0.989710808 77.978950500 0.017820342 0.997023940 -0.075004384 -5.245485783 -0.992511749 0.008573302 -0.121847674 78.332252502
-0.120651476 0.080294065 0.989442229 79.111267090 0.017081020 0.996743679 -0.078803740 -5.325428963 -0.992547989 0.007392895 -0.121630110 78.193527222
-0.120877609 0.079441220 0.989483535 80.282012939 0.015925987 0.996819496 -0.078084618 -5.427767754 -0.992539704 0.006319818 -0.121758319 78.056793213
-0.120009951 0.076087408 0.989852667 81.454597473 0.015500041 0.997080803 -0.074763782 -5.520346642 -0.992651701 0.006370359 -0.120838977 77.912445068
-0.120049089 0.075268455 0.989910543 82.601051331 0.015507806 0.997142255 -0.073937640 -5.607952118 -0.992646813 0.006475196 -0.120873280 77.788581848
-0.119856343 0.075920179 0.989884079 83.759963989 0.017229719 0.997080624 -0.074385919 -5.701121330 -0.992641747 0.008139797 -0.120814525 77.669273376
-0.116924308 0.076177202 0.990214944 84.930747986 0.020147072 0.997030735 -0.074322566 -5.787911415 -0.992936432 0.011259818 -0.118111864 77.492332458
-0.116574362 0.075818934 0.990283787 86.085166931 0.019966040 0.997059286 -0.073987328 -5.874622345 -0.992981255 0.011147024 -0.117745362 77.361846924
-0.115495831 0.076230772 0.990378499 87.246376038 0.021139164 0.997013628 -0.074276283 -5.970906734 -0.993083000 0.012357176 -0.116762370 77.232215881
-0.113094129 0.074482426 0.990788639 88.445236206 0.021095950 0.997141480 -0.072551996 -6.063406467 -0.993360281 0.012696424 -0.114342116 77.080947876
-0.112342253 0.073693171 0.990933239 89.616325378 0.019674549 0.997215629 -0.071929887 -6.151717663 -0.993474722 0.011415402 -0.113479339 76.952552795
-0.111190408 0.072978288 0.991115928 90.810630798 0.020871859 0.997251630 -0.071088523 -6.244638920 -0.993579924 0.012782073 -0.112408012 76.811965942
-0.109112203 0.073405437 0.991315365 92.007003784 0.017990652 0.997252047 -0.071864866 -6.348855495 -0.993866563 0.009993074 -0.110132992 76.692893982
-0.109028921 0.075685285 0.991153002 93.185874939 0.018708799 0.997076869 -0.074079596 -6.445209026 -0.993862450 0.010466467 -0.110126182 76.586204529
-0.106318586 0.074529201 0.991535068 94.390144348 0.016726216 0.997179866 -0.073160015 -6.539560318 -0.994191349 0.008806360 -0.107265376 76.432197571
-0.107508518 0.072987430 0.991521478 95.558189392 0.013054683 0.997319341 -0.071998723 -6.632833481 -0.994118392 0.005203523 -0.108173139 76.336837769
-0.106288426 0.074312806 0.991554439 96.771614075 0.010764789 0.997230887 -0.073584303 -6.723311424 -0.994277060 0.002852714 -0.106794059 76.197982788
-0.107056238 0.073868208 0.991505027 97.973602295 0.007987768 0.997268021 -0.073435083 -6.811206818 -0.994220853 0.000058232 -0.107353799 76.073181152
-0.107220694 0.071000963 0.991696835 99.194190979 0.005926539 0.997474790 -0.070773870 -6.912161827 -0.994217575 -0.001711092 -0.107370712 75.926910400
-0.109676279 0.069573082 0.991529524 100.409942627 0.004206057 0.997570872 -0.069531746 -7.005051613 -0.993958473 -0.003455553 -0.109702490 75.818923950
-0.110307515 0.069067471 0.991494775 101.641685486 0.001859294 0.997595131 -0.069285549 -7.094793320 -0.993895888 -0.005799238 -0.110170655 75.684852600
-0.112336181 0.069367178 0.991246045 102.865814209 0.001453929 0.997570813 -0.069645017 -7.186153889 -0.993669212 -0.006382454 -0.112164162 75.559997559
-0.114163302 0.067334406 0.991177499 104.064071655 0.000873718 0.997706890 -0.067677334 -7.282638073 -0.993461609 -0.006860259 -0.113960341 75.418243408
-0.117493533 0.062617816 0.991097510 105.289375305 -0.001092535 0.998001337 -0.063183524 -7.368858814 -0.993073046 -0.008506467 -0.117190294 75.281173706
-0.121657535 0.062492199 0.990602911 106.489196777 -0.002876903 0.997989595 -0.063311517 -7.463989258 -0.992567897 -0.010552190 -0.121233188 75.134162903
-0.127666861 0.068583541 0.989442885 107.683288574 -0.007457050 0.997511744 -0.070105001 -7.545116901 -0.991789103 -0.016328411 -0.126837760 74.999794006
-0.134193778 0.071753889 0.988353908 108.891410828 -0.007114968 0.997279584 -0.073367916 -7.640675068 -0.990929544 -0.016877625 -0.133318186 74.831405640
-0.143061623 0.067701757 0.987395525 110.077117920 -0.004810363 0.997598290 -0.069098294 -7.735464096 -0.989702106 -0.014635043 -0.142392352 74.656158447
-0.154026300 0.064723141 0.985944569 111.274536133 -0.003480637 0.997810543 -0.066045828 -7.843148232 -0.988060594 -0.013604512 -0.153463781 74.481010437
-0.166985244 0.065926217 0.983752906 112.453498840 -0.002976656 0.997723818 -0.067367747 -7.930834770 -0.985954881 -0.014177713 -0.166408941 74.288093567
-0.181190640 0.066624865 0.981188595 113.614562988 -0.001320060 0.997685194 -0.067988791 -8.009072304 -0.983447134 -0.013614159 -0.180683270 74.083465576
-0.195617363 0.064255975 0.978572965 114.767959595 -0.000492302 0.997844636 -0.065619826 -8.101750374 -0.980680227 -0.013318125 -0.195164084 73.867660522
-0.210983306 0.066770986 0.975206435 115.923370361 0.003378723 0.997708201 -0.067580648 -8.193437576 -0.977483809 -0.010963441 -0.210725337 73.620796204
-0.226553947 0.070070006 0.971474886 117.084220886 0.003592313 0.997462153 -0.071106665 -8.280725479 -0.973991930 -0.012619653 -0.226230711 73.361190796
-0.240329996 0.074116834 0.967857540 118.222732544 0.004064739 0.997148812 -0.075350605 -8.373399734 -0.970682740 -0.014174917 -0.239946038 73.054779053
-0.257146806 0.071732394 0.963706434 119.339035034 0.000477497 0.997250557 -0.074101813 -8.468401909 -0.966372192 -0.018594874 -0.256474048 72.785774231
-0.272757828 0.066403039 0.959788501 120.505310059 -0.005599787 0.997488856 -0.070602722 -8.559803963 -0.962066412 -0.024632057 -0.271701038 72.461784363
-0.287738979 0.062788315 0.955648422 121.649734497 -0.007641023 0.997666240 -0.067849658 -8.644998550 -0.957678378 -0.026825123 -0.286587775 72.129898071
-0.303511530 0.064267151 0.950657904 122.776161194 -0.009681029 0.997463226 -0.070522137 -8.732240677 -0.952778578 -0.030607631 -0.302119434 71.800384521
-0.317348927 0.066653825 0.945963383 123.895576477 -0.009483119 0.997253954 -0.073449187 -8.815738678 -0.948261380 -0.032279704 -0.315845370 71.432418823
-0.331019223 0.068676710 0.941121578 125.021072388 -0.007476439 0.997125804 -0.075393192 -8.916593552 -0.943594396 -0.031992838 -0.329554319 71.030349731
-0.345379978 0.068634525 0.935949743 126.108322144 -0.005317937 0.997162879 -0.075085767 -9.011260986 -0.938447773 -0.030910442 -0.344035178 70.642959595
-0.359267890 0.066778548 0.930842221 127.207511902 -0.005370892 0.997272193 -0.073617175 -9.109012604 -0.933218956 -0.031447746 -0.357929289 70.221900940
-0.372900665 0.065571658 0.925551414 128.305175781 -0.004503423 0.997360110 -0.072473437 -9.214509964 -0.927860260 -0.031193541 -0.371620983 69.776817322
-0.388070166 0.066681527 0.919214308 129.364379883 -0.005931831 0.997177839 -0.074841417 -9.309741974 -0.921610713 -0.034496345 -0.386579365 69.348419189
-0.403543293 0.068307362 0.912407160 130.433486938 -0.005172771 0.997023106 -0.076929964 -9.411671638 -0.914945900 -0.035764240 -0.401988596 68.891792297
-0.417337477 0.070513278 0.906011879 131.503860474 -0.004734515 0.996802747 -0.079760231 -9.496991158 -0.908739209 -0.037576463 -0.415669352 68.398971558
-0.432246387 0.073095232 0.898788154 132.540740967 -0.001888394 0.996633708 -0.081960827 -9.596586227 -0.901753664 -0.037124541 -0.430653274 67.918914795
-0.446659863 0.076322839 0.891442537 133.576110840 -0.001907552 0.996271372 -0.086253777 -9.705304146 -0.894701838 -0.040226568 -0.444848835 67.396469116
-0.461692542 0.078462303 0.883563042 134.607727051 -0.000597523 0.996052563 -0.088763840 -9.809526443 -0.887039840 -0.041509554 -0.459823132 66.866806030
-0.476550281 0.076109014 0.875846565 135.670486450 -0.001604442 0.996168673 -0.087437689 -9.915041924 -0.879145682 -0.043073703 -0.474602401 66.289794922
-0.491861016 0.072312325 0.867665529 136.688293457 -0.003862315 0.996354043 -0.085226849 -10.015431404 -0.870665193 -0.045270961 -0.489788473 65.710205078
-0.507508337 0.071822561 0.858648300 137.713104248 -0.004416422 0.996289968 -0.085946098 -10.132586479 -0.861635506 -0.047410503 -0.505308270 65.101272583
-0.524742186 0.072128922 0.848199904 138.803253174 -0.004498790 0.996154904 -0.087493874 -10.221507072 -0.851249337 -0.049727596 -0.522399962 64.493743896
-0.540828645 0.071414724 0.838095665 139.812240601 -0.004771790 0.996112645 -0.087958738 -10.325263977 -0.841119289 -0.051569819 -0.538385451 63.868568420
-0.556225657 0.070205480 0.828060508 140.815490723 -0.006518298 0.996025920 -0.088824585 -10.442783356 -0.831005752 -0.054804049 -0.553557515 63.199302673
-0.571727812 0.069804356 0.817468464 141.806838989 -0.006232748 0.995975852 -0.089406356 -10.550348282 -0.820419669 -0.056211177 -0.568991840 62.518787384
-0.586687386 0.067353316 0.807007730 142.793594360 -0.006683141 0.996098638 -0.087993532 -10.657436371 -0.809785903 -0.057018042 -0.583948374 61.814208984
-0.601547122 0.063738674 0.796290457 143.751708984 -0.006391575 0.996395886 -0.084584445 -10.767036438 -0.798811793 -0.055971064 -0.598971605 61.109401703
-0.616620600 0.062350359 0.784787536 144.729568481 -0.005562568 0.996488869 -0.083540358 -10.871604919 -0.787240744 -0.055878140 -0.614108741 60.351951599
-0.630928814 0.060614053 0.773469329 145.640106201 -0.006335507 0.996507645 -0.083260722 -10.977237701 -0.775814950 -0.057431906 -0.628341258 59.618156433
-0.645936072 0.061146304 0.760938704 146.607086182 -0.007906287 0.996197641 -0.086762264 -11.095346451 -0.763350546 -0.062059082 -0.642996788 58.816650391
-0.661414266 0.060782447 0.747553825 147.513824463 -0.010066046 0.995901704 -0.089881375 -11.198486328 -0.749953210 -0.066973738 -0.658091664 58.039318085
-0.677007556 0.057572499 0.733720779 148.434753418 -0.011206399 0.996013820 -0.088493891 -11.315530777 -0.735890746 -0.068133406 -0.673663557 57.206569672
-0.692957044 0.050383687 0.719216347 149.332031250 -0.014443194 0.996384978 -0.083716214 -11.423539162 -0.720834196 -0.068399519 -0.689724207 56.373130798
-0.709949374 0.048053440 0.702611387 150.233337402 -0.015193307 0.996392131 -0.083497867 -11.533716202 -0.704088807 -0.069954254 -0.706657887 55.489982605
-0.727313280 0.045610454 0.684788287 151.103332520 -0.016780490 0.996309042 -0.084181920 -11.636947632 -0.686100543 -0.072717711 -0.723863542 54.605438232
-0.744648457 0.041168224 0.666186035 151.954742432 -0.020329731 0.996234119 -0.084288292 -11.754793167 -0.667147219 -0.076308534 -0.741007149 53.677112579
-0.761478782 0.039814468 0.646965921 152.773590088 -0.019144997 0.996294856 -0.083845921 -11.860689163 -0.647907138 -0.076233052 -0.757895052 52.756801605
-0.776995182 0.041258764 0.628153026 153.573242188 -0.017544299 0.996042967 -0.087124214 -11.977350235 -0.629262030 -0.078715600 -0.773196697 51.772304535
-0.792281270 0.040361539 0.608819544 154.345626831 -0.014257418 0.996312678 -0.084604055 -12.092828751 -0.609989226 -0.075710408 -0.788784504 50.810836792
-0.806464016 0.041856661 0.589800000 155.085601807 -0.010083788 0.996372581 -0.084498212 -12.210546494 -0.591197431 -0.074092157 -0.803116441 49.789821625
-0.820604086 0.042863190 0.569887519 155.797164917 -0.008107969 0.996209800 -0.086603366 -12.330546379 -0.571439624 -0.075687692 -0.817146361 48.778671265
-0.834364951 0.044464596 0.549416244 156.495864868 -0.006944049 0.995814085 -0.091137357 -12.448614120 -0.551168680 -0.079856992 -0.830563545 47.751922607
-0.847654402 0.044493001 0.528680027 157.160537720 -0.004711213 0.995806873 -0.091359459 -12.560974121 -0.530528009 -0.079931960 -0.843890429 46.735427856
-0.859238446 0.042494219 0.509807408 157.822341919 -0.003376340 0.996051252 -0.088714890 -12.685403824 -0.511564195 -0.077948518 -0.855702102 45.651157379
-0.869795918 0.044315532 0.491417497 158.440307617 -0.000137362 0.995936751 -0.090055689 -12.808441162 -0.493411571 -0.078397572 -0.866255522 44.592765808
-0.878917515 0.047476113 0.474605322 159.026367188 0.003124621 0.995585620 -0.093804814 -12.925921440 -0.476963639 -0.080963716 -0.875186026 43.476585388
-0.887876689 0.045412052 0.457834750 159.622512817 0.001653270 0.995425284 -0.095528774 -13.047668457 -0.460078508 -0.084060848 -0.883890033 42.364788055
-0.895994067 0.042928502 0.441986263 160.175277710 0.000809644 0.995472610 -0.095045313 -13.164247513 -0.444065362 -0.084802173 -0.891972303 41.272468567
-0.903259516 0.040798776 0.427150786 160.745605469 -0.000009565 0.995467603 -0.095101096 -13.300003052 -0.429094762 -0.085905045 -0.899165213 40.111427307
-0.909731269 0.038660057 0.413393825 161.254364014 -0.000715618 0.995508075 -0.094673462 -13.423312187 -0.415196925 -0.086423233 -0.905617177 38.990795135
-0.916232169 0.035689488 0.399055123 161.767944336 -0.002246771 0.995551169 -0.094195724 -13.542145729 -0.400641561 -0.087201722 -0.912075758 37.879974365
-0.922054470 0.030529633 0.385854393 162.288330078 -0.004995717 0.995862842 -0.090732805 -13.664699554 -0.387028009 -0.085588209 -0.918087065 36.715400696
-0.926888824 0.027676744 0.374314278 162.772415161 -0.005344348 0.996203244 -0.086892977 -13.800708771 -0.375297993 -0.082540579 -0.923221886 35.541500092
-0.931695580 0.027459823 0.362200767 163.253509521 -0.003094623 0.996502161 -0.083508991 -13.913779259 -0.363226980 -0.078925833 -0.928351641 34.390232086
-0.934307516 0.032036338 0.355025619 163.687576294 0.001463109 0.996289611 -0.086051486 -14.021175385 -0.356465071 -0.079879098 -0.930887699 33.187881470
-0.936029136 0.037903275 0.349875361 164.096878052 0.007755992 0.996163368 -0.087168261 -14.139298439 -0.351837009 -0.078878395 -0.932731986 32.019248962
-0.937758267 0.041007105 0.344859093 164.526107788 0.010604281 0.995922267 -0.089589179 -14.256107330 -0.347126693 -0.080356002 -0.934369266 30.835702896
-0.939577103 0.037680700 0.340257257 164.968643188 0.008043083 0.996079326 -0.088097677 -14.389211655 -0.342242837 -0.080037840 -0.936196446 29.614858627
-0.941555321 0.030500656 0.335474670 165.400939941 0.002326432 0.996457398 -0.084066398 -14.503837585 -0.336850315 -0.078372702 -0.938290775 28.478719711
-0.944144487 0.023881966 0.328665107 165.853210449 -0.003433107 0.996603370 -0.082278877 -14.613881111 -0.329513818 -0.078811482 -0.940855622 27.334461212
-0.945393980 0.018477179 0.325405717 166.251480103 -0.009294183 0.996457398 -0.083583005 -14.726092339 -0.325797319 -0.082043245 -0.941873133 26.146644592
-0.946640849 0.014729274 0.321953654 166.684020996 -0.013974459 0.996139765 -0.086662196 -14.838697433 -0.321987242 -0.086537108 -0.942780733 24.949897766
-0.947914302 0.014842539 0.318179339 167.106277466 -0.014328955 0.995915473 -0.089146383 -14.954308510 -0.318202853 -0.089062326 -0.943829894 23.803876877
-0.947670281 0.015556849 0.318871498 167.492294312 -0.014169791 0.995778024 -0.090693146 -15.079119682 -0.318936139 -0.090465531 -0.943448842 22.608314514
-0.947985113 0.018332440 0.317786306 167.900222778 -0.011843151 0.995617628 -0.092764348 -15.196091652 -0.318094254 -0.091702804 -0.943613648 21.459571838
-0.947278678 0.019064941 0.319843084 168.296386719 -0.011529247 0.995553613 -0.093488291 -15.333659172 -0.320203274 -0.092247017 -0.942846954 20.266952515
-0.946723580 0.020535430 0.321391851 168.699676514 -0.010837725 0.995368123 -0.095524013 -15.456478119 -0.321864843 -0.093917981 -0.942115963 19.082134247
-0.945626020 0.021501962 0.324544251 169.094024658 -0.010040213 0.995407224 -0.095202707 -15.589835167 -0.325100720 -0.093284659 -0.941067219 17.868610382
-0.945238888 0.020812737 0.325714946 169.531463623 -0.010945580 0.995381892 -0.095368080 -15.712268829 -0.326195627 -0.093710758 -0.940645874 16.722824097
-0.944514036 0.019507490 0.327891320 169.961334229 -0.012554006 0.995361745 -0.095380485 -15.835147858 -0.328231126 -0.094204567 -0.939888239 15.578865051
-0.942121327 0.018021179 0.334787488 170.370422363 -0.013929461 0.995588243 -0.092789933 -15.970030785 -0.334982723 -0.092082791 -0.937713921 14.370101929
-0.940351248 0.016332330 0.339813173 170.802795410 -0.015081085 0.995863855 -0.089597166 -16.092847824 -0.339871019 -0.089377537 -0.936215520 13.223155975
-0.937744141 0.012906752 0.347086996 171.244598389 -0.018457940 0.996045411 -0.086907730 -16.216430664 -0.346836090 -0.087903716 -0.933797479 12.048278809
-0.934633553 0.015646355 0.355268002 171.669052124 -0.016086850 0.996148646 -0.086192437 -16.338384628 -0.355248272 -0.086273469 -0.930782199 10.883640289
-0.931870580 0.016632635 0.362409621 172.125671387 -0.015937695 0.996107280 -0.086696818 -16.444751740 -0.362440854 -0.086566173 -0.927977860 9.772571564
-0.928438365 0.019386210 0.370980412 172.579269409 -0.014586775 0.995964885 -0.088551573 -16.569520950 -0.371200144 -0.087626092 -0.924409032 8.660671234
-0.923120737 0.021792648 0.383892149 173.024887085 -0.013016229 0.996049345 -0.087842673 -16.679599762 -0.384289801 -0.086086191 -0.919190109 7.484481812
-0.918809950 0.023580061 0.393995345 173.519638062 -0.012747239 0.995920420 -0.089331388 -16.794691086 -0.394494444 -0.087100923 -0.914760947 6.397949219
-0.913017750 0.026385562 0.407065570 174.024047852 -0.011680508 0.995805800 -0.090745583 -16.908992767 -0.407752573 -0.087607063 -0.908880055 5.258384705
-0.905957639 0.028494136 0.422408432 174.527206421 -0.010620432 0.995889008 -0.089957170 -17.038269043 -0.423235148 -0.085983530 -0.901930630 4.110626221
-0.900113463 0.027573235 0.434782028 175.071075439 -0.011698227 0.996105433 -0.087389961 -17.155590057 -0.435498446 -0.083747052 -0.896285474 3.028610229
-0.893902183 0.030196682 0.447243989 175.618896484 -0.009949985 0.996146023 -0.087143958 -17.280553818 -0.448151767 -0.082348250 -0.890156567 1.960357666
-0.886519372 0.032980844 0.461514533 176.191802979 -0.007616756 0.996280909 -0.085827410 -17.401937485 -0.462628752 -0.079602905 -0.882971048 0.832954407
-0.879804373 0.034614164 0.474074066 176.773162842 -0.005785279 0.996491313 -0.083494596 -17.515466690 -0.475300848 -0.076201566 -0.876517236 -0.214729309
-0.871099412 0.036946092 0.489714921 177.367004395 -0.003455916 0.996680379 -0.081340954 -17.624132156 -0.491094410 -0.072548494 -0.868080020 -1.336883545
-0.863067389 0.039337296 0.503554583 177.957412720 -0.000931151 0.996836960 -0.079468079 -17.732248306 -0.505087852 -0.069055192 -0.860300899 -2.331367493
-0.854821801 0.042574480 0.517172277 178.586181641 0.002215580 0.996919096 -0.078405969 -17.834348679 -0.518916905 -0.065877296 -0.852282524 -3.332679749
-0.844815373 0.045977022 0.533078909 179.209976196 0.005587170 0.997004926 -0.077135287 -17.941171646 -0.535028756 -0.062186677 -0.842541993 -4.321693420
-0.832454562 0.048081834 0.552003145 179.856033325 0.007714268 0.997136891 -0.075221308 -18.057039261 -0.554039598 -0.058360018 -0.830442131 -5.359619141
-0.822042942 0.050022244 0.567224145 180.540206909 0.009109342 0.997161746 -0.074735880 -18.154621124 -0.569352686 -0.056269076 -0.820165396 -6.322952271
-0.810332179 0.051722951 0.583683610 181.233093262 0.010018235 0.997173965 -0.074455909 -18.256120682 -0.585885227 -0.054486539 -0.808560371 -7.267402649
-0.796973109 0.054617368 0.601540208 181.921447754 0.012488654 0.997180521 -0.073993802 -18.361442566 -0.603885651 -0.051458649 -0.795408189 -8.221694946
-0.783413529 0.055748526 0.618995488 182.652893066 0.014117258 0.997308075 -0.071953371 -18.453178406 -0.621340454 -0.047630709 -0.782091677 -9.150146484
-0.768129945 0.057312254 0.637723982 183.408447266 0.016085736 0.997398973 -0.070261195 -18.556417465 -0.640091896 -0.043711472 -0.767053843 -10.072319031
