1 2.2096e-19 3.72443e-20 0 -1.27615e-19 1 -2.34949e-19 0 4.86728e-20 1.17471e-18 1 0
0.999999 0.000419764 0.000919284 0.00417922 -0.00041586 0.999991 -0.00424232 -0.00509378 -0.000921057 0.00424194 0.999991 0.762177
0.999999 0.000437022 0.00126678 0.00512915 -0.000430091 0.999985 -0.00546644 -0.00997874 -0.00126915 0.00546589 0.999984 1.83005
0.999999 6.08814e-05 0.00110451 0.00634055 -5.92963e-05 0.999999 -0.00143514 -0.0170357 -0.0011046 0.00143507 0.999998 2.80637
0.999997 -0.0025104 0.000568137 0.00741811 0.00250813 0.999989 0.00397701 -0.0140259 -0.000578114 -0.00397558 0.999992 3.75844
0.999986 -0.00513826 -0.000907897 0.0133736 0.00514208 0.999978 0.00426343 -0.0153701 0.00088597 -0.00426804 0.99999 4.68806
0.999972 -0.00731018 -0.00164292 0.0099594 0.00731268 0.999972 0.00151575 -0.0212606 0.00163179 -0.00152772 0.999998 5.61649
0.999973 -0.00708465 -0.00213614 0.00539256 0.00708144 0.999974 -0.00150881 -0.0263551 0.00214677 0.00149364 0.999997 6.53062
0.999971 -0.0069998 -0.00315939 0.0029772 0.00699319 0.999973 -0.00209754 -0.030035 0.00317399 0.00207538 0.999993 7.44186
0.999965 -0.00719721 -0.00415368 -0.00643461 0.0071953 0.999974 -0.000473879 -0.0309055 0.00415698 0.000443975 0.999991 8.36444
0.999957 -0.00792167 -0.00473315 -0.0136374 0.00793319 0.999966 0.00242091 -0.0317616 0.00471381 -0.00245836 0.999986 9.27451
0.999949 -0.00805302 -0.00606438 -0.0190718 0.00807753 0.999959 0.00402776 -0.0329528 0.0060317 -0.00407655 0.999973 10.1893
0.999936 -0.00909225 -0.00675924 -0.0203212 0.00912482 0.999947 0.00480365 -0.0322569 0.0067152 -0.00486502 0.999966 11.0977
0.999936 -0.00867446 -0.00728663 -0.0267255 0.00870878 0.999951 0.00469164 -0.027784 0.00724558 -0.00475479 0.999962 11.9956
0.999927 -0.00901015 -0.00810448 -0.0368459 0.00903722 0.999954 0.00330951 -0.0258153 0.00807428 -0.00338251 0.999962 12.8893
0.999911 -0.00954414 -0.00932473 -0.0471461 0.00955774 0.999953 0.00141538 -0.0255757 0.00931079 -0.00150438 0.999956 13.7911
0.999897 -0.00915413 -0.0110236 -0.0589363 0.00915652 0.999958 0.000166716 -0.0291883 0.0110216 -0.000267636 0.999939 14.6812
0.999872 -0.00888217 -0.0132924 -0.0722748 0.00887365 0.99996 -0.000700053 -0.0287951 0.013298 0.000582012 0.999911 15.5561
0.99986 -0.00796531 -0.0146917 -0.0869138 0.00794416 0.999967 -0.00149762 -0.0317902 0.0147032 0.0013807 0.999891 16.4461
0.999855 -0.00690223 -0.0155644 -0.111141 0.0068774 0.999975 -0.00164819 -0.0338498 0.0155754 0.00154091 0.999878 17.3287
0.999827 -0.00705174 -0.0172067 -0.128472 0.00704687 0.999975 -0.000343431 -0.0382779 0.0172087 0.000222118 0.999852 18.1918
0.999815 -0.00722913 -0.0178363 -0.155793 0.00724389 0.999973 0.000763298 -0.037238 0.0178303 -0.000892361 0.999841 19.0786
0.999776 -0.00677015 -0.0200635 -0.177649 0.00680655 0.999975 0.00174626 -0.0400661 0.0200512 -0.00188243 0.999797 19.951
0.999735 -0.00773848 -0.0216691 -0.199369 0.00777169 0.999969 0.00144855 -0.0421173 0.0216572 -0.00161658 0.999764 20.8161
0.999696 -0.00783604 -0.0233762 -0.215318 0.00786349 0.999968 0.00108256 -0.0457736 0.023367 -0.00126605 0.999726 21.6742
0.999675 -0.00723114 -0.0244458 -0.240127 0.00726362 0.999973 0.00124036 -0.0478352 0.0244362 -0.00141752 0.9997 22.5211
0.99963 -0.00709635 -0.0262557 -0.261722 0.00717807 0.99997 0.00301922 -0.0422544 0.0262335 -0.00320657 0.999651 23.3737
0.999609 -0.00813238 -0.0267489 -0.286604 0.0082972 0.999947 0.00605658 -0.0426621 0.0266982 -0.00627616 0.999624 24.2109
0.999601 -0.00904533 -0.0267766 -0.313573 0.00924067 0.999932 0.00718073 -0.0380111 0.0267098 -0.00742529 0.999616 25.038
0.99957 -0.00894019 -0.0279313 -0.339483 0.00912462 0.999937 0.00648233 -0.0418361 0.0278716 -0.0067344 0.999589 25.8534
0.999535 -0.00786165 -0.0294653 -0.367974 0.00798755 0.999959 0.00415748 -0.0414732 0.0294314 -0.0043909 0.999557 26.6558
0.999509 -0.00638563 -0.0306609 -0.39572 0.00646092 0.999976 0.00235724 -0.0380401 0.0306451 -0.00255418 0.999527 27.4456
0.99948 -0.00547635 -0.0317647 -0.423292 0.00552673 0.999984 0.00149837 -0.0335927 0.031756 -0.00167315 0.999494 28.2378
0.999436 -0.00594895 -0.0330403 -0.449698 0.00599338 0.999981 0.00124579 -0.0382281 0.0330323 -0.00144311 0.999453 29.0162
0.999383 -0.00495299 -0.0347826 -0.4799 0.00497519 0.999987 0.000551649 -0.0426379 0.0347794 -0.000724358 0.999395 29.7701
0.999337 -0.00500671 -0.0360656 -0.518326 0.00502993 0.999987 0.000553173 -0.045024 0.0360624 -0.000734213 0.999349 30.5215
0.999256 -0.00497486 -0.038236 -0.548611 0.00504458 0.999986 0.00172707 -0.0448648 0.0382269 -0.00191867 0.999267 31.2601
0.999185 -0.00579478 -0.0399592 -0.583211 0.00594997 0.999975 0.00376571 -0.0411248 0.0399364 -0.00400039 0.999194 32.0121
0.999096 -0.00539536 -0.042173 -0.61427 0.00562274 0.99997 0.00527478 -0.0389965 0.0421433 -0.00550714 0.999096 32.7441
0.99901 -0.00440545 -0.044263 -0.653892 0.00466191 0.999973 0.00569233 -0.0405307 0.0442367 -0.00589305 0.999004 33.4536
0.99898 -0.00162483 -0.0451323 -0.696601 0.00185259 0.999986 0.00500519 -0.0403049 0.0451235 -0.00508369 0.998968 34.1577
0.998862 -1.46008e-05 -0.0476928 -0.73334 0.000206274 0.999992 0.00401399 -0.0359325 0.0476923 -0.00401926 0.998854 34.8554
0.99881 0.000713754 -0.0487636 -0.771729 -0.000468538 0.999987 0.00503991 -0.0309092 0.0487666 -0.00501107 0.998798 35.5506
0.998721 0.00212554 -0.0505128 -0.808854 -0.00178127 0.999975 0.00685955 -0.0279789 0.0505262 -0.0067608 0.9987 36.2293
0.998777 0.0043981 -0.0492423 -0.855673 -0.00404558 0.999965 0.00725631 -0.0239732 0.0492726 -0.00704823 0.998761 36.8902
0.998797 0.00762521 -0.0484498 -0.890417 -0.00736835 0.999958 0.0054781 -0.0289018 0.0484895 -0.00511452 0.998811 37.5486
0.998811 0.00994839 -0.0477334 -0.923392 -0.00983569 0.999948 0.0025954 -0.0289434 0.0477568 -0.00212283 0.998857 38.2024
0.99894 0.0102388 -0.044875 -0.957869 -0.0102229 0.999948 0.00058313 -0.0275737 0.0448787 -0.00012376 0.998992 38.8336
0.999029 0.0111465 -0.0426264 -0.980065 -0.0110905 0.999937 0.0015505 -0.0289319 0.042641 -0.00107624 0.99909 39.4722
0.999123 0.0156193 -0.0388621 -1.01128 -0.0154609 0.999871 0.00437407 -0.0330128 0.0389254 -0.00376939 0.999235 40.112
0.999165 0.0200133 -0.0356064 -1.04631 -0.0197567 0.999776 0.00754407 -0.0234713 0.0357494 -0.00683431 0.999337 40.7209
0.999219 0.0246506 -0.0308963 -1.07869 -0.0243955 0.999665 0.00860485 -0.0236152 0.0310981 -0.0078444 0.999486 41.3131
0.999263 0.0286257 -0.0255706 -1.09852 -0.0284049 0.999556 0.00895766 -0.022246 0.0258157 -0.00822473 0.999633 41.9103
0.999284 0.0320652 -0.0200583 -1.11783 -0.0318575 0.999436 0.0105911 -0.0153 0.0203866 -0.00994453 0.999743 42.4687
0.999231 0.0367072 -0.0137657 -1.13108 -0.0365505 0.999266 0.0114657 -0.00853755 0.0141765 -0.0109538 0.99984 43.0187
0.999169 0.0403457 -0.00571232 -1.14753 -0.0402771 0.999121 0.0116406 -0.0121151 0.00617694 -0.0114008 0.999916 43.5315
0.999061 0.0433265 0.000800905 -1.14537 -0.0433328 0.998994 0.0115175 -0.0114975 -0.000301086 -0.0115414 0.999933 44.0341
0.998819 0.0478892 0.00824299 -1.1461 -0.0479786 0.998788 0.0110047 -0.00830268 -0.00770599 -0.0113871 0.999905 44.5213
0.998488 0.0525702 0.0160516 -1.15065 -0.052704 0.998578 0.00802994 -0.00290604 -0.0156066 -0.00886378 0.999839 44.9835
0.998217 0.0547031 0.0238671 -1.13901 -0.0548344 0.998484 0.00488165 -0.00514715 -0.0235639 -0.00618169 0.999703 45.4272
0.99794 0.0558004 0.0316436 -1.12648 -0.0559764 0.998421 0.00470189 -0.00425607 -0.0313313 -0.0064635 0.999488 45.8381
0.997754 0.0543977 0.0390916 -1.10315 -0.0546697 0.998487 0.00592237 -0.00401597 -0.0387103 -0.0080462 0.999218 46.2439
0.99732 0.056 0.0470758 -1.0881 -0.0563614 0.99839 0.0063832 -0.00326934 -0.0466425 -0.00901936 0.998871 46.5974
0.996689 0.05872 0.056249 -1.06782 -0.0591813 0.998226 0.00656874 -0.00243024 -0.0557635 -0.00987587 0.998395 46.9676
0.995859 0.0631032 0.0654497 -1.05263 -0.0636156 0.997958 0.00577294 -0.00172884 -0.0649518 -0.00991265 0.997839 47.2906
0.994936 0.0674643 0.0745077 -1.03533 -0.0680773 0.997664 0.00571599 -0.00230085 -0.073948 -0.0107593 0.997204 47.5909
0.994303 0.0670211 0.0828866 -0.994517 -0.0677571 0.997683 0.00609592 -0.00258299 -0.082286 -0.0116773 0.99654 47.878
0.993455 0.0659169 0.0932881 -0.95536 -0.0666066 0.99777 0.00429508 -0.00853258 -0.092797 -0.0104806 0.99563 48.1349
0.992272 0.0649133 0.10575 -0.924869 -0.0652624 0.997868 -0.000159711 -0.0105343 -0.105535 -0.00674299 0.994393 48.4008
0.990682 0.0658624 0.119211 -0.888994 -0.0658438 0.997822 -0.00409867 -0.0186742 -0.119221 -0.00378885 0.99286 48.6661
0.988704 0.0677122 0.133713 -0.836085 -0.0674271 0.997702 -0.0066645 -0.0191803 -0.133857 -0.00242666 0.990998 48.9196
0.986167 0.0693737 0.150541 -0.790463 -0.0689218 0.997588 -0.00822398 -0.0214214 -0.150748 -0.00226534 0.98857 49.1838
0.983418 0.0699215 0.167331 -0.736852 -0.0692957 0.99755 -0.00958299 -0.0243562 -0.167591 -0.00217122 0.985854 49.4263
0.980204 0.0692853 0.18547 -0.674066 -0.0684091 0.997595 -0.0111273 -0.0251596 -0.185795 -0.00178083 0.982587 49.6703
0.976539 0.0681119 0.204285 -0.599817 -0.067123 0.997675 -0.0117745 -0.0310596 -0.204613 -0.002214 0.978841 49.9295
0.972036 0.0684967 0.224622 -0.527567 -0.0672181 0.997649 -0.0133436 -0.0339269 -0.225008 -0.00212825 0.974355 50.1634
0.966774 0.0703915 0.24575 -0.459438 -0.0686537 0.997518 -0.0156427 -0.0373472 -0.246241 -0.00174872 0.969207 50.3927
0.960588 0.0721711 0.268445 -0.36957 -0.0698402 0.997392 -0.0182356 -0.0405788 -0.269061 -0.00123141 0.963122 50.6375
0.953279 0.073492 0.293015 -0.282595 -0.0708559 0.997294 -0.0196157 -0.0492954 -0.293663 -0.00206253 0.955907 50.873
0.944969 0.0759361 0.318225 -0.182649 -0.0730998 0.997106 -0.0208635 -0.0536172 -0.318888 -0.00354683 0.947786 51.1189
0.935278 0.0782268 0.345159 -0.0743395 -0.0751794 0.996922 -0.0222285 -0.0626376 -0.345836 -0.00515895 0.938281 51.362
0.924262 0.0792945 0.373434 0.0497267 -0.0757257 0.996834 -0.0242428 -0.0692781 -0.374174 -0.00587184 0.92734 51.5973
0.911655 0.0779241 0.403501 0.188635 -0.0734429 0.996945 -0.0265958 -0.0809895 -0.404341 -0.00538818 0.914592 51.824
0.89686 0.0756281 0.435801 0.337764 -0.0696653 0.997129 -0.0296716 -0.0942254 -0.436794 -0.0037489 0.899554 52.0591
0.879779 0.0749678 0.469434 0.494735 -0.0667647 0.997185 -0.0341232 -0.107699 -0.470671 -0.0013208 0.882308 52.2696
0.86043 0.076992 0.503719 0.666014 -0.0660697 0.997031 -0.0395362 -0.120081 -0.505268 0.000737519 0.862962 52.4969
0.838755 0.07922 0.538715 0.847328 -0.0654019 0.996854 -0.0447632 -0.127895 -0.540567 0.00231235 0.841298 52.7193
0.814303 0.0820802 0.574607 1.04262 -0.066098 0.996624 -0.048693 -0.143202 -0.576664 0.00167047 0.81698 52.9366
0.787263 0.0860891 0.610578 1.26737 -0.0684021 0.996287 -0.0522768 -0.160287 -0.612811 -0.000609235 0.790229 53.1707
0.757828 0.0905132 0.646146 1.48633 -0.0715694 0.995887 -0.0555658 -0.172135 -0.648518 -0.00413494 0.761188 53.393
0.725246 0.092586 0.682236 1.74506 -0.071681 0.995686 -0.0589241 -0.189527 -0.684748 -0.00616891 0.728754 53.6147
0.688522 0.090851 0.719502 2.04952 -0.0680871 0.995838 -0.0605883 -0.213704 -0.722012 -0.00727244 0.691842 53.852
0.649789 0.0898641 0.754783 2.3594 -0.0649081 0.99592 -0.0626946 -0.239128 -0.757338 -0.00825331 0.652971 54.0636
0.607975 0.0901263 0.788824 2.70381 -0.0626777 0.995884 -0.0654757 -0.259143 -0.791478 -0.0096341 0.611121 54.282
0.562119 0.0901837 0.822125 3.05069 -0.0589599 0.995878 -0.0689305 -0.288996 -0.824952 -0.00972523 0.565119 54.4715
0.513539 0.0895234 0.853384 3.42669 -0.055323 0.995928 -0.0711852 -0.320535 -0.856281 -0.0106554 0.5164 54.6574
0.465378 0.0878803 0.880738 3.85386 -0.0528885 0.996042 -0.0714393 -0.350309 -0.88353 -0.0133346 0.468184 54.8366
0.415672 0.0861804 0.905422 4.25873 -0.052199 0.99612 -0.0708491 -0.381713 -0.908015 -0.0178121 0.418558 54.9932
0.365198 0.0864648 0.926906 4.70675 -0.0542095 0.995963 -0.0715483 -0.403515 -0.92935 -0.0241178 0.368411 55.1457
0.316279 0.0873254 0.944638 5.18286 -0.0520974 0.995851 -0.0746166 -0.424314 -0.947235 -0.0256135 0.319516 55.2679
0.270563 0.084268 0.959007 5.65297 -0.0414604 0.996257 -0.075844 -0.47195 -0.961809 -0.0192402 0.273045 55.3514
0.226245 0.0793941 0.970829 6.15093 -0.0276869 0.996794 -0.0750653 -0.505564 -0.973677 -0.00989606 0.227718 55.4249
0.184699 0.0779692 0.979697 6.67028 -0.0176291 0.996951 -0.0760188 -0.552731 -0.982637 -0.00323062 0.18551 55.4784
0.146763 0.0801983 0.985915 7.18438 -0.0137557 0.996777 -0.0790341 -0.578237 -0.989076 -0.00196275 0.147393 55.5224
0.113184 0.0805263 0.990305 7.71991 -0.00552138 0.996746 -0.080419 -0.625913 -0.993559 0.0036343 0.11326 55.5634
0.0847626 0.0793185 0.993239 8.27344 0.00268194 0.996805 -0.0798321 -0.672598 -0.996398 0.0094306 0.0842791 55.5782
0.0594584 0.0777571 0.995198 8.82449 0.00912265 0.996878 -0.0784334 -0.710303 -0.998189 0.0137424 0.0585633 55.5911
0.0398653 0.077004 0.996233 9.39667 0.0151168 0.996865 -0.0776578 -0.748296 -0.999091 0.0181557 0.0385763 55.5949
0.0243362 0.0788257 0.996591 9.98502 0.0174987 0.9967 -0.0792617 -0.788732 -0.999551 0.019368 0.0228765 55.5936
0.0106398 0.0783822 0.996867 10.5584 0.0186981 0.996733 -0.0785713 -0.833626 -0.999769 0.0194755 0.00913946 55.5928
-0.00155425 0.0792485 0.996854 11.1519 0.0194407 0.996669 -0.0792035 -0.870379 -0.99981 0.0192564 -0.00308971 55.5906
-0.00963628 0.0819165 0.996593 11.7784 0.0241534 0.996367 -0.0816644 -0.920283 -0.999662 0.0232842 -0.0115798 55.5682
-0.0177697 0.0842644 0.996285 12.3805 0.0282603 0.996087 -0.0837436 -0.967645 -0.999443 0.0266672 -0.0200815 55.5629
-0.0214095 0.0837043 0.996261 13.0313 0.0289321 0.996124 -0.083071 -1.01577 -0.999352 0.0270454 -0.0237483 55.5369
-0.0234711 0.0809216 0.996444 13.6786 0.0266266 0.996416 -0.0802921 -1.05921 -0.99937 0.0246474 -0.0255416 55.5128
-0.0270213 0.0746296 0.996845 14.3459 0.0247288 0.996954 -0.0739674 -1.09717 -0.999329 0.0226521 -0.0287845 55.5044
-0.0280132 0.0684854 0.997259 15.0114 0.0254563 0.997376 -0.0677784 -1.14488 -0.999283 0.0234879 -0.029683 55.4814
-0.0274482 0.0660012 0.997442 15.6902 0.028482 0.997464 -0.0652189 -1.18545 -0.999217 0.026619 -0.0292585 55.4512
-0.02716 0.0679945 0.997316 16.3694 0.0324485 0.997218 -0.0671041 -1.23239 -0.999104 0.0305389 -0.0292908 55.4267
-0.026964 0.0752317 0.996801 17.0609 0.0333914 0.996675 -0.0743189 -1.27935 -0.999079 0.0312806 -0.0293865 55.4086
-0.024592 0.0827843 0.996264 17.7642 0.0324775 0.996106 -0.0819694 -1.33467 -0.99917 0.0303404 -0.0271849 55.3954
-0.0218895 0.0839244 0.996232 18.4872 0.033015 0.995988 -0.0831784 -1.38114 -0.999215 0.0310699 -0.0245724 55.381
-0.0196408 0.0796533 0.996629 19.2241 0.0334464 0.996316 -0.0789691 -1.43508 -0.999248 0.0317827 -0.0222325 55.3643
-0.0167939 0.0730085 0.99719 19.9411 0.0334393 0.996814 -0.0724178 -1.4864 -0.9993 0.0321292 -0.0191817 55.3496
-0.0147425 0.0712636 0.997349 20.6706 0.0314894 0.996995 -0.0707729 -1.53427 -0.999395 0.0303626 -0.0169422 55.3508
-0.0112146 0.0764068 0.997014 21.3899 0.0377279 0.996399 -0.0759353 -1.59736 -0.999225 0.0367637 -0.0140569 55.3339
-0.00772969 0.0816801 0.996629 22.1154 0.0404271 0.995869 -0.0813043 -1.65746 -0.999153 0.0396623 -0.0109998 55.3292
-0.00471228 0.0826017 0.996571 22.8479 0.0346592 0.995997 -0.0823902 -1.70646 -0.999388 0.0341521 -0.00755633 55.3291
-0.00128123 0.0792903 0.996851 23.584 0.0289918 0.996435 -0.07922 -1.75791 -0.999579 0.028799 -0.00357543 55.3377
0.00289033 0.0751201 0.99717 24.3173 0.0328836 0.996628 -0.0751746 -1.82042 -0.999455 0.0330078 0.000410367 55.3404
0.00668027 0.0758815 0.997094 25.0481 0.0383398 0.996364 -0.0760828 -1.87814 -0.999242 0.0387366 0.0037467 55.342
0.00885337 0.0804457 0.99672 25.7709 0.0381025 0.996008 -0.0807267 -1.93935 -0.999235 0.0386922 0.00575284 55.3552
0.0122938 0.0817091 0.99658 26.5157 0.0337351 0.996054 -0.0820822 -1.99034 -0.999355 0.0346289 0.00948883 55.3788
0.0175776 0.0810829 0.996552 27.2648 0.0318784 0.996154 -0.0816128 -2.05071 -0.999337 0.0332031 0.0149252 55.3826
0.0204358 0.0782123 0.996727 27.9932 0.036317 0.996219 -0.078917 -2.10619 -0.999131 0.0378109 0.0175181 55.3897
0.0233778 0.0783195 0.996654 28.7156 0.0410198 0.996012 -0.0792312 -2.16652 -0.998885 0.0427348 0.0200719 55.4105
0.0273428 0.0792864 0.996477 29.4491 0.0437529 0.995799 -0.080433 -2.22681 -0.998668 0.045798 0.0237589 55.4244
0.0293982 0.078858 0.996452 30.1966 0.0444901 0.995792 -0.0801183 -2.28574 -0.998577 0.0466876 0.0257661 55.4593
0.0333511 0.0770664 0.996468 30.9351 0.0456413 0.995865 -0.0785473 -2.3451 -0.998401 0.0480997 0.0296958 55.4789
0.0359796 0.0760936 0.996451 31.681 0.0485858 0.995785 -0.0777971 -2.405 -0.998171 0.0512125 0.0321309 55.5113
0.0396792 0.0765832 0.996273 32.4191 0.0465422 0.995835 -0.0784032 -2.45597 -0.998128 0.0494798 0.0359495 55.5261
0.0435649 0.0780052 0.996001 33.1582 0.0431433 0.99587 -0.079882 -2.51191 -0.998119 0.0464508 0.0400196 55.5618
0.0453229 0.07839 0.995892 33.9075 0.0447802 0.995755 -0.0804172 -2.57245 -0.997968 0.048241 0.0416202 55.6037
0.0483286 0.0780016 0.995781 34.6553 0.0428426 0.995867 -0.0800876 -2.62868 -0.997912 0.0465323 0.044787 55.6415
0.0501503 0.0780548 0.995687 35.421 0.0410495 0.995938 -0.080142 -2.68991 -0.997898 0.0448916 0.0467425 55.6917
0.0535277 0.0780269 0.995513 36.1653 0.0390297 0.996017 -0.080165 -2.74705 -0.997803 0.0431457 0.0502691 55.7379
0.0568806 0.0800115 0.99517 36.9087 0.0368181 0.995937 -0.0821776 -2.80125 -0.997702 0.0413146 0.0537036 55.7742
0.0602789 0.0830886 0.994717 37.6608 0.035853 0.995706 -0.0853439 -2.8674 -0.997538 0.0408081 0.0570411 55.8217
0.0631924 0.0857583 0.99431 38.4223 0.0355006 0.995477 -0.0881152 -2.92905 -0.99737 0.0408668 0.0598622 55.8798
0.0649784 0.0874687 0.994046 39.1849 0.0303489 0.995517 -0.0895819 -2.99447 -0.997425 0.0359891 0.0620325 55.9456
0.0695185 0.0872676 0.993756 39.9616 0.0254328 0.995688 -0.0892163 -3.04904 -0.997256 0.0314762 0.0669993 56.0016
0.0723445 0.0872227 0.993558 40.7236 0.0274117 0.995619 -0.0893995 -3.12449 -0.997003 0.0337027 0.0696366 56.0601
0.075277 0.0884175 0.993235 41.4978 0.027992 0.995481 -0.090739 -3.19474 -0.99677 0.0346332 0.0724618 56.1308
0.0781115 0.0892645 0.99294 42.275 0.0236012 0.995539 -0.0913547 -3.26124 -0.996665 0.0305704 0.0756563 56.2081
0.082759 0.0878369 0.992691 43.0646 0.0223038 0.995695 -0.0899622 -3.31992 -0.99632 0.029586 0.0804437 56.2802
0.088165 0.0872885 0.992274 43.839 0.0238365 0.995683 -0.0897063 -3.39445 -0.995821 0.0315613 0.0857037 56.3448
0.0929233 0.0906439 0.991539 44.6366 0.0197748 0.995483 -0.0928577 -3.46002 -0.995477 0.0282362 0.0907111 56.4275
0.0982406 0.0996036 0.990166 45.4095 0.0167861 0.994671 -0.101722 -3.53755 -0.995021 0.0266143 0.0960451 56.5177
0.106359 0.104154 0.988858 46.2048 0.014923 0.99422 -0.106324 -3.61478 -0.994216 0.0260653 0.10419 56.6048
0.112877 0.107191 0.98781 46.9943 0.0103077 0.993984 -0.109039 -3.69261 -0.993556 0.02249 0.111093 56.7098
0.121157 0.105566 0.987004 47.8019 0.0072607 0.994208 -0.107228 -3.77599 -0.992607 0.0201578 0.119689 56.8192
0.128843 0.103525 0.986246 48.6026 0.00684817 0.994419 -0.105277 -3.86137 -0.991641 0.0203182 0.127415 56.9282
0.134974 0.10006 0.985784 49.4053 0.00672109 0.994773 -0.101892 -3.94363 -0.990826 0.0203784 0.133596 57.0445
0.142449 0.0945392 0.985277 50.2172 0.00489787 0.995349 -0.0962137 -4.02354 -0.98979 0.0185313 0.141323 57.1706
0.149693 0.0874543 0.984857 51.0258 0.00246846 0.996044 -0.0888229 -4.09123 -0.988729 0.0157273 0.148885 57.3031
0.157398 0.0840018 0.983956 51.8173 0.00258596 0.996337 -0.0854725 -4.16908 -0.987532 0.0159977 0.156604 57.4318
0.16559 0.0858656 0.982449 52.6134 0.0023777 0.996165 -0.087465 -4.24044 -0.986192 0.0168193 0.164751 57.5649
0.170119 0.0930904 0.981017 53.385 0.00213841 0.995491 -0.0948347 -4.30512 -0.985421 0.018231 0.169153 57.712
0.176507 0.0958438 0.979622 54.1581 0.000763285 0.995234 -0.0975088 -4.38645 -0.984299 0.0179587 0.175592 57.8461
0.181418 0.0994703 0.978362 54.9298 -0.00054362 0.994881 -0.101049 -4.45966 -0.983406 0.0178002 0.180543 57.9959
0.187223 0.0991649 0.977299 55.6718 -0.00290666 0.994943 -0.100398 -4.53451 -0.982313 0.0159562 0.186565 58.1434
0.192114 0.0959898 0.976667 56.4208 -0.000277659 0.99521 -0.0977577 -4.61384 -0.981373 0.0185094 0.19122 58.2893
0.195801 0.0897836 0.976525 57.1645 0.000495234 0.995791 -0.0916542 -4.68112 -0.980643 0.0184296 0.194933 58.4469
0.198899 0.083258 0.976477 57.9065 0.000244685 0.996381 -0.0850049 -4.74939 -0.98002 0.0171463 0.198158 58.6074
0.203096 0.0796203 0.975916 58.6499 -0.00318344 0.996737 -0.0806564 -4.81144 -0.979154 0.0132742 0.202686 58.7651
0.205434 0.0795707 0.975431 59.3621 -0.00514468 0.996763 -0.0802273 -4.87982 -0.978658 0.0114631 0.205178 58.9255
0.206611 0.0815622 0.975018 60.0458 -0.00719704 0.996619 -0.0818441 -4.93956 -0.978397 0.00989266 0.2065 59.0837
0.208649 0.0857987 0.97422 60.748 -0.0104029 0.996283 -0.0855138 -4.99927 -0.977935 0.00770762 0.208766 59.2383
0.209916 0.0901819 0.973551 61.4479 -0.0118537 0.995899 -0.0896961 -5.06122 -0.977648 0.00728851 0.210124 59.4043
0.212077 0.0960621 0.97252 62.1113 -0.0136275 0.995351 -0.0953455 -5.12283 -0.977158 0.00696756 0.2124 59.5544
0.212156 0.0978409 0.972326 62.7738 -0.0134492 0.995173 -0.0972054 -5.19298 -0.977143 0.00754563 0.212447 59.7171
0.213689 0.0979796 0.971976 63.4382 -0.0149125 0.995169 -0.0970391 -5.25245 -0.976788 0.0062416 0.214118 59.8744
0.215257 0.0949367 0.971932 64.093 -0.0147836 0.995466 -0.0939613 -5.31992 -0.976446 0.00585716 0.215685 60.0156
0.21639 0.0925967 0.971906 64.7261 -0.0142834 0.995686 -0.0916821 -5.3772 -0.976203 0.00595696 0.216779 60.1523
0.216019 0.0916477 0.972078 65.3536 -0.0141749 0.995774 -0.0907318 -5.43588 -0.976286 0.00582074 0.216406 60.2977
0.21466 0.0908463 0.972455 65.9865 -0.0142284 0.99585 -0.0898911 -5.49669 -0.976585 0.00545949 0.215062 60.4379
0.212926 0.0916559 0.97276 66.5978 -0.0147507 0.995778 -0.090596 -5.55516 -0.976957 0.00494139 0.213379 60.5752
0.21059 0.0946139 0.972985 67.1947 -0.0161642 0.995506 -0.0933053 -5.61284 -0.977441 0.00392156 0.211173 60.7101
0.208458 0.0982856 0.97308 67.7798 -0.0153804 0.995144 -0.0972193 -5.67643 -0.97791 0.00529973 0.208957 60.8395
0.206812 0.0991769 0.973341 68.3782 -0.0139019 0.995046 -0.0984347 -5.73785 -0.978282 0.00682613 0.207166 60.966
0.204338 0.0976865 0.974014 68.9661 -0.0136916 0.995196 -0.0969386 -5.79479 -0.978805 0.00647245 0.204694 61.0965
0.201397 0.0950808 0.974884 69.5306 -0.0137519 0.995454 -0.094246 -5.84704 -0.979413 0.00557435 0.201789 61.2226
0.199813 0.0909909 0.9756 70.0867 -0.0130982 0.995838 -0.0901958 -5.90291 -0.979747 0.00524372 0.200173 61.3365
0.197525 0.0895884 0.976195 70.6448 -0.00973004 0.995945 -0.0894322 -5.96238 -0.98025 0.00816668 0.197596 61.4486
0.196332 0.0912103 0.976286 71.1783 -0.00685707 0.995768 -0.0916514 -6.01491 -0.980513 0.0112997 0.196127 61.5494
0.193548 0.0929639 0.976676 71.7151 -0.00263456 0.995546 -0.0942379 -6.06986 -0.981087 0.0156665 0.192931 61.6473
0.191691 0.0949437 0.976852 72.2522 -0.00290052 0.99536 -0.0961734 -6.11567 -0.981451 0.0156021 0.191077 61.7544
0.190817 0.0973624 0.976785 72.7934 -0.00369811 0.995133 -0.0984688 -6.17063 -0.981619 0.0151772 0.190248 61.8666
0.189306 0.0963133 0.977183 73.3301 -0.00220493 0.995217 -0.0976636 -6.21745 -0.981916 0.0163337 0.188613 61.9739
0.190786 0.0943603 0.977086 73.8692 0.00372813 0.995292 -0.0968465 -6.27325 -0.981625 0.0221196 0.189536 62.0585
0.191602 0.0925796 0.977096 74.3943 0.00896545 0.995335 -0.0960657 -6.3201 -0.981432 0.0271665 0.189878 62.1621
0.194313 0.0918591 0.976629 74.95 0.0116311 0.99532 -0.0959313 -6.37423 -0.980871 0.03 0.192336 62.2626
0.19685 0.0914459 0.97616 75.4878 0.0101005 0.995399 -0.0952851 -6.4279 -0.980382 0.0286166 0.195021 62.3788
0.20216 0.0920358 0.975018 76.0344 0.00835731 0.995376 -0.0956903 -6.47934 -0.979317 0.0274932 0.200456 62.4951
0.20914 0.0907065 0.97367 76.5841 0.00905656 0.995466 -0.0946824 -6.53157 -0.977844 0.0286199 0.20737 62.6155
0.216399 0.0906631 0.972086 77.1414 0.00773427 0.995488 -0.0945675 -6.58354 -0.976274 0.0279827 0.214722 62.7476
0.22501 0.0887758 0.970304 77.7077 0.0071901 0.995662 -0.0927633 -6.63113 -0.97433 0.0278492 0.223395 62.8881
0.233341 0.0884332 0.968365 78.2684 0.00466527 0.995743 -0.0920575 -6.68302 -0.972384 0.0259985 0.231935 63.038
0.2437 0.0882319 0.965829 78.8423 0.00222937 0.9958 -0.0915323 -6.73449 -0.969848 0.0244597 0.24248 63.1866
0.252585 0.0915264 0.963236 79.423 -0.00262468 0.995577 -0.0939112 -6.78908 -0.967571 0.0211924 0.251709 63.3607
0.262442 0.0936517 0.960392 80.004 -0.00675088 0.995433 -0.0952239 -6.84216 -0.964924 0.0185073 0.261876 63.5236
0.273011 0.0958935 0.95722 80.6022 -0.0101821 0.995252 -0.0967995 -6.89604 -0.961957 0.0166808 0.272691 63.7108
0.283316 0.0978829 0.954018 81.2034 -0.0124604 0.995069 -0.0983945 -6.95464 -0.958946 0.0159893 0.283139 63.9033
0.292048 0.0988142 0.951285 81.8035 -0.0159708 0.995013 -0.0984534 -7.01287 -0.95627 0.0135604 0.29217 64.1081
0.302995 0.0992689 0.947808 82.4278 -0.0174441 0.994971 -0.098632 -7.07101 -0.952833 0.0133513 0.303202 64.3154
0.312806 0.0997607 0.944563 83.037 -0.0207024 0.994949 -0.0982263 -7.12647 -0.949591 0.0111711 0.313292 64.5382
0.323368 0.0953504 0.941457 83.708 -0.0208344 0.995387 -0.0936562 -7.18119 -0.946044 0.0106707 0.323863 64.7731
0.333404 0.0887557 0.938597 84.3381 -0.0178262 0.995974 -0.0878493 -7.2375 -0.942615 0.0125577 0.333644 65.005
0.344477 0.083691 0.935057 85.0001 -0.0163629 0.996402 -0.0831536 -7.30222 -0.938652 0.0133443 0.344607 65.2515
0.355154 0.0799193 0.931385 85.6682 -0.0158596 0.996711 -0.0794772 -7.35254 -0.934673 0.0134553 0.355253 65.5188
0.364121 0.0775026 0.928121 86.33 -0.0108354 0.996817 -0.0789881 -7.40366 -0.931289 0.0187047 0.363802 65.7853
0.373681 0.0725578 0.924715 87.0209 -0.0055761 0.997093 -0.0759837 -7.45406 -0.92754 0.0232374 0.373 66.0525
0.381866 0.063481 0.922035 87.7454 0.00313128 0.997544 -0.0699766 -7.50434 -0.924213 0.0296088 0.380729 66.3355
0.387452 0.058373 0.92004 88.4321 0.00945211 0.997689 -0.0672801 -7.56054 -0.921841 0.0347641 0.386005 66.6288
0.394603 0.057736 0.917036 89.1399 0.0125591 0.997592 -0.0682119 -7.60964 -0.918766 0.0384338 0.392928 66.934
0.402631 0.0636159 0.913149 89.8441 0.0150841 0.996986 -0.0761075 -7.66298 -0.915238 0.0444173 0.400458 67.242
0.410537 0.068525 0.909265 90.5469 0.0171126 0.996418 -0.0828195 -7.71993 -0.911683 0.0495603 0.407894 67.5523
0.41594 0.0707595 0.906635 91.2563 0.0153602 0.996279 -0.0848028 -7.78237 -0.909262 0.049199 0.413305 67.879
0.41946 0.0719329 0.904919 91.9317 0.00915225 0.99647 -0.0834527 -7.84168 -0.907728 0.0432871 0.417321 68.2147
0.424254 0.0749785 0.902434 92.6178 0.00334602 0.99643 -0.0843612 -7.90139 -0.905537 0.0388101 0.422488 68.551
0.42711 0.0787899 0.90076 93.2906 0.00129519 0.996142 -0.0877471 -7.97103 -0.904199 0.0386443 0.42536 68.8875
0.431608 0.0824772 0.898283 93.9418 -0.00144595 0.995873 -0.0907429 -8.03775 -0.90206 0.0378665 0.429946 69.2035
0.435393 0.0854688 0.896174 94.59 -0.00474807 0.995687 -0.0926527 -8.10595 -0.900228 0.0360853 0.433921 69.5304
0.438504 0.0844359 0.894754 95.2395 -0.00582915 0.995823 -0.0911168 -8.16659 -0.89871 0.0347394 0.437164 69.8567
0.442949 0.081033 0.892877 95.8785 -0.00507625 0.996118 -0.0878843 -8.23457 -0.896532 0.0343958 0.441641 70.1696
0.447766 0.0783457 0.890712 96.5139 -0.00497467 0.996357 -0.0851373 -8.29411 -0.894137 0.0336906 0.446524 70.4875
0.450701 0.0770863 0.88934 97.1201 -0.00576771 0.996495 -0.0834513 -8.35494 -0.892656 0.0324821 0.449566 70.8095
0.453572 0.0789699 0.887714 97.7302 -0.00863387 0.996409 -0.0842279 -8.41526 -0.891178 0.030539 0.452625 71.1313
0.457084 0.0794739 0.885866 98.3251 -0.00804655 0.996329 -0.0852321 -8.4779 -0.889387 0.03183 0.456045 71.4388
0.45829 0.0776107 0.885408 98.9106 -0.00575757 0.996419 -0.0843612 -8.53271 -0.888784 0.0335641 0.457096 71.7455
0.46115 0.0763313 0.884033 99.5083 -0.00357711 0.996445 -0.0841715 -8.59149 -0.887315 0.0356534 0.459783 72.047
0.462648 0.076384 0.883246 100.08 -0.0048501 0.996485 -0.0836365 -8.6442 -0.886529 0.0344104 0.461392 72.3534
0.465101 0.075938 0.881995 100.637 -0.00326475 0.996454 -0.0840712 -8.69543 -0.885252 0.0362221 0.4637 72.6492
0.46699 0.0774428 0.880865 101.182 -0.0037885 0.996324 -0.085585 -8.75011 -0.884255 0.0366302 0.465566 72.9507
0.470202 0.0780528 0.879101 101.735 -0.00244682 0.996193 -0.0871403 -8.80902 -0.882556 0.0388225 0.468603 73.2364
0.473218 0.0769019 0.877582 102.261 2.47482e-05 0.996181 -0.087308 -8.86475 -0.880945 0.0413374 0.471409 73.5262
0.476726 0.0753714 0.875815 102.781 0.00258896 0.996193 -0.0871402 -8.91405 -0.879048 0.0438094 0.474716 73.8053
0.481244 0.0740689 0.873452 103.31 0.00418136 0.996218 -0.0867833 -8.96976 -0.876577 0.0454162 0.479115 74.0843
0.484039 0.0737013 0.871937 103.814 0.00506183 0.996194 -0.0870142 -9.02074 -0.875032 0.0465319 0.481824 74.3759
0.488446 0.0730963 0.869527 104.329 0.00559528 0.996202 -0.0868883 -9.0706 -0.872576 0.0473055 0.486182 74.6525
0.491181 0.0723945 0.868044 104.817 0.00699303 0.99618 -0.087038 -9.12008 -0.871029 0.0488217 0.488799 74.939
0.496418 0.0738672 0.864935 105.315 0.00642104 0.996033 -0.0887485 -9.16869 -0.86806 0.0496101 0.493975 75.2095
0.498951 0.0740552 0.86346 105.798 0.0081833 0.995895 -0.0901423 -9.224 -0.866592 0.0520425 0.496297 75.504
0.504422 0.0765385 0.860058 106.287 0.00672813 0.995685 -0.0925542 -9.27641 -0.863431 0.052473 0.501731 75.7908
0.509425 0.0823196 0.856568 106.764 0.003479 0.995209 -0.0977125 -9.32875 -0.860508 0.0527572 0.506698 76.0909
0.515596 0.0894379 0.852151 107.242 -0.00207177 0.994664 -0.103142 -9.38208 -0.856829 0.0514141 0.51303 76.3928
0.521543 0.0953619 0.847879 107.708 -0.0071348 0.994187 -0.107429 -9.43713 -0.853195 0.0499792 0.519192 76.6999
0.528086 0.0999637 0.843287 108.182 -0.0108905 0.993763 -0.110981 -9.49307 -0.849121 0.0494239 0.525881 77.0161
0.533489 0.100349 0.839833 108.66 -0.0145963 0.993881 -0.109484 -9.54837 -0.845681 0.0461501 0.53169 77.3294
0.538749 0.0994051 0.836581 109.15 -0.0213049 0.994304 -0.104426 -9.60425 -0.842197 0.0384362 0.537798 77.6647
0.544601 0.0969896 0.833068 109.645 -0.0272773 0.994814 -0.0979888 -9.65986 -0.838252 0.0306409 0.544422 78.0029
0.549542 0.0954737 0.829993 110.121 -0.0334963 0.995168 -0.0922957 -9.71037 -0.834794 0.0229187 0.550085 78.3466
0.555272 0.0933182 0.826417 110.619 -0.0367516 0.995468 -0.0877137 -9.7677 -0.830857 0.0183328 0.556184 78.7063
0.561797 0.0965158 0.821626 111.111 -0.0410912 0.995201 -0.0888089 -9.81584 -0.826254 0.0161309 0.563067 79.0527
0.56787 0.100686 0.816937 111.623 -0.0452099 0.994807 -0.0911825 -9.86279 -0.821875 0.0148462 0.569474 79.4265
0.573694 0.103878 0.812456 112.143 -0.0478795 0.994482 -0.093342 -9.91765 -0.817669 0.0146497 0.575502 79.8123
0.580992 0.105771 0.807007 112.658 -0.0502308 0.99429 -0.0941547 -9.97001 -0.812358 0.0141665 0.582987 80.19
0.58696 0.106552 0.802573 113.191 -0.0530684 0.994233 -0.093186 -10.0261 -0.807874 0.0121052 0.58923 80.6053
0.59294 0.107923 0.797982 113.719 -0.0580599 0.994129 -0.0913099 -10.0816 -0.803151 0.00781051 0.595724 81.0234
0.59949 0.106403 0.793278 114.256 -0.0594487 0.994306 -0.0884413 -10.1338 -0.798171 0.0058603 0.602402 81.4512
0.606403 0.104352 0.78828 114.817 -0.0596819 0.994528 -0.0857435 -10.1902 -0.792914 0.00494906 0.609313 81.9019
0.613478 0.104804 0.782727 115.396 -0.0606124 0.99448 -0.0856506 -10.2485 -0.787382 0.00510179 0.616444 82.3664
0.620998 0.106629 0.776525 115.955 -0.0642416 0.994294 -0.0851578 -10.2991 -0.781175 0.00299764 0.624305 82.8309
0.628834 0.108011 0.770001 116.533 -0.0663903 0.994147 -0.0852345 -10.352 -0.7747 0.0024777 0.632324 83.3119
0.63467 0.108304 0.765157 117.105 -0.0674477 0.994115 -0.0847663 -10.4061 -0.769834 0.00219055 0.63824 83.8152
0.640177 0.107103 0.760725 117.683 -0.0673039 0.994246 -0.0833415 -10.4636 -0.765274 0.00215362 0.643702 84.3148
0.642998 0.106114 0.758481 118.276 -0.0659991 0.994348 -0.0831626 -10.5189 -0.763019 0.00341436 0.646367 84.8385
0.646938 0.104076 0.755407 118.887 -0.0632351 0.994552 -0.0828697 -10.574 -0.759916 0.00584331 0.649995 85.3637
0.650659 0.100208 0.752729 119.505 -0.0583506 0.994922 -0.0820123 -10.6374 -0.757125 0.00943982 0.653202 85.8848
0.654226 0.093737 0.750468 120.121 -0.0508036 0.995495 -0.0800537 -10.7004 -0.754591 0.0142467 0.656041 86.4238
0.657219 0.0877574 0.748573 120.739 -0.0445814 0.995986 -0.0776215 -10.7598 -0.75238 0.0176419 0.658493 86.9735
0.659956 0.0832649 0.746676 121.365 -0.0402657 0.996331 -0.0755159 -10.8198 -0.750224 0.0197718 0.660888 87.5245
0.66456 0.0803703 0.7429 122 -0.0386884 0.996566 -0.0732045 -10.8782 -0.746232 0.0199072 0.665388 88.0767
0.667141 0.0822195 0.74038 122.625 -0.0398789 0.996407 -0.0747173 -10.9402 -0.743863 0.0203215 0.668023 88.6611
0.6696 0.0862611 0.737696 123.257 -0.0445667 0.996109 -0.0760254 -11.002 -0.741384 0.0180299 0.670839 89.2694
0.673337 0.089273 0.733927 123.872 -0.0504907 0.995918 -0.0748186 -11.0573 -0.73761 0.0133217 0.675096 89.8471
0.676004 0.0870408 0.731739 124.511 -0.0519479 0.996158 -0.0705024 -11.1159 -0.735065 0.00964759 0.677929 90.4525
0.679285 0.0837785 0.729077 125.145 -0.0544619 0.996478 -0.0637632 -11.1649 -0.731851 0.00360644 0.681455 91.0631
0.682368 0.0781968 0.726815 125.769 -0.0534332 0.996938 -0.0570933 -11.2113 -0.729054 0.000122624 0.684457 91.6654
0.688156 0.0726147 0.72192 126.424 -0.0495942 0.99736 -0.0530453 -11.2584 -0.723866 0.000700342 0.68994 92.2844
0.693137 0.0695105 0.717447 127.079 -0.0440105 0.997564 -0.0541306 -11.3083 -0.719461 0.00594469 0.694507 92.9126
0.69793 0.0667738 0.713046 127.716 -0.0344907 0.997622 -0.0596637 -11.3614 -0.715335 0.0170477 0.698574 93.5292
0.703673 0.0704975 0.707018 128.356 -0.031543 0.997184 -0.0680365 -11.4116 -0.709823 0.025574 0.703916 94.1598
0.709615 0.0713961 0.700963 128.982 -0.0295349 0.996993 -0.0716486 -11.4721 -0.70397 0.0301401 0.70959 94.7916
0.71537 0.0665017 0.695574 129.613 -0.025921 0.997301 -0.0686902 -11.5218 -0.698265 0.0311089 0.715163 95.4474
0.72093 0.060163 0.690392 130.237 -0.0210916 0.997668 -0.0649156 -11.5896 -0.692687 0.0322381 0.720517 96.1035
0.726656 0.0565648 0.684669 130.867 -0.0156641 0.99771 -0.0658024 -11.6386 -0.686823 0.037091 0.725878 96.7618
0.730829 0.0591112 0.679997 131.478 -0.0148354 0.997383 -0.0707568 -11.7043 -0.6824 0.0416231 0.729793 97.4262
0.734236 0.0610246 0.676147 132.097 -0.0159099 0.997225 -0.0727262 -11.7569 -0.678708 0.0426408 0.733169 98.1095
0.737756 0.0586339 0.672516 132.729 -0.0145324 0.997369 -0.0710143 -11.8198 -0.674911 0.042618 0.736668 98.7967
0.739978 0.0522718 0.670597 133.347 -0.0101692 0.997731 -0.0665501 -11.8858 -0.672554 0.0424261 0.738831 99.4772
0.741677 0.0477822 0.669054 133.976 -0.00652048 0.997926 -0.0640413 -11.9406 -0.670726 0.0431354 0.74045 100.169
0.742199 0.0435393 0.668764 134.596 -0.00329785 0.998113 -0.0613212 -11.995 -0.670172 0.0433071 0.740942 100.854
0.742664 0.0421729 0.668335 135.221 -0.00299573 0.998214 -0.0596599 -12.0546 -0.669658 0.0423051 0.741464 101.55
0.742542 0.0417993 0.668494 135.827 -0.00301578 0.998249 -0.0590682 -12.1045 -0.669793 0.0418446 0.741368 102.244
0.741993 0.0446475 0.668919 136.447 -0.00568259 0.998163 -0.0603198 -12.1617 -0.670383 0.0409557 0.740884 102.936
0.740517 0.0483582 0.670295 137.052 -0.00912551 0.998039 -0.0619217 -12.212 -0.671976 0.0397373 0.739507 103.627
0.738745 0.0526632 0.671924 137.678 -0.0135105 0.997899 -0.063358 -12.2648 -0.673849 0.0377274 0.737905 104.326
0.736952 0.0549012 0.673711 138.301 -0.0167439 0.997873 -0.0630017 -12.3201 -0.675737 0.0351487 0.736304 105.011
0.734772 0.0566697 0.675942 138.923 -0.0196767 0.997865 -0.0622699 -12.379 -0.678028 0.0324539 0.734319 105.704
0.732029 0.0561144 0.678959 139.539 -0.0204519 0.997963 -0.0604288 -12.436 -0.680967 0.0303496 0.731685 106.389
0.729322 0.0547749 0.681974 140.159 -0.0214558 0.998131 -0.0572227 -12.4849 -0.683834 0.0271015 0.729134 107.069
0.726945 0.0507032 0.684821 140.787 -0.0169623 0.998292 -0.0559065 -12.5328 -0.686486 0.0290248 0.726563 107.739
0.724626 0.0529917 0.687102 141.418 -0.0154709 0.998039 -0.0606564 -12.6017 -0.688969 0.0333231 0.724024 108.408
0.720469 0.0644859 0.690483 142.018 -0.022845 0.997334 -0.0693064 -12.6541 -0.693111 0.034159 0.720021 109.057
0.716833 0.0734313 0.693367 142.654 -0.0284266 0.99669 -0.0761661 -12.7135 -0.696665 0.0348883 0.716548 109.727
0.714266 0.0703816 0.696326 143.285 -0.027098 0.996966 -0.0729727 -12.775 -0.699349 0.0332529 0.714006 110.38
0.710019 0.0682279 0.70087 143.913 -0.0296481 0.997309 -0.0670504 -12.8391 -0.703558 0.0268276 0.710131 111.035
0.706538 0.0655683 0.704631 144.55 -0.0295892 0.997565 -0.0631575 -12.8912 -0.707056 0.0237737 0.706758 111.682
0.704424 0.0662077 0.706685 145.194 -0.0307221 0.997551 -0.0628345 -12.9519 -0.709114 0.0225513 0.704733 112.319
0.700946 0.0649985 0.710247 145.82 -0.0287187 0.997603 -0.0629534 -13.0008 -0.712636 0.0237296 0.701132 112.935
0.698394 0.0642768 0.712821 146.457 -0.0255684 0.997564 -0.0649018 -13.0615 -0.715257 0.0271013 0.698336 113.551
0.6949 0.0634688 0.7163 147.086 -0.0219403 0.997505 -0.0671005 -13.1186 -0.718772 0.0309123 0.694558 114.158
0.691326 0.0645562 0.719654 147.732 -0.0204485 0.99735 -0.0698233 -13.184 -0.722254 0.0335548 0.690814 114.77
0.687512 0.0649197 0.723266 148.362 -0.0198989 0.997306 -0.070602 -13.2394 -0.725901 0.0341475 0.686951 115.379
0.683695 0.0659912 0.726778 149.016 -0.0213215 0.997284 -0.0704954 -13.3002 -0.729456 0.0327014 0.683246 115.997
0.678986 0.0659772 0.731181 149.674 -0.0207599 0.997281 -0.0707104 -13.3619 -0.733858 0.0328321 0.678509 116.613
0.6733 0.0680731 0.736229 150.331 -0.0219478 0.997154 -0.072127 -13.4143 -0.739043 0.0324046 0.672878 117.226
0.667256 0.0750569 0.741037 151 -0.0258294 0.996643 -0.0776885 -13.4845 -0.744381 0.0326975 0.666954 117.838
0.661387 0.0803777 0.745725 151.656 -0.028617 0.996222 -0.0819968 -13.5553 -0.749499 0.0328912 0.661188 118.429
0.654439 0.0843804 0.751392 152.316 -0.0312908 0.995925 -0.0845877 -13.6288 -0.755467 0.0318458 0.654412 119.022
0.648097 0.0792416 0.757424 153.011 -0.0313825 0.996506 -0.0774016 -13.6958 -0.760911 0.026394 0.64832 119.624
0.64041 0.0741748 0.764443 153.719 -0.0353447 0.997117 -0.0671416 -13.7515 -0.767219 0.0159792 0.641186 120.233
0.633255 0.0685387 0.770903 154.408 -0.0327122 0.997551 -0.061818 -13.8059 -0.773252 0.0139286 0.633946 120.805
0.626337 0.0694512 0.776452 155.135 -0.0367247 0.997546 -0.0596028 -13.8495 -0.778687 0.00881649 0.627351 121.409
0.61811 0.0723382 0.782756 155.854 -0.0378383 0.997341 -0.0622897 -13.9059 -0.78518 0.00888374 0.619204 121.986
0.612193 0.0718113 0.787441 156.581 -0.0308467 0.997278 -0.0669659 -13.9581 -0.790107 0.0167061 0.612742 122.544
0.604735 0.0810692 0.79229 157.297 -0.0319026 0.996473 -0.0776114 -14.0266 -0.795788 0.0216582 0.605188 123.114
0.597379 0.0834551 0.797605 158.037 -0.0301934 0.996206 -0.0816212 -14.1027 -0.801391 0.0246763 0.597632 123.662
0.591516 0.0794358 0.802371 158.804 -0.0270238 0.996529 -0.0787355 -14.1666 -0.80584 0.0248903 0.59161 124.211
0.585868 0.0724309 0.807163 159.586 -0.0212019 0.997027 -0.0740793 -14.2381 -0.810129 0.0262873 0.585662 124.748
0.578067 0.0713035 0.812868 160.319 -0.020374 0.997125 -0.0729774 -14.3007 -0.815735 0.0256244 0.577858 125.291
0.570868 0.0728785 0.817801 161.062 -0.0212557 0.997031 -0.0740129 -14.3642 -0.820767 0.0248686 0.570722 125.817
0.564668 0.0713918 0.822225 161.803 -0.0180207 0.997081 -0.0741983 -14.432 -0.825121 0.0270803 0.564306 126.321
0.559029 0.0659543 0.826521 162.562 -0.0128703 0.997401 -0.0708851 -14.4974 -0.829048 0.0289893 0.558425 126.832
0.555728 0.0622853 0.829028 163.33 -0.0108157 0.997647 -0.0677036 -14.5579 -0.831294 0.0286583 0.555094 127.334
0.550689 0.0606285 0.832506 164.051 -0.0115934 0.997818 -0.0649988 -14.6134 -0.83463 0.0261425 0.55019 127.822
0.545932 0.0633041 0.835435 164.78 -0.013202 0.997668 -0.06697 -14.6788 -0.837726 0.0255316 0.545494 128.299
0.542484 0.0660154 0.837468 165.501 -0.0116718 0.997404 -0.0710621 -14.7406 -0.839985 0.0287752 0.541846 128.77
