1.000000000 0.000000000 0.000000000 0.000000000 0.000000000 1.000000000 0.000000000 0.000000000 0.000000000 0.000000000 1.000000000 0.000000000
0.999999106 0.000811151 0.001062109 0.009286050 -0.000806101 0.999988556 -0.004746582 -0.013322340 -0.001065947 0.004745722 0.999988198 0.901070833
0.999997795 -0.001800792 0.001176462 0.024115684 0.001807369 0.999982595 -0.005613263 -0.023411721 -0.001166334 0.005615377 0.999983549 1.792397261
0.999992728 -0.003684598 0.000978700 0.033262655 0.003686211 0.999991834 -0.001651601 -0.035956979 -0.000972607 0.001655196 0.999998212 2.693608761
0.999984443 -0.005509647 0.000822174 0.022296105 0.005506005 0.999975324 0.004368597 -0.049786136 -0.000846223 -0.004364002 0.999990046 3.631037951
0.999951065 -0.009834277 -0.001105237 0.040049314 0.009838929 0.999942422 0.004284864 -0.056180567 0.001063034 -0.004295528 0.999990225 4.532140255
0.999930024 -0.011688776 -0.001826756 0.031700391 0.011691366 0.999930680 0.001412550 -0.068238489 0.001810118 -0.001433808 0.999997258 5.426242352
0.999920189 -0.012345841 -0.002676400 0.030052979 0.012340792 0.999922037 -0.001894124 -0.081214786 0.002699576 0.001860944 0.999994636 6.318985939
0.999922335 -0.011974199 -0.003447454 0.023687309 0.011965798 0.999925375 -0.002446886 -0.094195411 0.003476497 0.002405445 0.999991059 7.198986053
0.999921322 -0.011707901 -0.004495823 0.015465342 0.011704504 0.999931097 -0.000781323 -0.105622940 0.004504661 0.000728640 0.999989569 8.111924171
0.999917209 -0.011510739 -0.005754268 0.011685442 0.011523854 0.999931037 0.002251233 -0.120080963 0.005727958 -0.002317358 0.999980927 9.001686096
0.999905527 -0.012074973 -0.006569565 0.003096007 0.012098256 0.999920547 0.003515824 -0.126004681 0.006526589 -0.003594972 0.999972284 9.901216507
0.999884307 -0.013349038 -0.007297795 0.003515802 0.013380451 0.999901235 0.004272668 -0.138305530 0.007240039 -0.004369820 0.999964297 10.774892807
0.999869943 -0.014144880 -0.007749146 -0.009733297 0.014180783 0.999888897 0.004597964 -0.148481548 0.007683247 -0.004707255 0.999959409 11.628163338
0.999861777 -0.014347501 -0.008390957 -0.020318769 0.014372585 0.999892414 0.002936934 -0.152977988 0.008347915 -0.003057128 0.999960482 12.512322426
0.999845147 -0.014752987 -0.009593175 -0.030860238 0.014762479 0.999890625 0.000919252 -0.160994008 0.009578563 -0.001060730 0.999953568 13.404114723
0.999811232 -0.015730578 -0.011403703 -0.040487356 0.015728856 0.999876201 -0.000240922 -0.178132877 0.011406084 0.000061509 0.999934971 14.260852814
0.999782622 -0.015522590 -0.013920902 -0.038719103 0.015509088 0.999879122 -0.001077413 -0.186851501 0.013935946 0.000861278 0.999902546 15.136745453
0.999788284 -0.013756743 -0.015305012 -0.057877526 0.013727327 0.999903738 -0.002025332 -0.199727550 0.015331401 0.001814806 0.999880850 16.013418198
0.999787569 -0.012779004 -0.016170321 -0.087331325 0.012751994 0.999917090 -0.001772495 -0.216219589 0.016191633 0.001565915 0.999867618 16.839374542
0.999758244 -0.013328242 -0.017486358 -0.107258111 0.013314356 0.999910891 -0.000910322 -0.225282639 0.017496932 0.000677282 0.999846697 17.680606842
0.999751925 -0.012971921 -0.018106073 -0.143611878 0.012977674 0.999915719 0.000200144 -0.237612098 0.018101955 -0.000435069 0.999835968 18.549373627
0.999717951 -0.012366834 -0.020276075 -0.152415797 0.012386377 0.999922872 0.000838516 -0.255063891 0.020264143 -0.001089427 0.999794066 19.379018784
0.999680579 -0.013185731 -0.021563072 -0.174509466 0.013201621 0.999912620 0.000594721 -0.263972610 0.021553347 -0.000879198 0.999767363 20.233407974
0.999641001 -0.013245976 -0.023292724 -0.195088744 0.013252220 0.999912202 0.000113786 -0.276191324 0.023289174 -0.000422426 0.999728680 21.063613892
0.999596596 -0.013389384 -0.025053028 -0.204335541 0.013405723 0.999909997 0.000484266 -0.288202196 0.025044290 -0.000819925 0.999686003 21.881937027
0.999574244 -0.013176337 -0.026033653 -0.229742676 0.013230684 0.999910593 0.001916484 -0.290145159 0.026006073 -0.002260110 0.999659240 22.716144562
0.999536574 -0.014420417 -0.026809050 -0.251179278 0.014573819 0.999878466 0.005535504 -0.312247306 0.026725963 -0.005923648 0.999625206 23.523080826
0.999534249 -0.014640293 -0.026776958 -0.282062292 0.014818593 0.999869227 0.006472432 -0.313348085 0.026678700 -0.006866213 0.999620497 24.340850830
0.999537170 -0.011965675 -0.027968612 -0.299044162 0.012137044 0.999908626 0.005965515 -0.336636961 0.027894672 -0.006302210 0.999591053 25.134195328
0.999509990 -0.011656363 -0.029048055 -0.324558944 0.011756943 0.999925435 0.003294058 -0.338852197 0.029007491 -0.003633960 0.999572575 25.908485413
0.999457777 -0.011499108 -0.030853726 -0.333979845 0.011556432 0.999931753 0.001680234 -0.343356818 0.030832302 -0.002035883 0.999522448 26.698276520
0.999439657 -0.009979887 -0.031946819 -0.356433868 0.010000572 0.999949813 0.000487705 -0.340824217 0.031940348 -0.000806918 0.999489427 27.467697144
0.999431252 -0.010013588 -0.032200214 -0.398813426 0.010036980 0.999949396 0.000564933 -0.358038127 0.032192927 -0.000887804 0.999481261 28.178802490
0.999356091 -0.009601774 -0.034568403 -0.415878892 0.009596327 0.999953866 -0.000323412 -0.370205045 0.034569908 -0.000008526 0.999402225 28.925617218
0.999318123 -0.009435364 -0.035696752 -0.463385284 0.009430345 0.999955475 -0.000308959 -0.383003831 0.035698079 -0.000027885 0.999362648 29.638570786
0.999221146 -0.009707348 -0.038247377 -0.481786489 0.009738676 0.999952316 0.000632875 -0.386237919 0.038239419 -0.001004861 0.999268115 30.376810074
0.999154329 -0.009570562 -0.039988618 -0.516546428 0.009681368 0.999949813 0.002578200 -0.390439123 0.039961938 -0.002963165 0.999196887 31.117788315
0.999045670 -0.009196292 -0.042696957 -0.535626292 0.009386001 0.999946892 0.004244831 -0.400974393 0.042655658 -0.004641534 0.999079049 31.826255798
0.998974562 -0.008103731 -0.044543136 -0.566011369 0.008315247 0.999954998 0.004565312 -0.409265041 0.044504132 -0.004931017 0.998997033 32.526508331
0.998958111 -0.005202768 -0.045339283 -0.622037172 0.005379873 0.999978364 0.003785044 -0.417587399 0.045318615 -0.004025020 0.998964429 33.197502136
0.998845696 -0.003717126 -0.047890026 -0.648355126 0.003848256 0.999989092 0.002646249 -0.419029951 0.047879659 -0.002827488 0.998849034 33.891540527
0.998755217 -0.003070200 -0.049785245 -0.684206605 0.003268471 0.999987066 0.003901620 -0.424880683 0.049772628 -0.004059486 0.998752236 34.577838898
0.998700857 -0.001393170 -0.050936826 -0.716489911 0.001674329 0.999983609 0.005477495 -0.427553892 0.050928362 -0.005555664 0.998686850 35.237167358
0.998770475 0.001388298 -0.049551941 -0.785157740 -0.001104355 0.999982953 0.005757127 -0.430262744 0.049559075 -0.005695326 0.998754919 35.880573273
0.998768091 0.004045637 -0.049456224 -0.805967689 -0.003851757 0.999984503 0.004014928 -0.441462040 0.049471702 -0.003819489 0.998768210 36.526084900
0.998819709 0.005472656 -0.048261363 -0.828094125 -0.005441766 0.999984860 0.000771433 -0.447514892 0.048264854 -0.000507895 0.998834431 37.156433105
0.998952210 0.006278400 -0.045331895 -0.868320048 -0.006341491 0.999979079 -0.001248065 -0.450113058 0.045323119 0.001534231 0.998971164 37.776329041
0.999043345 0.007234905 -0.043128174 -0.876462400 -0.007244163 0.999973714 -0.000058359 -0.463132322 0.043126613 0.000370731 0.999069631 38.410995483
0.999150217 0.011935033 -0.039451852 -0.921985090 -0.011825783 0.999925554 0.003001423 -0.481073380 0.039484736 -0.002532324 0.999216974 39.021389008
0.999219239 0.015873006 -0.036179360 -0.935902953 -0.015655426 0.999857664 0.006289353 -0.484321356 0.036274031 -0.005718039 0.999325454 39.637004852
0.999281824 0.021194255 -0.031411320 -0.969468713 -0.020970976 0.999752522 0.007420730 -0.493487895 0.031560820 -0.006756675 0.999478996 40.197456360
0.999369621 0.024115590 -0.026053503 -0.987371802 -0.023921149 0.999683797 0.007749335 -0.497287244 0.026232142 -0.007121219 0.999630451 40.782943726
0.999377608 0.028677182 -0.020541983 -0.992712975 -0.028490094 0.999550462 0.009343305 -0.495445997 0.020800689 -0.008752248 0.999745309 41.327068329
0.999348760 0.033373799 -0.013714368 -1.019672990 -0.033223927 0.999387205 0.011014385 -0.507973075 0.014073557 -0.010551570 0.999845207 41.849536896
0.999307036 0.036687922 -0.006268026 -1.032870412 -0.036621444 0.999275029 0.010411080 -0.507850170 0.006645444 -0.010174322 0.999926090 42.367977142
0.999210238 0.039732266 0.000259520 -1.020981431 -0.039732818 0.999156833 0.010343033 -0.513421237 0.000151650 -0.010345175 0.999946415 42.849620819
0.998974264 0.044617955 0.007730036 -1.014690399 -0.044693142 0.998952448 0.009843280 -0.513825953 -0.007282748 -0.010178665 0.999921620 43.355308533
0.998682022 0.048882689 0.015640590 -1.029473782 -0.048992235 0.998776734 0.006698848 -0.511674047 -0.015293996 -0.007456289 0.999855161 43.792400360
0.998445213 0.050408535 0.023790052 -1.015815258 -0.050510716 0.998716593 0.003714075 -0.515069127 -0.023572298 -0.004909954 0.999710083 44.229549408
0.998206675 0.050570484 0.032032281 -1.012184262 -0.050702918 0.998708189 0.003335185 -0.516970992 -0.031822242 -0.004953334 0.999481261 44.631488800
0.997960269 0.050204031 0.039429728 -0.979724288 -0.050429508 0.998716414 0.004744431 -0.521163940 -0.039140925 -0.006723176 0.999211133 45.040794373
0.997555614 0.051331706 0.047410868 -0.971172333 -0.051637258 0.998652041 0.005241818 -0.525711954 -0.047077902 -0.007677173 0.998861670 45.355640411
0.996881187 0.054946095 0.056646530 -0.950147390 -0.055353485 0.998450816 0.005646974 -0.528427124 -0.056248497 -0.008764944 0.998378336 45.735862732
0.996072650 0.059424821 0.065636888 -0.941706896 -0.059885826 0.998192310 0.005076658 -0.536951244 -0.065216564 -0.008987439 0.997830689 46.033596039
0.995193899 0.062946528 0.075013779 -0.927887917 -0.063507147 0.997968256 0.005109495 -0.544066548 -0.074539773 -0.009848850 0.997169435 46.323287964
0.994589508 0.062046964 0.083317980 -0.876865864 -0.062729865 0.998014867 0.005600977 -0.544577718 -0.082805037 -0.010797197 0.996507287 46.601928711
0.993749321 0.060668744 0.093711063 -0.834332943 -0.061302848 0.998111606 0.003900107 -0.555541098 -0.093297496 -0.009620485 0.995591819 46.855091095
0.992593467 0.059099872 0.106138192 -0.813954830 -0.059389260 0.998234808 -0.000434808 -0.560128093 -0.105976544 -0.005871882 0.994351268 47.115894318
0.990990877 0.059827171 0.119823918 -0.783958912 -0.059715420 0.998205185 -0.004526258 -0.561484337 -0.119879656 -0.002669855 0.992784917 47.363914490
0.989018321 0.061627105 0.134331048 -0.719232082 -0.061253417 0.998098314 -0.006916939 -0.566643536 -0.134501889 -0.001387256 0.990912437 47.618457794
0.986468434 0.063360170 0.151213408 -0.690419674 -0.062851250 0.997989655 -0.008147575 -0.570980668 -0.151425630 -0.001466625 0.988467574 47.879661560
0.983827233 0.063332520 0.167550012 -0.627735615 -0.062669434 0.997991502 -0.009247535 -0.579662442 -0.167799145 -0.001402286 0.985820174 48.131763458
0.980562091 0.061924350 0.186181173 -0.577654839 -0.061030272 0.998080373 -0.010535508 -0.580283046 -0.186476156 -0.001031967 0.982459009 48.374217987
0.976880670 0.060693938 0.204988793 -0.499182701 -0.059741307 0.998154998 -0.010838801 -0.588355362 -0.205268443 -0.001658084 0.978704333 48.616939545
0.972371340 0.060937479 0.225345105 -0.433597565 -0.059727140 0.998140275 -0.012191039 -0.592890978 -0.225668922 -0.001605001 0.974202752 48.850082397
0.967094839 0.062876351 0.246524632 -0.371241570 -0.061285123 0.998020291 -0.014129882 -0.602937996 -0.246925026 -0.001443356 0.969033480 49.069843292
0.960929811 0.064175129 0.269250035 -0.287895203 -0.062006928 0.997938395 -0.016559009 -0.602227032 -0.269757569 -0.000783324 0.962927997 49.324314117
0.953640044 0.064959139 0.293855369 -0.200016975 -0.062538654 0.997886658 -0.017636277 -0.612894714 -0.294380009 -0.001558656 0.955687165 49.555133820
0.945452094 0.067653000 0.318658859 -0.094658852 -0.065251566 0.997702539 -0.018218050 -0.625482202 -0.319159210 -0.003568701 0.947694361 49.784599304
0.935629487 0.069288775 0.346116602 0.001678467 -0.066829734 0.997582495 -0.019049726 -0.637335777 -0.346599817 -0.005307392 0.937998116 50.011981964
0.924641073 0.069660395 0.374414742 0.134654999 -0.066757441 0.997553766 -0.020734530 -0.644829094 -0.374943197 -0.005822973 0.927029431 50.254280090
0.912056148 0.067395195 0.404489279 0.255399704 -0.063709646 0.997712970 -0.022582272 -0.656598091 -0.405086070 -0.005173570 0.914263904 50.477584839
0.897269666 0.064077407 0.436808050 0.401849747 -0.059088942 0.997939289 -0.025014715 -0.669308305 -0.437510788 -0.003365582 0.899206936 50.700561523
0.880206585 0.063114986 0.470375210 0.546863556 -0.056140706 0.998005867 -0.028857158 -0.681803107 -0.471258551 -0.001006939 0.881994545 50.905117035
0.860698164 0.064516336 0.505011261 0.696599960 -0.055138264 0.997916162 -0.033513099 -0.694914639 -0.506121039 0.000999223 0.862461865 51.121200562
0.839029372 0.065877900 0.540083110 0.884757996 -0.053795241 0.997823417 -0.038139895 -0.702567220 -0.541420102 0.002946594 0.840747118 51.352470398
0.814553440 0.068118319 0.576075137 1.063936234 -0.054374285 0.997675002 -0.041086946 -0.720938802 -0.577534497 0.002143838 0.816363454 51.559165955
0.787501156 0.071922317 0.612102211 1.268817902 -0.056963377 0.997410119 -0.043909874 -0.735104442 -0.613675117 -0.000288339 0.789558649 51.775199890
0.758097887 0.075654969 0.647737503 1.480688095 -0.060024660 0.997126639 -0.046211615 -0.753952026 -0.649372518 -0.003847297 0.760460734 51.986640930
0.725444138 0.077112950 0.683947682 1.748153687 -0.059454508 0.997010469 -0.049348079 -0.762410522 -0.685708463 -0.004864500 0.727860093 52.217342377
0.688755274 0.074137360 0.721193314 2.012836456 -0.055221926 0.997232676 -0.049775548 -0.785222888 -0.722887695 -0.005542512 0.690943301 52.436096191
0.650007784 0.072510011 0.756460428 2.323314667 -0.051974297 0.997348368 -0.050939940 -0.807222247 -0.758148193 -0.006205139 0.652052760 52.660133362
0.608184695 0.072023161 0.790521383 2.665239334 -0.049627200 0.997377098 -0.052688956 -0.824715257 -0.792242765 -0.007186749 0.610163689 52.869792938
0.562328279 0.070949659 0.823864698 2.994041443 -0.045262154 0.997459650 -0.055005666 -0.854235232 -0.825674474 -0.006358645 0.564111114 53.059013367
0.514178872 0.069706112 0.854845703 3.353267670 -0.042416859 0.997538984 -0.055828445 -0.883701563 -0.856633484 -0.007554058 0.515870214 53.249492645
0.465914488 0.067328051 0.882264614 3.771114349 -0.039802931 0.997686207 -0.055116720 -0.905411959 -0.883934081 -0.009437029 0.467516482 53.429992676
0.416218251 0.065125152 0.906929612 4.148281097 -0.039572537 0.997784078 -0.053488214 -0.931404233 -0.908403218 -0.013626735 0.417873144 53.582389832
0.365770221 0.065093361 0.928426147 4.596389771 -0.042233758 0.997684419 -0.053310424 -0.949798346 -0.929746449 -0.019711556 0.367672443 53.745899200
0.316869974 0.065460145 0.946207404 5.062047005 -0.040559158 0.997638226 -0.055435579 -0.976783633 -0.947601318 -0.020811498 0.318776697 53.862319946
0.270684332 0.061758108 0.960685074 5.489201546 -0.028849423 0.998012245 -0.056029040 -1.004894257 -0.962235808 -0.012549024 0.271927923 53.932422638
0.226312220 0.055744246 0.972458482 5.988743782 -0.015070000 0.998441935 -0.053726591 -1.033655882 -0.973938227 -0.002495966 0.226799697 54.013214111
0.184644580 0.054235019 0.981307805 6.478242874 -0.005871081 0.998519361 -0.054081548 -1.068113565 -0.982787848 0.004224527 0.184689552 54.066322327
0.146639377 0.055843875 0.987612486 6.993919373 -0.002712777 0.998424113 -0.056052420 -1.099368334 -0.989186287 0.005540321 0.146559730 54.109340668
0.113773316 0.055990640 0.991927743 7.510192871 0.006298041 0.998350024 -0.057075534 -1.135012150 -0.993486702 0.012740873 0.113232955 54.151626587
0.084615052 0.054653253 0.994913757 8.053922653 0.014228960 0.998326600 -0.056050871 -1.161399484 -0.996312022 0.018899333 0.083695807 54.178344727
0.059250440 0.052912071 0.996839821 8.587932587 0.021023264 0.998306632 -0.054239511 -1.196616411 -0.998021662 0.024170544 0.058037728 54.196823120
0.039529569 0.052267402 0.997850478 9.164195061 0.025173623 0.998261988 -0.053286210 -1.225810528 -0.998901188 0.027225891 0.038145110 54.203926086
0.024771335 0.053349953 0.998268604 9.720945358 0.028244073 0.998139024 -0.054043885 -1.269629955 -0.999294102 0.029533910 0.023218419 54.185264587
0.010810547 0.053137589 0.998528779 10.301651955 0.028882572 0.998153806 -0.053430345 -1.302852869 -0.999524355 0.029417686 0.009255839 54.191322327
-0.001413338 0.053877920 0.998546600 10.868778229 0.029580336 0.998112798 -0.053812649 -1.340597153 -0.999561429 0.029461281 -0.003004398 54.197383881
-0.009488368 0.056481160 0.998358667 11.505101204 0.035018694 0.997809947 -0.056117300 -1.381230593 -0.999341607 0.034428749 -0.011445485 54.160778046
-0.017846739 0.059105512 0.998092175 12.058981895 0.038160399 0.997564077 -0.058391903 -1.400304556 -0.999112308 0.037045483 -0.020058751 54.199764252
-0.020568129 0.058440372 0.998079002 12.746776581 0.039396878 0.997562170 -0.057598233 -1.437774420 -0.999011874 0.038136512 -0.022820357 54.132961273
-0.023572866 0.055609025 0.998174250 13.380056381 0.037092630 0.997812927 -0.054712906 -1.475771427 -0.999033749 0.035735168 -0.025583994 54.109359741
-0.027100835 0.049247798 0.998418808 14.048309326 0.034862041 0.998224616 -0.048291940 -1.502482057 -0.999024630 0.033498172 -0.028769597 54.114009857
-0.027984601 0.042955980 0.998685002 14.709491730 0.036259867 0.998462260 -0.041930355 -1.550416470 -0.998950481 0.035038784 -0.029499147 54.084003448
-0.028286882 0.040865317 0.998764157 15.373134613 0.038052145 0.998483777 -0.039776146 -1.580587268 -0.998875320 0.036879975 -0.029799011 54.060192108
-0.028060865 0.043140892 0.998674810 16.046577454 0.041543972 0.998255312 -0.041955478 -1.615401983 -0.998742580 0.040311601 -0.029804150 54.033855438
-0.028011927 0.050314486 0.998340547 16.721828461 0.042035889 0.997908175 -0.049113244 -1.655537605 -0.998723328 0.040590372 -0.030068349 54.022693634
-0.025566155 0.058131345 0.997981489 17.424152374 0.043224681 0.997438431 -0.056992397 -1.691341162 -0.998738170 0.041680351 -0.028013380 54.010402679
-0.022856042 0.059007838 0.997995794 18.157760620 0.043534059 0.997368515 -0.057973739 -1.723580599 -0.998790503 0.042121753 -0.025364742 53.983612061
-0.021130579 0.054736048 0.998277247 18.852497101 0.043118425 0.997621059 -0.053787377 -1.769007564 -0.998846471 0.041907582 -0.023440441 53.970077515
-0.018421052 0.048210893 0.998667300 19.568948746 0.042919982 0.997954309 -0.047384776 -1.813467622 -0.998908699 0.041989908 -0.020452576 53.948425293
-0.016343724 0.046432137 0.998787701 20.274663925 0.041351762 0.998097956 -0.045723401 -1.861523628 -0.999010980 0.040554337 -0.018232685 53.960609436
-0.012893559 0.051872857 0.998570502 20.988594055 0.048538528 0.997508764 -0.051190961 -1.904209614 -0.998738110 0.047809113 -0.015379267 53.935600281
-0.009560953 0.057312436 0.998310566 21.719743729 0.049994957 0.997134984 -0.056766137 -1.946241379 -0.998703718 0.049367748 -0.012398891 53.936252594
-0.006258368 0.057967078 0.998298883 22.428604126 0.044093832 0.997363389 -0.057636332 -1.987404466 -0.999007761 0.043658108 -0.008797858 53.913661957
-0.002231490 0.054415464 0.998515964 23.146352768 0.039473519 0.997744918 -0.054285236 -2.031305313 -0.999218106 0.039293803 -0.004374428 53.907024384
0.001932754 0.050318990 0.998731315 23.859165192 0.043233667 0.997795165 -0.050355487 -2.086475372 -0.999063075 0.043276142 -0.000246983 53.916801453
0.005615609 0.051106837 0.998677492 24.581674576 0.047941174 0.997530997 -0.051317744 -2.138181686 -0.998834431 0.048165947 0.003151622 53.909984589
0.007660209 0.055873591 0.998408437 25.310943604 0.047290739 0.997300327 -0.056174420 -2.181961060 -0.998851836 0.047645789 0.004997225 53.939113617
0.011189859 0.056997582 0.998311579 26.060888290 0.043678146 0.997393310 -0.057434734 -2.222232103 -0.998983026 0.044247087 0.008671143 53.966033936
0.015469159 0.056750342 0.998268485 26.798551559 0.043009013 0.997426212 -0.057368919 -2.268224239 -0.998954833 0.043822005 0.012988568 53.953323364
0.019562760 0.053590849 0.998371243 27.523500443 0.047350042 0.997392356 -0.054466106 -2.316972733 -0.998686731 0.048338436 0.016974218 53.954193115
0.022392605 0.053947862 0.998292565 28.234382629 0.051477633 0.997156262 -0.055041134 -2.367786884 -0.998423040 0.052622255 0.019551819 53.980392456
0.026342075 0.055136953 0.998131216 28.957923889 0.054441608 0.996916831 -0.056506656 -2.410934210 -0.998169303 0.055828366 0.023259114 53.985462189
0.028296605 0.054550890 0.998109937 29.715646744 0.054792479 0.996923983 -0.056039445 -2.465118170 -0.998096764 0.056274641 0.025220586 54.033630371
0.032283939 0.052362502 0.998106122 30.455816269 0.055782169 0.996975839 -0.054107476 -2.531690836 -0.997920871 0.057423331 0.029265411 54.046821594
0.035763055 0.051729225 0.998020589 31.196254730 0.058310129 0.996850014 -0.053758036 -2.576733589 -0.997657716 0.060117271 0.032634065 54.069633484
0.038823593 0.052001037 0.997892082 31.921665192 0.056481201 0.996934235 -0.054148562 -2.620213270 -0.997648537 0.058464393 0.035767488 54.092212677
0.042835072 0.053520545 0.997647583 32.655700684 0.054128185 0.996973157 -0.055808417 -2.667544127 -0.997614801 0.056391418 0.039808452 54.112777710
0.044506919 0.054095387 0.997543395 33.393737793 0.055361360 0.996864974 -0.056528624 -2.709910870 -0.997473896 0.057741281 0.041372590 54.162254333
0.047554038 0.053724241 0.997422755 34.148845673 0.053440444 0.996985614 -0.056248561 -2.760652304 -0.997438133 0.055977572 0.044539645 54.198673248
0.049398355 0.053621344 0.997338712 34.912487030 0.051473003 0.997094274 -0.056157667 -2.817984104 -0.997451901 0.054110125 0.046494771 54.248401642
0.052620679 0.054280411 0.997138262 35.616317749 0.048057228 0.997227013 -0.056821316 -2.855485678 -0.997457504 0.050909679 0.049866203 54.278720856
0.055640426 0.056119997 0.996872425 36.359947205 0.046608720 0.997184753 -0.058739044 -2.903986454 -0.997362435 0.049731214 0.052868102 54.325592041
0.059036955 0.059182610 0.996499956 37.105712891 0.045765031 0.997031033 -0.061925467 -2.959506750 -0.997206211 0.049260747 0.056153178 54.363372803
0.061877761 0.062225282 0.996142209 37.868312836 0.045527160 0.996839941 -0.065096892 -3.003681898 -0.997044921 0.049379569 0.058849275 54.430667877
0.063578442 0.063637897 0.995945871 38.609058380 0.039078403 0.997040629 -0.066202514 -3.066378593 -0.997211516 0.043129027 0.060903419 54.501819611
0.067705579 0.063014969 0.995713472 39.366325378 0.035327859 0.997226179 -0.065512910 -3.119213581 -0.997079670 0.039612010 0.065291584 54.541923523
0.071926214 0.063508332 0.995386124 40.119113922 0.037373349 0.997098386 -0.066318169 -3.175297499 -0.996709585 0.041970931 0.069343999 54.582641602
0.074687771 0.065003239 0.995086133 40.880924225 0.036226835 0.997037590 -0.067849800 -3.231482267 -0.996548712 0.041116361 0.072111659 54.659275055
0.077531531 0.065671027 0.994824708 41.644504547 0.031803455 0.997157454 -0.068303615 -3.292083502 -0.996482551 0.036934555 0.075222582 54.753410339
0.082901925 0.064120211 0.994492769 42.422813416 0.032042108 0.997240484 -0.066968448 -3.339679718 -0.996042430 0.037417457 0.080618605 54.803752899
0.088160813 0.064131953 0.994039655 43.205471039 0.032194875 0.997220516 -0.067192517 -3.398454428 -0.995585799 0.037926730 0.085851043 54.866527557
0.092999279 0.066938207 0.993413508 43.992137909 0.029319476 0.997120738 -0.069932774 -3.468180180 -0.995234370 0.035630051 0.090768903 54.945816040
0.098270237 0.076450318 0.992218912 44.744155884 0.026770899 0.996480942 -0.079430126 -3.521090508 -0.994799614 0.034368213 0.095877752 55.047744751
0.106462449 0.081031792 0.991009414 45.542987823 0.025622748 0.996119201 -0.084202208 -3.585318565 -0.993986428 0.034356758 0.103973038 55.116615295
0.113563381 0.083641209 0.990003884 46.282943726 0.021581350 0.996007264 -0.086624004 -3.653026104 -0.993296444 0.031202931 0.111304864 55.216651917
0.121100105 0.082145594 0.989235461 47.072368622 0.017699881 0.996232748 -0.084893405 -3.722141743 -0.992482424 0.027789956 0.119189918 55.313148499
0.128848389 0.080155239 0.988419592 47.857231140 0.017604705 0.996386051 -0.083096169 -3.799401760 -0.991507947 0.028107641 0.126971632 55.413414001
0.134934723 0.076519795 0.987895429 48.633903503 0.017331408 0.996678770 -0.079567395 -3.871036530 -0.990702868 0.027858021 0.133160383 55.543426514
0.142466784 0.071309775 0.987227499 49.440486908 0.015606126 0.997115552 -0.074276134 -3.933050632 -0.989676476 0.025988679 0.140942991 55.670600891
0.149887517 0.064217702 0.986615360 50.233173370 0.012465356 0.997686505 -0.066832058 -3.994172096 -0.988624394 0.022315804 0.148740262 55.791168213
0.157200664 0.061749399 0.985634387 51.015522003 0.011983271 0.997850597 -0.064425975 -4.057846069 -0.987493932 0.021938933 0.156122819 55.922042847
0.165437907 0.063674644 0.984162569 51.808032990 0.012157020 0.997706056 -0.066594504 -4.119459152 -0.986145258 0.022981742 0.164284334 56.037624359
0.169872433 0.071594648 0.982861876 52.562522888 0.012569388 0.997118950 -0.074805602 -4.161190987 -0.985385895 0.025061384 0.168483153 56.198593140
0.176278308 0.073780760 0.981571436 53.336460114 0.010544892 0.996988177 -0.076833315 -4.253214836 -0.984283864 0.023894612 0.174969405 56.322536469
0.180627599 0.076997846 0.980533004 54.034904480 0.009874604 0.996738791 -0.080089465 -4.309918404 -0.983502090 0.024148749 0.179278225 56.458789825
0.186737731 0.076516978 0.979425430 54.786045074 0.007173693 0.996829391 -0.079244398 -4.379674435 -0.982383609 0.021824015 0.185596734 56.593814850
0.191695780 0.073233329 0.978718340 55.515197754 0.010918897 0.996991396 -0.076739244 -4.449546814 -0.981393635 0.025397118 0.190319434 56.738407135
0.195387170 0.066583201 0.978463352 56.224838257 0.012023374 0.997455120 -0.070276484 -4.508301735 -0.980652511 0.025495553 0.194089368 56.894676208
0.198484227 0.060720786 0.978221297 56.971839905 0.010651074 0.997886479 -0.064102598 -4.564025402 -0.980046213 0.023142463 0.197417974 57.056793213
0.201882854 0.057510301 0.977719665 57.676654816 0.006449998 0.998174787 -0.060045309 -4.624728203 -0.979388416 0.018428408 0.201143458 57.212001801
0.205240011 0.057560273 0.977017581 58.383609772 0.004639259 0.998200655 -0.059782814 -4.680131912 -0.978700697 0.016802464 0.204603717 57.357452393
0.206420437 0.059410531 0.976658046 59.039833069 0.003366623 0.998105943 -0.061426751 -4.733095169 -0.978457570 0.015967777 0.205829442 57.516578674
0.208423778 0.064042166 0.975939691 59.737144470 -0.000669882 0.997862995 -0.065337740 -4.781703949 -0.978038311 0.012964173 0.208021283 57.665584564
0.210386097 0.068337530 0.975226998 60.418880463 -0.002624814 0.997589767 -0.069338299 -4.840003967 -0.977614820 0.012028026 0.210058376 57.829196930
0.212879851 0.074224345 0.974255085 61.081687927 -0.003443677 0.997161150 -0.075217009 -4.889633179 -0.977072358 0.012657166 0.212531149 57.969810486
0.212947488 0.075551063 0.974138379 61.716720581 -0.001649589 0.997032344 -0.076966055 -4.947345734 -0.977062225 0.014782799 0.212440208 58.137817383
0.214361414 0.076146051 0.973781824 62.393451691 -0.004989374 0.997028947 -0.076865576 -5.001512527 -0.976741672 0.011618452 0.214104488 58.298805237
0.216367528 0.072731525 0.973599076 62.998470306 -0.003987128 0.997278750 -0.073614411 -5.061340332 -0.976303816 0.012045905 0.216068774 58.399055481
0.216692373 0.070408054 0.973697662 63.644756317 -0.003904693 0.997450352 -0.071256615 -5.111644745 -0.976232052 0.011638777 0.216414809 58.551193237
0.216394141 0.069158897 0.973853528 64.250488281 -0.002660455 0.997525990 -0.070248850 -5.164556980 -0.976302445 0.012610547 0.216042787 58.692100525
0.215006277 0.068570063 0.974202454 64.890762329 -0.003250381 0.997576833 -0.069497913 -5.218971252 -0.976607203 0.011775961 0.214708194 58.833442688
0.213857323 0.069402657 0.974396348 65.476463318 -0.004388231 0.997531235 -0.070087343 -5.273226738 -0.976855159 0.010712818 0.213633895 58.963447571
0.211392403 0.072403401 0.974715889 66.083953857 -0.004971053 0.997319221 -0.073004320 -5.322510719 -0.977388620 0.010587193 0.211185634 59.100814819
0.209296212 0.075821742 0.974908352 66.640167236 -0.002953336 0.997033775 -0.076908484 -5.376694679 -0.977847874 0.013217424 0.208899319 59.220401764
0.207633764 0.076647274 0.975199163 67.242294312 -0.001396840 0.996947706 -0.078059241 -5.432175159 -0.978205681 0.014845537 0.207107052 59.344326019
0.205168128 0.075198196 0.975833595 67.802268982 -0.001936598 0.997073233 -0.076427758 -5.480360031 -0.978724837 0.013790742 0.204713270 59.471549988
0.202563375 0.072690852 0.976567447 68.370323181 -0.002695076 0.997278750 -0.073673464 -5.526163578 -0.979265392 0.012291625 0.202208087 59.590057373
0.201021925 0.068461552 0.977191508 68.891159058 -0.002508831 0.997587502 -0.069374390 -5.579809666 -0.979583561 0.011494163 0.200708732 59.696838379
0.199335203 0.067081861 0.977632701 69.447639465 0.001899736 0.997625947 -0.068841077 -5.632103443 -0.979929507 0.015579694 0.198734507 59.792926788
0.197675347 0.068428531 0.977876246 69.981422424 0.006154936 0.997454286 -0.071042746 -5.676334381 -0.980248213 0.020062162 0.196750909 59.891014099
0.194780096 0.070262603 0.978327096 70.504791260 0.010261524 0.997230291 -0.073663257 -5.720505238 -0.980793178 0.024387263 0.193519652 59.993087769
0.193083540 0.072524287 0.978498340 71.011352539 0.009054120 0.997090399 -0.075688921 -5.759764194 -0.981140554 0.023473727 0.191865116 60.104217529
0.192013115 0.074810401 0.978536904 71.547271729 0.008804138 0.996918917 -0.077943332 -5.807566166 -0.981352866 0.023581313 0.190762863 60.203971863
0.190488070 0.073599406 0.978926659 72.072212219 0.010408644 0.996978164 -0.076981977 -5.847932339 -0.981634378 0.024853440 0.189146340 60.317703247
0.191987649 0.071681544 0.978776097 72.606079102 0.016673759 0.996946812 -0.076282866 -5.896987915 -0.981255591 0.030965246 0.190206274 60.391693115
0.193277985 0.069732919 0.978662848 73.115859985 0.021681326 0.996923983 -0.075315975 -5.943302631 -0.980904460 0.035775628 0.191171587 60.507034302
0.195502385 0.069284193 0.978252769 73.660003662 0.024409425 0.996848583 -0.075479425 -5.984907150 -0.980399430 0.038634993 0.193195090 60.604179382
0.197959498 0.068963714 0.977781177 74.179573059 0.021870138 0.996962965 -0.074744403 -6.035205841 -0.979966283 0.036180574 0.195850030 60.731346130
0.203335643 0.069625512 0.976630390 74.716903687 0.020877292 0.996933341 -0.075419620 -6.078983784 -0.978886604 0.035724893 0.201258481 60.839179993
0.210388198 0.067955121 0.975253224 75.262466431 0.022250669 0.996989965 -0.074269786 -6.129375935 -0.977364659 0.037325528 0.208242863 60.955074310
0.218280360 0.068505377 0.973478615 75.815223694 0.019893426 0.997013390 -0.074622206 -6.170816898 -0.975683331 0.035654392 0.216265634 61.083793640
0.226631403 0.066160269 0.971730947 76.374755859 0.020420356 0.997148275 -0.072653331 -6.218828201 -0.973766565 0.036308624 0.224634096 61.218585968
0.234894648 0.066317499 0.969755828 76.920249939 0.016966699 0.997238159 -0.072306573 -6.262048244 -0.971872747 0.033437986 0.233120754 61.369712830
0.245447695 0.065844849 0.967171133 77.502197266 0.015960628 0.997280836 -0.071945190 -6.311785221 -0.969278455 0.033095434 0.243729368 61.511928558
0.254251599 0.069668137 0.964625597 78.060340881 0.010213695 0.997153044 -0.074709445 -6.357863903 -0.967084110 0.028847389 0.252816200 61.683464050
0.264251143 0.071295425 0.961815119 78.633605957 0.007255755 0.997088730 -0.075903587 -6.410868645 -0.964426637 0.027036307 0.262964547 61.841567993
0.274574786 0.074453890 0.958678901 79.209213257 0.003125843 0.996923447 -0.078319341 -6.456419468 -0.961560667 0.024501195 0.273497373 62.020030975
0.284738272 0.076140165 0.955576658 79.791648865 0.001913999 0.996793449 -0.079994641 -6.506137848 -0.958603442 0.024606507 0.283679515 62.203174591
0.293438286 0.077087656 0.952864885 80.363044739 -0.001469778 0.996778667 -0.080187693 -6.557716370 -0.955976903 0.022129638 0.292606324 62.401832581
0.304481596 0.077680774 0.949345350 81.005249023 -0.002676825 0.996734858 -0.080699913 -6.611459732 -0.952514529 0.022030406 0.303695381 62.607742310
0.315053523 0.078425251 0.945828080 81.608192444 -0.005834654 0.996721208 -0.080701634 -6.658686638 -0.949055970 0.019906759 0.314478159 62.828651428
0.325479209 0.073390946 0.942696750 82.226348877 -0.005222160 0.997107506 -0.075823933 -6.711872578 -0.945534825 0.019756196 0.324921012 63.044235229
0.335601956 0.067094319 0.939611435 82.837379456 -0.002360570 0.997517049 -0.070386030 -6.756903172 -0.942000866 0.021403674 0.334927022 63.275123596
0.347407043 0.061828900 0.935673833 83.483200073 -0.000269061 0.997830331 -0.065836281 -6.819230080 -0.937714398 0.022620237 0.346670002 63.491844177
0.357598990 0.058509734 0.932040572 84.156074524 -0.001218518 0.998063803 -0.062186882 -6.872700691 -0.933874428 0.021102259 0.356977910 63.760246277
0.366580725 0.056202631 0.928687155 84.792694092 0.005177723 0.998035014 -0.062443260 -6.910276413 -0.930371881 0.027698979 0.365569413 64.019187927
0.376066327 0.050512105 0.925214887 85.473510742 0.012390511 0.998149514 -0.059530262 -6.956795692 -0.926509857 0.033851210 0.374744654 64.276062012
0.384040743 0.040776424 0.922415316 86.184700012 0.022449685 0.998316586 -0.053478487 -6.999892235 -0.923043132 0.041245852 0.382478803 64.544372559
0.389492989 0.036569178 0.920303106 86.830459595 0.027235588 0.998317122 -0.051195852 -7.049260139 -0.920626700 0.045005426 0.387841523 64.833480835
0.396492600 0.036660500 0.917305648 87.514030457 0.028832851 0.998212159 -0.052356552 -7.100699425 -0.917585015 0.047207523 0.394726664 65.138107300
0.404523581 0.043336704 0.913500190 88.207595825 0.030468445 0.997683465 -0.060822666 -7.144149303 -0.914019883 0.052437134 0.402266026 65.432075500
0.412131786 0.047787346 0.909870148 88.902526855 0.034063566 0.997117281 -0.067798972 -7.189579964 -0.910487294 0.058935527 0.409315884 65.732086182
0.417520016 0.050079145 0.907286644 89.603981018 0.032145105 0.997041166 -0.069825999 -7.242900848 -0.908098936 0.058318578 0.414674878 66.054473877
0.421317577 0.051246230 0.905464113 90.230300903 0.025008053 0.997366130 -0.068083964 -7.310993671 -0.906568289 0.051328864 0.418926269 66.373001099
0.425766677 0.054417528 0.903195202 90.911712646 0.018787460 0.997443020 -0.068952389 -7.375135899 -0.904637933 0.046326380 0.423655659 66.698333740
0.428587735 0.058509991 0.901603699 91.562332153 0.017370658 0.997182786 -0.072969988 -7.428715706 -0.903333187 0.046935491 0.426363915 67.040313721
0.433300108 0.062587664 0.899073780 92.199745178 0.014021661 0.996996820 -0.076162033 -7.488817692 -0.901140511 0.045607530 0.431121260 67.334945679
0.436571479 0.065535232 0.897279501 92.833168030 0.010829628 0.996888220 -0.078079596 -7.551738739 -0.899604440 0.043804519 0.434503257 67.647613525
0.439615637 0.064650282 0.895856261 93.452919006 0.009184899 0.997030497 -0.076458827 -7.609653473 -0.898139060 0.041840848 0.437716335 67.977531433
0.444891989 0.060706299 0.893524528 94.105499268 0.010912492 0.997258425 -0.073187426 -7.675944805 -0.895517766 0.042311076 0.443009943 68.279037476
0.448797524 0.058075581 0.891744375 94.725982666 0.010622864 0.997468770 -0.070307247 -7.733828068 -0.893570304 0.041026596 0.447044641 68.581848145
0.451741844 0.056852996 0.890335321 95.303405762 0.009889723 0.997586966 -0.068719514 -7.790328026 -0.892093837 0.039848652 0.450089604 68.897949219
0.455438852 0.058981359 0.888311088 95.920799255 0.007100127 0.997530520 -0.069873467 -7.850973606 -0.890238762 0.038130224 0.453895420 69.210189819
0.458280325 0.059026614 0.886845529 96.501731873 0.008225369 0.997467935 -0.070639893 -7.909166813 -0.888769746 0.039667502 0.456634402 69.508438110
0.459411860 0.057126049 0.886384428 97.063705444 0.010415493 0.997514546 -0.069686547 -7.962077141 -0.888162315 0.041246951 0.457675010 69.822967529
0.462294728 0.056238562 0.884941041 97.667701721 0.012347374 0.997481704 -0.069840878 -8.015727043 -0.886640310 0.043213766 0.460436165 70.114486694
0.463832438 0.056458957 0.884122074 98.219253540 0.011100763 0.997518539 -0.069524050 -8.064392090 -0.885853410 0.042061940 0.462054700 70.414466858
0.466176420 0.056011219 0.882916868 98.782310486 0.012734842 0.997465611 -0.070001990 -8.109360695 -0.884600163 0.043877084 0.464281589 70.701072693
0.468044847 0.057310063 0.881844461 99.317543030 0.012533366 0.997364044 -0.071469724 -8.163413048 -0.883615851 0.044503514 0.466092825 71.009124756
0.471325725 0.057532243 0.880080700 99.862960815 0.015326419 0.997185171 -0.073395580 -8.213865280 -0.881825984 0.048081718 0.469117284 71.279418945
0.474265605 0.056672104 0.878555834 100.372604370 0.017144907 0.997142136 -0.073576868 -8.266232491 -0.880214870 0.049957741 0.471938580 71.560546875
0.477743328 0.055041716 0.876773477 100.883079529 0.019472072 0.997126639 -0.073207282 -8.320362091 -0.878283679 0.052046895 0.475298762 71.828117371
0.481710762 0.053776126 0.874678671 101.400169373 0.021317948 0.997100949 -0.073043175 -8.368227959 -0.876070976 0.053832047 0.479167879 72.092460632
0.484469742 0.053479251 0.873171806 101.883872986 0.022319889 0.997049034 -0.073450319 -8.417583466 -0.874523222 0.055073544 0.481846482 72.375778198
0.488914520 0.053154938 0.870710671 102.398696899 0.022704460 0.997028291 -0.073615171 -8.458639145 -0.872036219 0.055760551 0.486254752 72.635482788
0.491627187 0.052233227 0.869237781 102.861663818 0.024525076 0.996972919 -0.073779933 -8.508804321 -0.870460331 0.057590354 0.488857955 72.923843384
0.496942192 0.053869449 0.866109967 103.357368469 0.024042090 0.996833622 -0.075794533 -8.551329613 -0.867450595 0.058488596 0.494073570 73.166519165
0.499038279 0.054477066 0.864865839 103.814537048 0.024793848 0.996716022 -0.077088512 -8.606051445 -0.866225183 0.059913494 0.496048748 73.494300842
0.504240334 0.057287648 0.861661136 104.301612854 0.022638982 0.996577263 -0.079505809 -8.661326408 -0.863266528 0.059597172 0.501217604 73.768882751
0.509238064 0.063300721 0.858294547 104.762283325 0.019390013 0.996194303 -0.084975436 -8.709665298 -0.860407233 0.059915077 0.506072760 74.062767029
0.515453160 0.070368379 0.854023635 105.247093201 0.013922375 0.995803297 -0.090453468 -8.763998032 -0.856804729 0.058514562 0.512310326 74.356063843
0.521372795 0.076406516 0.849901497 105.697372437 0.008554994 0.995465100 -0.094740838 -8.820416451 -0.853286207 0.056666199 0.518354774 74.657257080
0.527464628 0.081412986 0.845667183 106.159225464 0.005263913 0.995065629 -0.099078931 -8.866678238 -0.849560678 0.056712151 0.524433434 74.950790405
0.533206403 0.081808910 0.842020273 106.617019653 0.001129870 0.995243549 -0.097411260 -8.919211388 -0.845984280 0.052891683 0.530577898 75.250556946
0.538579106 0.080859430 0.838685989 107.091979980 -0.005460185 0.995698452 -0.092490964 -8.977198601 -0.842557192 0.045234323 0.536703944 75.577972412
0.544548154 0.078661010 0.835032761 107.605224609 -0.012036982 0.996222734 -0.085995644 -9.039525986 -0.838643134 0.036777496 0.543438137 75.923797607
0.549569190 0.077268548 0.831867278 108.049278259 -0.017847493 0.996572495 -0.080776423 -9.079581261 -0.835257471 0.029545490 0.549064636 76.262252808
0.555648267 0.075752467 0.827959239 108.530723572 -0.022201853 0.996837497 -0.076303832 -9.144866943 -0.831120849 0.024015868 0.555572867 76.590309143
0.561800480 0.079484694 0.823445439 109.008178711 -0.027520807 0.996618330 -0.077424310 -9.194764137 -0.826814890 0.020835131 0.562088192 76.937629700
0.567944765 0.083473518 0.818822861 109.504844666 -0.030791564 0.996302366 -0.080208980 -9.237661362 -0.822490454 0.020341445 0.568414986 77.299514771
0.573697805 0.087058239 0.814427257 110.018287659 -0.034067653 0.996011019 -0.082470760 -9.290302277 -0.818358243 0.019567668 0.574375212 77.688163757
0.581075907 0.088878445 0.808981717 110.510795593 -0.036419209 0.995862901 -0.083250850 -9.345847130 -0.813034117 0.018912587 0.581908762 78.035408020
