1 -1.73472e-18 -6.77626e-21 0 0 1 8.67362e-19 0 -2.1684e-19 -8.67362e-19 1 0
1 -0.000572826 0.000452141 -0.00535163 0.000572017 0.999998 0.00178688 -0.0178193 -0.000453164 -0.00178662 0.999998 0.97946
0.999998 -0.00199106 0.000604351 -0.0167458 0.00199006 0.999997 0.00164665 -0.0435157 -0.000607628 -0.00164544 0.999998 2.44004
0.999996 -0.00257371 0.00086918 -0.0299532 0.0025729 0.999996 0.000939176 -0.0740867 -0.000871594 -0.000936936 0.999999 3.83542
0.999996 -0.00283176 0.000509792 -0.0308361 0.0028314 0.999996 0.000691496 -0.0985997 -0.000511748 -0.00069005 1 5.15189
0.999994 -0.00305419 0.00130652 -0.044014 0.00305241 0.999994 0.00136064 -0.118393 -0.00131067 -0.00135664 0.999998 6.45937
0.99999 -0.00432968 0.00108165 -0.0405621 0.00432675 0.999987 0.00269743 -0.149284 -0.00109331 -0.00269273 0.999996 7.7875
0.999989 -0.0043436 0.0017148 -0.0514983 0.0043386 0.999986 0.00291028 -0.171028 -0.00172742 -0.0029028 0.999994 9.11456
0.999992 -0.00358215 0.0018739 -0.0692971 0.00357978 0.999993 0.00126585 -0.197203 -0.00187842 -0.00125913 0.999997 10.425
0.999997 -0.000537688 0.00227319 -0.0767071 0.000538772 1 -0.00047665 -0.224882 -0.00227293 0.000477874 0.999997 11.7493
0.999992 0.00252527 0.00301092 -0.0959133 -0.00252017 0.999995 -0.00169756 -0.253303 -0.00301519 0.00168996 0.999994 13.0785
0.999981 0.00490869 0.00373679 -0.113511 -0.00490305 0.999987 -0.00151718 -0.281259 -0.00374418 0.00149883 0.999992 14.4012
0.99997 0.00607209 0.00472416 -0.121612 -0.00606746 0.999981 -0.000995126 -0.305741 -0.00473011 0.000966433 0.999988 15.727
0.999977 0.00384516 0.00566826 -0.118506 -0.00385317 0.999992 0.0014019 -0.330435 -0.00566282 -0.00142371 0.999983 17.0674
0.999982 -0.000125312 0.00595842 -0.111463 0.000100947 0.999992 0.00408921 -0.360934 -0.00595889 -0.00408854 0.999974 18.4027
0.999979 -0.00204795 0.00607815 -0.112664 0.00203518 0.999996 0.00210734 -0.390409 -0.00608244 -0.00209492 0.999979 19.7327
0.999974 -0.0031842 0.00653751 -0.110995 0.00318801 0.999995 -0.000573122 -0.41046 -0.00653565 0.000593948 0.999978 21.0886
0.999981 -0.000793408 0.00619061 -0.112254 0.000803633 0.999998 -0.00164941 -0.44965 -0.00618929 0.00165436 0.999979 22.4302
0.999977 0.00165245 0.00651353 -0.124437 -0.00165452 0.999999 0.00031325 -0.468379 -0.006513 -0.000324019 0.999979 23.804
0.999974 0.00154528 0.00709005 -0.121582 -0.00157306 0.999991 0.00391483 -0.486841 -0.00708393 -0.00392588 0.999967 25.159
0.999981 -0.000155473 0.00609429 -0.11025 0.000118715 0.999982 0.00603143 -0.507958 -0.00609512 -0.00603059 0.999963 26.5372
0.999975 -0.00336123 0.00625474 -0.110856 0.00333437 0.999985 0.00430036 -0.539651 -0.0062691 -0.00427939 0.999971 27.8706
0.999978 -0.00399822 0.00526657 -0.100052 0.00398731 0.99999 0.00207962 -0.5592 -0.00527484 -0.00205857 0.999984 29.2566
0.999975 -0.00416523 0.00563188 -0.104313 0.00416468 0.999991 0.000108938 -0.594733 -0.00563229 -8.54805e-05 0.999984 30.6116
0.999977 -0.00148723 0.00665394 -0.116568 0.00149378 0.999998 -0.000978277 -0.614932 -0.00665247 0.000988194 0.999977 31.9821
0.999983 0.000366044 0.00587534 -0.118487 -0.000347491 0.999995 -0.00315835 -0.646758 -0.00587647 0.00315626 0.999978 33.3436
0.999983 0.000920536 0.00583911 -0.119345 -0.000905308 0.999996 -0.00260999 -0.674699 -0.00584149 0.00260466 0.99998 34.7243
0.999976 0.000897654 0.00683089 -0.123802 -0.000888617 0.999999 -0.00132583 -0.708578 -0.00683208 0.00131973 0.999976 36.0961
0.99998 0.00189951 0.00596884 -0.126502 -0.00190074 0.999998 0.000199766 -0.736005 -0.00596845 -0.000211107 0.999982 37.4746
0.999976 0.00455737 0.00524 -0.122952 -0.00455951 0.99999 0.000396915 -0.762869 -0.00523814 -0.000420797 0.999986 38.8728
0.999952 0.00682884 0.00696364 -0.132222 -0.00682728 0.999977 -0.000247791 -0.793337 -0.00696517 0.000200236 0.999976 40.2414
0.999945 0.00861596 0.0059524 -0.138591 -0.00861851 0.999963 0.00040263 -0.819561 -0.00594871 -0.000453909 0.999982 41.6316
0.999939 0.00964591 0.00546241 -0.142241 -0.00964537 0.999953 -0.000125411 -0.842765 -0.00546337 7.2716e-05 0.999985 43.0439
0.99994 0.00893019 0.00630853 -0.148146 -0.00893042 0.99996 7.5185e-06 -0.87703 -0.00630821 -6.38558e-05 0.99998 44.4304
0.999951 0.00826651 0.00540922 -0.147964 -0.00826604 0.999966 -0.000108601 -0.909007 -0.00540993 6.38827e-05 0.999985 45.8062
0.999964 0.00810272 0.00247265 -0.14278 -0.00810264 0.999967 -4.19041e-05 -0.939574 -0.00247291 2.18676e-05 0.999997 47.2239
0.999969 0.007746 0.00130012 -0.153764 -0.00774705 0.99997 0.000809595 -0.962519 -0.00129381 -0.000819642 0.999999 48.6041
0.999964 0.00843269 -0.00014291 -0.157235 -0.00843266 0.999964 0.000219253 -0.991854 0.000144754 -0.00021804 1 50.0105
0.999957 0.00916486 -0.00149566 -0.164063 -0.00916383 0.999958 0.000694756 -1.02323 0.00150197 -0.00068102 0.999999 51.409
0.999955 0.00920513 -0.0021079 -0.175463 -0.00920218 0.999957 0.00140232 -1.05177 0.00212072 -0.00138286 0.999997 52.8295
0.999964 0.00807045 -0.00256255 -0.194848 -0.00806468 0.999965 0.00225564 -1.07572 0.00258066 -0.0022349 0.999994 54.2413
0.999976 0.00632665 -0.0027314 -0.198759 -0.00632066 0.999978 0.00219318 -1.10294 0.00274522 -0.00217586 0.999994 55.6486
0.999986 0.0041173 -0.00338552 -0.219251 -0.00411208 0.99999 0.00154603 -1.13012 0.00339185 -0.00153208 0.999993 57.0421
0.999989 0.00349653 -0.00320169 -0.229086 -0.00349143 0.999993 0.00159794 -1.16142 0.00320725 -0.00158675 0.999994 58.4617
0.999995 0.00212484 -0.00212614 -0.241737 -0.00212011 0.999995 0.00222613 -1.19025 0.00213086 -0.00222161 0.999995 59.876
0.999998 0.000934056 -0.00200187 -0.249141 -0.000928257 0.999995 0.00289594 -1.21992 0.00200456 -0.00289407 0.999994 61.3049
0.999998 -0.00145606 -0.00122576 -0.258101 0.00145904 0.999996 0.0024341 -1.24699 0.00122221 -0.00243588 0.999996 62.6951
0.999996 -0.00238744 -0.00172456 -0.255017 0.00239106 0.999995 0.00210275 -1.28134 0.00171953 -0.00210686 0.999996 64.1018
0.999997 -0.00236213 -2.6778e-05 -0.275059 0.00236217 0.999996 0.00148493 -1.31027 2.32703e-05 -0.00148499 0.999999 65.4844
0.999999 -0.00130107 -0.000212436 -0.28523 0.00130135 0.999998 0.00135432 -1.3396 0.000210673 -0.00135459 0.999999 66.8952
0.999999 0.00134038 0.000717636 -0.302586 -0.00134221 0.999996 0.00256028 -1.36512 -0.000714201 -0.00256124 0.999996 68.2883
0.999985 0.00515346 0.00206271 -0.3148 -0.00516074 0.99998 0.00354168 -1.3953 -0.00204442 -0.00355227 0.999992 69.6709
0.999954 0.00911004 0.00315462 -0.328685 -0.00912403 0.999948 0.00444954 -1.42326 -0.00311392 -0.00447812 0.999985 71.0512
0.999917 0.0122637 0.00397323 -0.337619 -0.0122772 0.999919 0.00338754 -1.44266 -0.00393137 -0.00343604 0.999986 72.448
0.999854 0.016581 0.00401773 -0.344968 -0.0165948 0.999856 0.00343282 -1.47376 -0.00396024 -0.003499 0.999986 73.8136
0.999808 0.0189724 0.00490604 -0.352688 -0.0189872 0.999815 0.00297765 -1.49951 -0.00484864 -0.00307023 0.999984 75.206
0.999791 0.0196115 0.00577993 -0.361906 -0.019635 0.999799 0.00402467 -1.52671 -0.00569984 -0.00413732 0.999975 76.5671
0.999822 0.0179823 0.00564643 -0.363982 -0.0180025 0.999832 0.00355676 -1.5522 -0.00558152 -0.00365778 0.999978 77.9454
0.999847 0.0168821 0.00448222 -0.365846 -0.0168973 0.999852 0.00335951 -1.57879 -0.00442484 -0.00343473 0.999984 79.3232
0.99986 0.0162489 0.004052 -0.361583 -0.0162607 0.999864 0.00288389 -1.60727 -0.00400459 -0.00294937 0.999988 80.6884
0.999864 0.0159196 0.00438589 -0.375485 -0.0159346 0.999867 0.00341054 -1.63425 -0.00433101 -0.00347996 0.999985 82.0357
0.999873 0.015559 0.00337323 -0.376617 -0.01557 0.999874 0.00324475 -1.66415 -0.00332232 -0.00329686 0.999989 83.4165
0.999874 0.0157297 0.00234695 -0.381882 -0.0157379 0.99987 0.00350637 -1.68416 -0.00229149 -0.00354287 0.999991 84.7836
0.999898 0.0142739 0.000704628 -0.38592 -0.0142765 0.999891 0.0037885 -1.70472 -0.000650474 -0.00379817 0.999993 86.1595
0.999916 0.0128942 -0.00111238 -0.391922 -0.0128879 0.999902 0.00549816 -1.73621 0.00118316 -0.00548336 0.999984 87.526
0.999942 0.0103706 -0.00295246 -0.395237 -0.0103536 0.99993 0.00572585 -1.75793 0.00301163 -0.00569495 0.999979 88.8947
0.999959 0.00836298 -0.00333149 -0.417022 -0.00834345 0.999948 0.00583224 -1.78328 0.00338009 -0.0058042 0.999977 90.2386
0.999967 0.00662748 -0.00468039 -0.424004 -0.00659974 0.999961 0.00591873 -1.81068 0.00471943 -0.00588765 0.999972 91.5899
0.999973 0.00609307 -0.00415101 -0.448432 -0.00607133 0.999968 0.00522797 -1.83253 0.00418273 -0.00520262 0.999978 92.9322
0.999971 0.00556447 -0.0051773 -0.456085 -0.00554022 0.999974 0.0046855 -1.85887 0.00520323 -0.00465668 0.999976 94.2886
0.999972 0.00556739 -0.00497091 -0.475659 -0.005544 0.999974 0.00470548 -1.8879 0.00499697 -0.00467779 0.999977 95.6129
0.999969 0.00620824 -0.00477602 -0.490074 -0.0061906 0.999974 0.00370014 -1.91127 0.00479887 -0.00367046 0.999982 96.9415
0.999967 0.00721048 -0.00364486 -0.51288 -0.00719606 0.999966 0.00395407 -1.93508 0.00367325 -0.00392771 0.999986 98.2632
0.99996 0.00802457 -0.00387858 -0.527555 -0.00800432 0.999954 0.00521018 -1.95929 0.00392022 -0.00517893 0.999979 99.6027
0.999956 0.00853625 -0.00388983 -0.54008 -0.00850959 0.999941 0.00681955 -1.98403 0.00394781 -0.00678615 0.999969 100.923
0.999952 0.00876138 -0.00433797 -0.555844 -0.00873551 0.999944 0.00594708 -2.01056 0.00438983 -0.0059089 0.999973 102.255
0.999955 0.00826403 -0.00456222 -0.563996 -0.00824909 0.999961 0.0032835 -2.03257 0.00458918 -0.00324572 0.999984 103.584
0.999959 0.0077587 -0.00457398 -0.581705 -0.00774919 0.999968 0.00209321 -2.0569 0.00459007 -0.00205768 0.999987 104.91
0.999969 0.00623785 -0.00486534 -0.588097 -0.00621835 0.999973 0.0040145 -2.0897 0.00489025 -0.00398412 0.99998 106.233
0.999986 0.00351447 -0.00383577 -0.599129 -0.00349457 0.99998 0.00518298 -2.10856 0.00385391 -0.00516951 0.999979 107.543
0.999995 0.00184663 -0.0023939 -0.617193 -0.00183295 0.999982 0.0057071 -2.12809 0.0024044 -0.00570269 0.999981 108.867
0.999998 0.00107692 -0.00148164 -0.63238 -0.00107078 0.999991 0.00413846 -2.14967 0.00148608 -0.00413686 0.99999 110.198
0.999993 0.00312149 -0.00215166 -0.633208 -0.00311643 0.999992 0.0023533 -2.18064 0.00215899 -0.00234658 0.999995 111.518
0.999986 0.00534882 -0.000623014 -0.648554 -0.00534892 0.999986 -0.000162228 -2.20494 0.000622137 0.000165558 1 112.826
0.999966 0.0082268 0.000518373 -0.661564 -0.0082268 0.999966 -4.86808e-07 -2.23224 -0.000518359 -3.77776e-06 1 114.132
0.999954 0.00942868 0.00188572 -0.668343 -0.00943189 0.999954 0.00169702 -2.25899 -0.00186963 -0.00171473 0.999997 115.46
0.999954 0.0090283 0.00337872 -0.680836 -0.00904173 0.999951 0.0039836 -2.28214 -0.00334259 -0.00401397 0.999986 116.772
0.999958 0.00838273 0.00371989 -0.681593 -0.00840113 0.999952 0.00495976 -2.30608 -0.00367814 -0.00499081 0.999981 118.084
0.999952 0.00888187 0.00419064 -0.681809 -0.00889973 0.999951 0.00426383 -2.3304 -0.00415256 -0.00430092 0.999982 119.423
0.999928 0.0105806 0.0056178 -0.682406 -0.0106022 0.999936 0.00382023 -2.35223 -0.00557702 -0.00387952 0.999977 120.718
0.999901 0.0124107 0.00668713 -0.684126 -0.0124331 0.999917 0.00330573 -2.37203 -0.00664555 -0.00338855 0.999972 122.052
0.99989 0.0128399 0.00743471 -0.687013 -0.0128589 0.999914 0.0025047 -2.3949 -0.00740191 -0.00260003 0.999969 123.378
0.999858 0.0139759 0.00945929 -0.690852 -0.0139942 0.9999 0.00186362 -2.42124 -0.0094323 -0.00199573 0.999954 124.691
0.999849 0.0138751 0.0104169 -0.690753 -0.0138905 0.999903 0.00140532 -2.44649 -0.0103964 -0.00154981 0.999945 126.027
0.999852 0.0137053 0.0104285 -0.685382 -0.0137295 0.999903 0.00225628 -2.47296 -0.0103966 -0.00239912 0.999943 127.339
0.999864 0.0122365 0.011093 -0.674036 -0.0122741 0.999919 0.00333141 -2.50054 -0.0110514 -0.00346711 0.999933 128.671
0.999876 0.0112198 0.0110613 -0.664992 -0.01126 0.99993 0.00357754 -2.52351 -0.0110204 -0.00370165 0.999932 129.987
0.999883 0.0101606 0.0114321 -0.660477 -0.0102065 0.99994 0.00395874 -2.54878 -0.0113912 -0.00407496 0.999927 131.327
0.999912 0.0080995 0.0105199 -0.643947 -0.00814419 0.999958 0.00421226 -2.56971 -0.0104853 -0.00429757 0.999936 132.664
0.999923 0.00707169 0.0102377 -0.644905 -0.00711644 0.999965 0.00434127 -2.59924 -0.0102067 -0.00441379 0.999938 133.974
0.999942 0.00570275 0.00914487 -0.647566 -0.005739 0.999976 0.00394164 -2.62052 -0.00912217 -0.00399389 0.99995 135.294
0.99996 0.00334626 0.00828142 -0.641642 -0.00338776 0.999982 0.00500258 -2.64412 -0.00826453 -0.00503043 0.999953 136.628
0.999968 0.00225815 0.00765385 -0.642457 -0.0023 0.999982 0.00546344 -2.66974 -0.00764138 -0.00548087 0.999956 137.953
0.999987 0.00138585 0.00498602 -0.6313 -0.00141224 0.999985 0.00529382 -2.69264 -0.00497861 -0.00530079 0.999974 139.289
0.99999 0.000875749 0.0043497 -0.637333 -0.000898132 0.999986 0.00514649 -2.71826 -0.00434513 -0.00515034 0.999977 140.62
0.999997 0.000695641 0.00230657 -0.635828 -0.000706497 0.999989 0.00470909 -2.73857 -0.00230327 -0.0047107 0.999986 141.963
0.999997 -0.00102916 0.00199638 -0.641339 0.00102535 0.999998 0.00191052 -2.76085 -0.00199834 -0.00190847 0.999996 143.278
0.999989 -0.00455128 0.00113769 -0.639896 0.00454923 0.999988 0.00179851 -2.79481 -0.00114587 -0.00179331 0.999998 144.597
0.999928 -0.0120267 0.000505542 -0.641798 0.0120245 0.999919 0.00424177 -2.81908 -0.000556515 -0.00423539 0.999991 145.934
0.999791 -0.020391 -0.00114635 -0.632 0.0203967 0.999778 0.00521778 -2.83542 0.0010397 -0.00524007 0.999986 147.286
0.99971 -0.0239383 -0.00249385 -0.62724 0.0239437 0.999711 0.00216064 -2.86017 0.00244141 -0.00221972 0.999995 148.603
0.999746 -0.0223927 -0.00263629 -0.633728 0.02239 0.999749 -0.00103165 -2.89392 0.00265873 0.000972363 0.999996 149.935
0.999807 -0.0196339 -0.000780904 -0.653488 0.0196315 0.999803 -0.00306843 -2.9237 0.000840995 0.00305251 0.999995 151.245
0.999839 -0.0179334 0.000469067 -0.66573 0.0179346 0.999836 -0.00265357 -2.96385 -0.000421403 0.00266155 0.999996 152.572
0.999796 -0.0201996 0.000737465 -0.667005 0.0201991 0.999796 0.000660208 -2.9902 -0.000750651 -0.000645177 1 153.908
0.999658 -0.0261305 0.000835375 -0.6611 0.0261272 0.999651 0.003785 -3.01994 -0.000933988 -0.00376188 0.999992 155.25
0.99954 -0.0303139 0.00124567 -0.65482 0.0303071 0.999527 0.00514906 -3.04037 -0.00140117 -0.00510894 0.999986 156.572
0.999487 -0.0320242 0.000198282 -0.646221 0.0320229 0.999475 0.0050187 -3.06566 -0.000358898 -0.00500977 0.999987 157.914
0.999517 -0.0310061 0.00190543 -0.657978 0.0309954 0.999505 0.00543919 -3.08397 -0.00207313 -0.00537751 0.999983 159.253
0.999579 -0.0287758 0.00364398 -0.667179 0.0287568 0.999573 0.0051618 -3.10637 -0.00379096 -0.00505484 0.99998 160.551
0.999693 -0.0245213 0.00351221 -0.670665 0.0245103 0.999695 0.00314232 -3.13264 -0.00358819 -0.00305527 0.999989 161.931
0.999775 -0.0209541 0.00317679 -0.676539 0.0209448 0.999776 0.00293523 -3.16257 -0.00323759 -0.00286803 0.999991 163.281
0.99981 -0.019124 0.00370736 -0.680435 0.0191091 0.999809 0.00401546 -3.18131 -0.00378345 -0.00394385 0.999985 164.617
0.999831 -0.0180165 0.00365467 -0.684258 0.0180046 0.999833 0.00324871 -3.20063 -0.00371258 -0.00318236 0.999988 165.963
0.999851 -0.0169089 0.00335843 -0.693219 0.0169049 0.999856 0.0012266 -3.22317 -0.00337869 -0.00116964 0.999994 167.28
0.999911 -0.0131172 0.00242965 -0.698052 0.0131209 0.999913 -0.00150606 -3.253 -0.00240968 0.0015378 0.999996 168.643
0.999961 -0.0085797 0.00210057 -0.706697 0.00858586 0.999959 -0.00294006 -3.27856 -0.00207526 0.00295798 0.999993 169.994
0.999986 -0.00444109 0.00279176 -0.724245 0.00444619 0.999988 -0.00182192 -3.30868 -0.00278364 0.00183431 0.999994 171.344
0.999993 -0.00140574 0.00353669 -0.736399 0.0014048 0.999999 0.00026689 -3.33714 -0.00353706 -0.00026192 0.999994 172.711
0.999991 -0.000737469 0.00429224 -0.748098 0.00072504 0.999996 0.00289659 -3.36315 -0.00429435 -0.00289345 0.999987 174.065
0.999995 -0.00123869 0.00276674 -0.737589 0.00122869 0.999993 0.00361222 -3.39218 -0.00277119 -0.0036088 0.99999 175.462
0.999993 -0.00350388 0.00141527 -0.743537 0.00349816 0.999986 0.00402263 -3.41675 -0.00142935 -0.00401765 0.999991 176.828
0.999996 -0.00270527 -0.00121197 -0.741788 0.00270503 0.999996 -0.000196157 -3.44628 0.00121249 0.000192878 0.999999 178.219
0.999995 -0.00197449 -0.00260049 -0.757684 0.00196371 0.99999 -0.00413898 -3.47993 0.00260863 0.00413385 0.999988 179.584
0.999991 0.00213331 -0.00374294 -0.779144 -0.00215196 0.999985 -0.00498343 -3.50834 0.00373226 0.00499144 0.999981 180.982
0.999981 0.00568982 -0.00251981 -0.808863 -0.00570005 0.999975 -0.00407455 -3.53776 0.00249656 0.00408883 0.999989 182.329
0.999969 0.00709232 -0.00350583 -0.81247 -0.00709508 0.999975 -0.000775762 -3.5623 0.00350023 0.000800612 0.999994 183.76
0.999973 0.00677448 -0.00291212 -0.828599 -0.00677029 0.999976 0.00144653 -3.5858 0.00292185 -0.00142677 0.999995 185.118
0.999978 0.00587078 -0.00300862 -0.846712 -0.00586442 0.999981 0.00211846 -3.60738 0.003021 -0.00210077 0.999993 186.504
0.999976 0.00612351 -0.00309697 -0.855963 -0.006116 0.999978 0.00243001 -3.63507 0.00311179 -0.00241102 0.999992 187.898
0.999985 0.00432443 -0.00324473 -0.858901 -0.00431383 0.999985 0.00326687 -3.66619 0.00325881 -0.00325282 0.999989 189.288
0.999993 0.00183196 -0.00321382 -0.868013 -0.0018215 0.999993 0.00325522 -3.69031 0.00321976 -0.00324934 0.99999 190.696
0.999996 -0.00151438 -0.0024878 -0.878181 0.0015246 0.99999 0.00410864 -3.71149 0.00248156 -0.00411241 0.999988 192.083
0.999987 -0.00482267 -0.00182221 -0.8851 0.00483268 0.999973 0.00553022 -3.73501 0.00179549 -0.00553895 0.999983 193.505
0.999962 -0.0085728 -0.00170825 -0.888473 0.00858205 0.999948 0.00548458 -3.75763 0.00166114 -0.00549903 0.999984 194.929
0.999973 -0.00719119 -0.00159033 -0.898053 0.00719324 0.999973 0.00128474 -3.78286 0.00158105 -0.00129615 0.999998 196.317
0.999999 -0.00095284 -0.000979312 -0.921598 0.000948812 0.999991 -0.00410477 -3.80974 0.000983215 0.00410384 0.999991 197.743
0.999958 0.00913108 0.000635572 -0.947981 -0.00912819 0.999949 -0.00440929 -3.83863 -0.000675801 0.0044033 0.99999 199.143
0.999878 0.0154742 0.00234668 -0.968293 -0.0154724 0.99988 -0.000787813 -3.86496 -0.00235859 0.000751408 0.999997 200.585
0.999861 0.0163506 0.00327934 -0.980708 -0.0163554 0.999865 0.00143672 -3.89168 -0.00325541 -0.00149015 0.999994 202.004
0.999875 0.0156744 0.00194168 -0.977024 -0.0156781 0.999875 0.00190583 -3.91663 -0.00191157 -0.00193603 0.999996 203.444
0.999913 0.0130846 0.00177183 -0.97739 -0.0130882 0.999912 0.00207413 -3.94683 -0.00174453 -0.00209714 0.999996 204.864
0.999937 0.0112113 0.0010764 -0.981754 -0.0112125 0.999936 0.00117336 -3.97348 -0.00106318 -0.00118536 0.999999 206.305
0.999939 0.0110174 0.00046434 -0.992793 -0.0110178 0.999939 0.000908428 -4.00289 -0.000454303 -0.000913489 0.999999 207.737
0.999928 0.0120274 4.34606e-05 -0.995351 -0.0120275 0.999927 0.00146861 -4.03319 -2.57938e-05 -0.00146903 0.999999 209.196
0.999916 0.0129364 0.00102076 -1.01696 -0.0129384 0.999914 0.00191317 -4.05964 -0.00099592 -0.00192622 0.999998 210.627
0.999911 0.0132887 0.00091229 -1.0237 -0.0132901 0.999911 0.00150462 -4.08827 -0.000892214 -0.00151661 0.999998 212.075
0.999919 0.0127646 0.000198578 -1.02892 -0.0127647 0.999918 0.000798233 -4.11593 -0.000188373 -0.000800703 1 213.535
0.999919 0.0126951 0.0013199 -1.04852 -0.0126956 0.999919 0.000354197 -4.14503 -0.0013153 -0.000370925 0.999999 214.971
0.99992 0.0126817 0.000102186 -1.05056 -0.0126817 0.99992 6.25922e-05 -4.16888 -0.000101384 -6.38831e-05 1 216.44
0.999917 0.0128799 -0.000362293 -1.05553 -0.0128798 0.999917 0.000147567 -4.20187 0.000364163 -0.000142889 1 217.907
0.999913 0.0131666 -0.000160432 -1.07068 -0.0131667 0.999913 -0.000412123 -4.22902 0.000154992 0.0004142 1 219.372
0.999893 0.014371 -0.002666 -1.0695 -0.0143717 0.999897 -0.000240902 -4.26564 0.00266227 0.000279192 0.999996 220.847
0.999892 0.0145611 -0.00187609 -1.08987 -0.0145619 0.999894 -0.000419041 -4.29399 0.00186979 0.000446316 0.999998 222.317
0.999874 0.0158732 -0.000759764 -1.11052 -0.0158733 0.999874 -0.000139464 -4.32804 0.000757455 0.000151506 1 223.775
0.999886 0.0150294 -0.00128323 -1.11969 -0.0150299 0.999887 -0.000376942 -4.3575 0.00127742 0.000396185 0.999999 225.256
0.999896 0.0143502 -0.00143175 -1.12601 -0.014351 0.999897 -0.000533859 -4.39048 0.00142394 0.00055435 0.999999 226.737
0.99991 0.0134138 -3.85631e-05 -1.14593 -0.0134138 0.99991 -0.000473277 -4.4215 3.22112e-05 0.000473752 1 228.223
0.999933 0.0115845 1.63427e-05 -1.15154 -0.0115845 0.999933 0.000461674 -4.4532 -1.09933e-05 -0.000461833 1 229.697
0.999945 0.0104744 0.000983224 -1.16814 -0.010475 0.999945 0.000691155 -4.48196 -0.000975931 -0.000701416 0.999999 231.168
0.999942 0.0107983 -0.00012589 -1.17002 -0.0107983 0.999942 4.31052e-05 -4.50991 0.000126348 -4.17433e-05 1 232.657
0.999922 0.0124154 0.00105928 -1.18877 -0.0124146 0.999923 -0.000755187 -4.54189 -0.00106858 0.000741978 0.999999 234.153
0.999908 0.0135188 0.000578009 -1.19725 -0.013519 0.999909 0.000294025 -4.57443 -0.000573981 -0.000301812 1 235.658
0.999904 0.0137541 0.00159692 -1.20589 -0.013758 0.999902 0.00243317 -4.60115 -0.0015633 -0.00245491 0.999996 237.167
0.999918 0.0127692 0.00116025 -1.20794 -0.0127723 0.999915 0.00264183 -4.62852 -0.00112642 -0.00265643 0.999996 238.674
0.999903 0.0135491 0.00309189 -1.21932 -0.0135518 0.999908 0.000852488 -4.6578 -0.00308006 -0.000894306 0.999995 240.157
0.999906 0.0136381 0.00142336 -1.21682 -0.0136374 0.999907 -0.00052823 -4.68882 -0.00143044 0.000508769 0.999999 241.679
0.999893 0.0144849 0.00222815 -1.22856 -0.0144842 0.999895 -0.000302691 -4.71735 -0.0022323 0.000270385 0.999997 243.201
0.999895 0.0144224 0.00127276 -1.2334 -0.0144235 0.999896 0.00091416 -4.74712 -0.00125944 -0.000932422 0.999999 244.706
0.9999 0.0139815 0.00215207 -1.24553 -0.0139853 0.999901 0.00178598 -4.78154 -0.00212688 -0.0018159 0.999996 246.204
0.999887 0.0148008 0.00259276 -1.26402 -0.0148033 0.99989 0.000924345 -4.80346 -0.00257879 -0.000962622 0.999996 247.725
0.999876 0.0156311 0.00178205 -1.27245 -0.0156325 0.999878 0.000779717 -4.82924 -0.00176965 -0.000807478 0.999998 249.253
0.999857 0.0169065 0.000893567 -1.27769 -0.0169078 0.999856 0.00142063 -4.86305 -0.00086942 -0.00143554 0.999999 250.775
0.999847 0.0174805 0.000141695 -1.28469 -0.0174807 0.999846 0.00159029 -4.88833 -0.000113874 -0.00159252 0.999999 252.29
0.999875 0.0158234 -0.000380429 -1.28707 -0.0158227 0.999874 0.00161372 -4.91453 0.000405915 -0.0016075 0.999999 253.825
0.99989 0.0147922 -0.000457903 -1.30245 -0.0147908 0.999886 0.00298989 -4.94564 0.000502079 -0.00298279 0.999995 255.336
0.99992 0.0126637 0.000416273 -1.31181 -0.012665 0.999914 0.00332884 -4.97505 -0.000374082 -0.00333384 0.999994 256.869
0.999947 0.0102121 -0.00133908 -1.31399 -0.0102075 0.999942 0.0033649 -5.00734 0.00137336 -0.00335105 0.999993 258.396
0.999955 0.00945174 -3.25809e-05 -1.33599 -0.00945164 0.999953 0.00226736 -5.03456 5.40098e-05 -0.00226695 0.999997 259.912
0.999965 0.0084177 -0.00017511 -1.33589 -0.00841686 0.999955 0.00434725 -5.06653 0.000211697 -0.00434563 0.999991 261.425
0.999987 0.0050045 -0.000450644 -1.33763 -0.00500171 0.99997 0.00599232 -5.08438 0.000480619 -0.00598999 0.999982 262.938
0.999993 0.00368554 0.000868569 -1.35389 -0.00369004 0.999979 0.00523569 -5.10935 -0.000849255 -0.00523886 0.999986 264.437
0.999992 0.00391713 0.000219753 -1.35112 -0.0039181 0.999982 0.0045966 -5.13925 -0.000201744 -0.00459742 0.999989 265.979
0.999987 0.00423883 0.00269178 -1.36946 -0.00425019 0.999982 0.00422784 -5.16429 -0.00267381 -0.00423923 0.999987 267.505
0.999976 0.00560224 0.00413163 -1.38152 -0.00561987 0.999975 0.00426916 -5.18939 -0.00410761 -0.00429228 0.999982 269.02
0.999964 0.00701682 0.00480035 -1.39203 -0.00703679 0.999967 0.00415501 -5.21637 -0.00477103 -0.00418864 0.99998 270.541
0.99994 0.00875015 0.00663922 -1.39843 -0.00877822 0.999953 0.00421058 -5.24667 -0.00660207 -0.00426861 0.999969 272.066
0.99995 0.00852512 0.00519777 -1.38704 -0.00854617 0.999955 0.00404207 -5.27012 -0.00516308 -0.00408629 0.999978 273.588
0.999935 0.00888807 0.00715424 -1.39539 -0.00891224 0.999955 0.0033537 -5.29911 -0.00712411 -0.00341724 0.999969 275.128
0.999938 0.00847049 0.00727369 -1.38478 -0.00849139 0.99996 0.00284716 -5.3238 -0.00724929 -0.00290875 0.999969 276.641
0.999932 0.0082071 0.00826781 -1.3826 -0.00823311 0.999961 0.00311661 -5.35145 -0.00824191 -0.00318446 0.999961 278.164
0.999935 0.00700685 0.00904836 -1.37837 -0.00704519 0.999966 0.00421148 -5.37536 -0.00901854 -0.00427495 0.99995 279.691
0.999941 0.00573994 0.00922028 -1.3712 -0.00577685 0.999975 0.0039807 -5.39656 -0.00919721 -0.00403373 0.99995 281.224
0.999953 0.00495675 0.00834482 -1.35764 -0.00498106 0.999983 0.00289413 -5.44138 -0.00833034 -0.00293556 0.999961 282.759
0.999941 0.00530884 0.00946696 -1.36544 -0.00530959 0.999986 5.3747e-05 -5.46399 -0.00946654 -0.000104009 0.999955 284.29
0.999956 0.00599969 0.00720782 -1.35224 -0.00600454 0.999982 0.000651055 -5.49601 -0.00720378 -0.000694306 0.999974 285.817
0.99997 0.00466352 0.00620015 -1.34995 -0.00466551 0.999989 0.000306969 -5.52406 -0.00619865 -0.000335886 0.999981 287.365
0.999982 0.00336827 0.00497735 -1.34816 -0.00336966 0.999994 0.000271455 -5.55691 -0.0049764 -0.000288222 0.999988 288.89
0.999979 0.00451007 0.00467913 -1.35002 -0.00450987 0.99999 -5.4636e-05 -5.58667 -0.00467933 3.35326e-05 0.999989 290.448
0.999986 0.00457129 0.00260823 -1.34781 -0.00457203 0.99999 0.000278008 -5.61394 -0.00260693 -0.00028993 0.999997 292.016
0.999986 0.00464606 0.00248309 -1.36407 -0.00464668 0.999989 0.000245249 -5.64363 -0.00248192 -0.000256784 0.999997 293.554
0.999991 0.00413099 0.000295164 -1.35952 -0.00413154 0.99999 0.00189387 -5.67439 -0.000287337 -0.00189507 0.999998 295.117
0.999987 0.00514126 0.000300049 -1.37406 -0.00514213 0.999982 0.002966 -5.69789 -0.000284795 -0.00296751 0.999996 296.697
0.999987 0.00503813 4.18009e-05 -1.37691 -0.00503824 0.999983 0.00303738 -5.72414 -2.64975e-05 -0.00303755 0.999995 298.271
0.99998 0.00617933 0.00129359 -1.38725 -0.00618294 0.999977 0.00280085 -5.75102 -0.00127625 -0.00280879 0.999995 299.848
0.999987 0.00507823 0.00103373 -1.38651 -0.00508097 0.999984 0.00265962 -5.77228 -0.00102021 -0.00266484 0.999996 301.43
0.999994 0.00308368 0.00130019 -1.38923 -0.00308587 0.999994 0.00168229 -5.79584 -0.00129499 -0.0016863 0.999998 303.022
0.999998 0.00193039 0.000846725 -1.38523 -0.00192996 0.999998 -0.000500733 -5.82852 -0.00084769 0.000499097 1 304.622
0.999999 0.00158189 0.000267963 -1.39291 -0.00158163 0.999998 -0.000973873 -5.86494 -0.000269503 0.000973448 0.999999 306.19
0.99999 0.00218478 -0.00391988 -1.37892 -0.00219311 0.999995 -0.00212193 -5.89855 0.00391522 0.0021305 0.99999 307.804
0.99998 0.00337438 -0.00536304 -1.40515 -0.00338202 0.999993 -0.00141641 -5.9279 0.00535823 0.00143452 0.999985 309.4
0.999976 0.00449469 -0.00528079 -1.42784 -0.00448724 0.999989 0.00142344 -5.95576 0.00528713 -0.00139971 0.999985 311.009
0.999984 0.00310058 -0.00465592 -1.44335 -0.00307804 0.999984 0.00483956 -5.98501 0.00467084 -0.00482515 0.999977 312.614
0.999989 0.00209453 -0.00411103 -1.46425 -0.0020727 0.999984 0.00530524 -6.00699 0.00412207 -0.00529666 0.999977 314.21
0.999987 0.00140629 -0.00486722 -1.4717 -0.00138435 0.999989 0.00450927 -6.03996 0.0048735 -0.00450248 0.999978 315.835
0.999991 0.000715722 -0.00419163 -1.48367 -0.000697223 0.99999 0.00441309 -6.06297 0.00419475 -0.00441013 0.999981 317.443
0.999992 0.000664921 -0.00402124 -1.49727 -0.000645443 0.999988 0.00484324 -6.08932 0.00402441 -0.0048406 0.99998 319.059
0.999993 0.000794599 -0.00352851 -1.50623 -0.000777002 0.999987 0.00498563 -6.12243 0.00353242 -0.00498286 0.999981 320.674
0.999993 0.00209967 -0.00299045 -1.5195 -0.00208854 0.999991 0.00372072 -6.14242 0.00299823 -0.00371445 0.999989 322.283
0.999993 0.00290221 -0.002424 -1.53434 -0.00289434 0.999991 0.00324374 -6.17196 0.00243339 -0.0032367 0.999992 323.905
0.999997 0.00219393 -0.00130198 -1.54219 -0.00218734 0.999985 0.00504007 -6.20143 0.00131302 -0.00503721 0.999986 325.496
1 0.000546136 -0.000322121 -1.55339 -0.000544208 0.999982 0.00595616 -6.22887 0.000325368 -0.00595598 0.999982 327.093
0.999999 0.000355114 -0.0011156 -1.55712 -0.000349474 0.999987 0.00505172 -6.26155 0.00111738 -0.00505133 0.999987 328.698
0.999999 0.00086196 -0.000673293 -1.56558 -0.000858581 0.999987 0.00500256 -6.29376 0.000677596 -0.00500198 0.999987 330.299
0.999997 0.00207876 -0.00102307 -1.57576 -0.00207573 0.999993 0.00294984 -6.31355 0.00102919 -0.00294771 0.999995 331.903
0.999989 0.00451085 -0.00085081 -1.59918 -0.00451052 0.99999 0.000395254 -6.34968 0.000852585 -0.000391412 1 333.477
0.999982 0.00576378 -0.00163348 -1.60676 -0.00576204 0.999983 0.00107189 -6.38315 0.00163964 -0.00106246 0.999998 335.082
0.999976 0.00640481 -0.00262236 -1.61764 -0.00639277 0.999969 0.00457449 -6.41746 0.00265157 -0.00455762 0.999986 336.67
0.999965 0.00753967 -0.00356707 -1.63458 -0.00751248 0.999943 0.00757685 -6.44416 0.00362399 -0.00754979 0.999965 338.25
0.999956 0.00810876 -0.0046679 -1.65454 -0.00808032 0.999949 0.00608137 -6.46657 0.00471698 -0.00604339 0.999971 339.842
0.999948 0.00765243 -0.0067899 -1.66983 -0.00762064 0.99996 0.00469576 -6.49328 0.00682556 -0.00464378 0.999966 341.422
0.999955 0.00639574 -0.00701449 -1.70286 -0.00635578 0.999964 0.00570359 -6.51748 0.00705071 -0.00565875 0.999959 342.998
0.999949 0.00463432 -0.00896997 -1.71322 -0.00457821 0.99997 0.00626521 -6.54848 0.00899874 -0.00622382 0.99994 344.582
0.999948 0.00444026 -0.009221 -1.73785 -0.00438767 0.999974 0.0057164 -6.57849 0.00924615 -0.00567564 0.999941 346.156
0.999949 0.0041435 -0.0092505 -1.76152 -0.00409444 0.999977 0.00531569 -6.60993 0.00927232 -0.00527754 0.999943 347.739
0.999955 0.00389366 -0.00862513 -1.79242 -0.00385072 0.99998 0.00498918 -6.63324 0.00864439 -0.00495574 0.99995 349.305
0.999953 0.00330029 -0.00909388 -1.81003 -0.0032543 0.999982 0.00506759 -6.66273 0.00911044 -0.00503776 0.999946 350.882
0.999966 0.00244511 -0.0079095 -1.83815 -0.00241102 0.999988 0.00431608 -6.69212 0.00791996 -0.00429686 0.999959 352.455
0.999977 0.00234395 -0.00637001 -1.86915 -0.00231864 0.999989 0.00397788 -6.72462 0.00637927 -0.00396302 0.999972 354.016
0.999961 0.00212131 -0.00852278 -1.87158 -0.00207869 0.999985 0.00500677 -6.75763 0.00853328 -0.00498886 0.999951 355.606
0.999965 0.00225792 -0.00804763 -1.89483 -0.00223011 0.999992 0.00346342 -6.777 0.00805539 -0.00344535 0.999962 357.181
0.999957 0.00111184 -0.00920099 -1.90666 -0.00107959 0.999993 0.00350978 -6.81798 0.00920483 -0.0034997 0.999952 358.764
0.999969 -0.000165939 -0.00792074 -1.93559 0.000202489 0.999989 0.00461394 -6.83825 0.00791989 -0.0046154 0.999958 360.343
0.999961 -0.00250555 -0.00850744 -1.95415 0.00255433 0.99998 0.00572745 -6.86629 0.00849293 -0.00574896 0.999947 361.937
0.999968 -0.00274099 -0.00753473 -1.97732 0.00277395 0.999987 0.00436794 -6.89024 0.00752265 -0.0043887 0.999962 363.523
0.999966 -0.00162958 -0.00811824 -1.99797 0.00166583 0.999989 0.00446085 -6.91992 0.00811088 -0.00447422 0.999957 365.122
0.999975 0.000222787 -0.00703822 -2.02921 -0.000190442 0.999989 0.00459603 -6.94108 0.00703917 -0.00459457 0.999965 366.711
0.999978 0.00109689 -0.00649772 -2.05464 -0.00105743 0.999981 0.00607349 -6.97135 0.00650426 -0.00606649 0.99996 368.296
0.99998 0.00173219 -0.00615633 -2.07222 -0.0016929 0.999978 0.0063822 -6.99768 0.00616726 -0.00637165 0.999961 369.879
0.999979 0.00169548 -0.00630096 -2.08802 -0.00166269 0.999985 0.0052053 -7.02156 0.00630969 -0.00519472 0.999967 371.483
0.999991 0.00153338 -0.00404678 -2.12025 -0.00151272 0.999986 0.00510447 -7.04752 0.00405455 -0.0050983 0.999979 373.063
0.999994 0.00226447 -0.00261237 -2.14187 -0.00225135 0.999985 0.00501626 -7.07385 0.00262369 -0.00501035 0.999984 374.655
0.999992 0.00310532 -0.00266201 -2.15197 -0.00309129 0.999981 0.00526083 -7.10178 0.00267829 -0.00525256 0.999983 376.253
0.999983 0.00396259 -0.00427412 -2.15913 -0.00393823 0.999976 0.00569284 -7.12198 0.00429658 -0.00567592 0.999975 377.86
0.999978 0.00578907 -0.00308954 -2.18584 -0.00577358 0.999971 0.00499967 -7.14841 0.0031184 -0.00498172 0.999983 379.445
0.999966 0.0067902 -0.00469513 -2.19835 -0.00677219 0.99997 0.0038405 -7.17092 0.00472107 -0.00380857 0.999982 381.058
0.999957 0.00797608 -0.00472269 -2.21533 -0.00795962 0.999962 0.00349469 -7.20037 0.00475039 -0.00345695 0.999983 382.649
0.99995 0.00929979 -0.00367754 -2.24061 -0.00928373 0.999947 0.00435898 -7.225 0.00371789 -0.00432462 0.999984 384.246
0.999944 0.00982157 -0.00398821 -2.25363 -0.00980245 0.999941 0.00478529 -7.2552 0.00403497 -0.00474593 0.999981 385.853
0.999935 0.0109328 -0.00316169 -2.27202 -0.010918 0.99993 0.00466621 -7.28555 0.00321248 -0.00463138 0.999984 387.453
0.999933 0.0109758 -0.00377293 -2.27979 -0.0109571 0.999928 0.00492789 -7.30811 0.00382675 -0.00488622 0.999981 389.073
