1.000000e+00 -1.734723e-18 -6.776264e-21 0.000000e+00 0.000000e+00 1.000000e+00 8.673617e-19 0.000000e+00 -2.168404e-19 -8.673617e-19 1.000000e+00 0.000000e+00
9.999997e-01 -5.370745e-04 6.368024e-04 9.282339e-03 5.360325e-04 9.999985e-01 1.635432e-03 -6.119880e-03 -6.376798e-04 -1.635090e-03 9.999985e-01 4.967328e-01
9.999960e-01 -2.297269e-03 1.674259e-03 2.687459e-03 2.294713e-03 9.999962e-01 1.527270e-03 -3.807066e-02 -1.677761e-03 -1.523422e-03 9.999974e-01 2.209882e+00
9.999966e-01 -2.540674e-03 -6.037514e-04 -1.300973e-02 2.541157e-03 9.999965e-01 8.001293e-04 -6.975547e-02 6.017164e-04 -8.016608e-04 9.999995e-01 3.819532e+00
9.999958e-01 -2.888529e-03 3.402920e-04 -2.565636e-02 2.888106e-03 9.999951e-01 1.237058e-03 -9.808616e-02 -3.438637e-04 -1.236070e-03 9.999992e-01 5.160255e+00
9.999954e-01 -2.993855e-03 -5.576668e-04 -3.789370e-02 2.994807e-03 9.999940e-01 1.712770e-03 -1.181061e-01 5.525358e-04 -1.714433e-03 9.999984e-01 6.493224e+00
9.999916e-01 -4.090330e-03 -1.611113e-04 -3.475951e-02 4.090789e-03 9.999873e-01 2.960220e-03 -1.451888e-01 1.490010e-04 -2.960855e-03 9.999956e-01 7.828294e+00
9.999917e-01 -4.060542e-03 -2.702554e-04 -3.601341e-02 4.061434e-03 9.999860e-01 3.383469e-03 -1.686527e-01 2.565129e-04 -3.384538e-03 9.999942e-01 9.161713e+00
9.999926e-01 -3.603180e-03 -1.376684e-03 -6.654773e-02 3.606308e-03 9.999909e-01 2.276138e-03 -1.945322e-01 1.368470e-03 -2.281086e-03 9.999965e-01 1.049432e+01
9.999999e-01 -4.966107e-04 5.028269e-05 -7.123468e-02 4.965699e-04 9.999995e-01 8.092186e-04 -2.194784e-01 -5.068453e-05 -8.091935e-04 9.999997e-01 1.182312e+01
9.999962e-01 2.513666e-03 -1.111880e-03 -9.516449e-02 -2.514217e-03 9.999967e-01 -4.946469e-04 -2.458083e-01 1.110633e-03 4.974405e-04 9.999993e-01 1.316553e+01
9.999888e-01 4.546248e-03 -1.300085e-03 -1.200677e-01 -4.547046e-03 9.999895e-01 -6.116315e-04 -2.699243e-01 1.297291e-03 6.175363e-04 9.999990e-01 1.451538e+01
9.999819e-01 6.010324e-03 3.238156e-04 -1.165198e-01 -6.010392e-03 9.999819e-01 2.060710e-04 -2.949866e-01 -3.225712e-04 -2.080135e-04 9.999999e-01 1.583615e+01
9.999922e-01 3.938815e-03 -1.376858e-04 -1.154766e-01 -3.938380e-03 9.999877e-01 3.025614e-03 -3.217659e-01 1.496015e-04 -3.025048e-03 9.999954e-01 1.719775e+01
1.000000e+00 1.177640e-04 2.277544e-04 -1.238231e-01 -1.188373e-04 9.999889e-01 4.718081e-03 -3.433617e-01 -2.271963e-04 -4.718108e-03 9.999888e-01 1.857175e+01
9.999986e-01 -1.660841e-03 -3.039499e-04 -1.232782e-01 1.661841e-03 9.999931e-01 3.320006e-03 -3.696684e-01 2.984338e-04 -3.320507e-03 9.999944e-01 1.989617e+01
9.999944e-01 -3.261881e-03 6.843045e-04 -1.350459e-01 3.261119e-03 9.999941e-01 1.112321e-03 -3.932162e-01 -6.879287e-04 -1.110084e-03 9.999991e-01 2.126263e+01
9.999997e-01 -6.810248e-04 4.180995e-04 -1.313061e-01 6.808764e-04 9.999997e-01 3.550759e-04 -4.284235e-01 -4.183412e-04 -3.547911e-04 9.999998e-01 2.259181e+01
9.999981e-01 1.841784e-03 5.958858e-04 -1.732260e-01 -1.842596e-03 9.999974e-01 1.365940e-03 -4.450573e-01 -5.933685e-04 -1.367035e-03 9.999989e-01 2.397996e+01
9.999975e-01 1.401654e-03 1.731315e-03 -1.649592e-01 -1.411650e-03 9.999823e-01 5.786304e-03 -4.586275e-01 -1.723174e-03 -5.788734e-03 9.999818e-01 2.533772e+01
9.999977e-01 1.167679e-04 2.126755e-03 -1.763045e-01 -1.312437e-04 9.999768e-01 6.807632e-03 -4.720029e-01 -2.125911e-03 -6.807895e-03 9.999746e-01 2.672433e+01
9.999929e-01 -3.089105e-03 2.144707e-03 -1.707571e-01 3.076281e-03 9.999775e-01 5.956863e-03 -5.068694e-01 -2.163061e-03 -5.950223e-03 9.999800e-01 2.807187e+01
9.999910e-01 -3.874093e-03 1.711956e-03 -1.735760e-01 3.868112e-03 9.999865e-01 3.483633e-03 -5.216915e-01 -1.725428e-03 -3.476979e-03 9.999925e-01 2.948455e+01
9.999862e-01 -4.315100e-03 3.006474e-03 -1.808082e-01 4.311144e-03 9.999898e-01 1.321137e-03 -5.520547e-01 -3.012145e-03 -1.308158e-03 9.999946e-01 3.085409e+01
9.999943e-01 -1.713911e-03 2.897254e-03 -2.001590e-01 1.712817e-03 9.999985e-01 3.800994e-04 -5.739522e-01 -2.897902e-03 -3.751348e-04 9.999957e-01 3.223055e+01
9.999926e-01 3.744094e-04 3.827567e-03 -2.012355e-01 -3.690990e-04 9.999990e-01 -1.388028e-03 -6.034297e-01 -3.828083e-03 1.386605e-03 9.999917e-01 3.360445e+01
9.999929e-01 7.072048e-04 3.701188e-03 -2.105561e-01 -7.030703e-04 9.999991e-01 -1.118270e-03 -6.295443e-01 -3.701976e-03 1.115660e-03 9.999925e-01 3.499530e+01
9.999942e-01 1.215818e-03 3.194575e-03 -2.175600e-01 -1.216702e-03 9.999992e-01 2.748224e-04 -6.618098e-01 -3.194238e-03 -2.787076e-04 9.999949e-01 3.638808e+01
9.999929e-01 1.977636e-03 3.222857e-03 -2.207672e-01 -1.982651e-03 9.999968e-01 1.553657e-03 -6.835130e-01 -3.219775e-03 -1.560036e-03 9.999936e-01 3.776978e+01
9.999858e-01 4.642267e-03 2.603937e-03 -2.283087e-01 -4.647123e-03 9.999875e-01 1.861817e-03 -7.071629e-01 -2.595262e-03 -1.873891e-03 9.999949e-01 3.918766e+01
9.999731e-01 6.806242e-03 2.745614e-03 -2.335507e-01 -6.811716e-03 9.999748e-01 1.989255e-03 -7.329355e-01 -2.732005e-03 -2.007904e-03 9.999943e-01 4.057946e+01
9.999579e-01 8.549929e-03 3.336490e-03 -2.450390e-01 -8.558973e-03 9.999597e-01 2.705672e-03 -7.545811e-01 -3.313222e-03 -2.734115e-03 9.999908e-01 4.198019e+01
9.999525e-01 9.352936e-03 2.725527e-03 -2.562700e-01 -9.360221e-03 9.999526e-01 2.672290e-03 -7.750382e-01 -2.700404e-03 -2.697675e-03 9.999927e-01 4.340236e+01
9.999564e-01 8.887488e-03 2.880080e-03 -2.577779e-01 -8.895992e-03 9.999561e-01 2.953272e-03 -8.031045e-01 -2.853707e-03 -2.978764e-03 9.999915e-01 4.479972e+01
9.999638e-01 8.277371e-03 1.980952e-03 -2.545798e-01 -8.281845e-03 9.999631e-01 2.260987e-03 -8.271771e-01 -1.962164e-03 -2.277311e-03 9.999955e-01 4.621056e+01
9.999628e-01 8.438289e-03 1.795719e-03 -2.735221e-01 -8.443197e-03 9.999606e-01 2.742859e-03 -8.596038e-01 -1.772503e-03 -2.757919e-03 9.999946e-01 4.761205e+01
9.999721e-01 7.451082e-03 4.694927e-04 -2.890483e-01 -7.452651e-03 9.999663e-01 3.432804e-03 -8.722340e-01 -4.438988e-04 -3.436208e-03 9.999940e-01 4.901969e+01
9.999657e-01 8.264869e-03 -5.995636e-04 -2.900073e-01 -8.262645e-03 9.999593e-01 3.623106e-03 -9.012721e-01 6.294838e-04 -3.618028e-03 9.999933e-01 5.043028e+01
9.999582e-01 9.057953e-03 -1.284028e-03 -3.016337e-01 -9.053055e-03 9.999519e-01 3.770845e-03 -9.283473e-01 1.318123e-03 -3.759063e-03 9.999921e-01 5.185124e+01
9.999524e-01 9.234952e-03 -3.154457e-03 -3.071224e-01 -9.218823e-03 9.999446e-01 5.090044e-03 -9.532967e-01 3.201289e-03 -5.060721e-03 9.999821e-01 5.328841e+01
9.999609e-01 8.228237e-03 -3.226697e-03 -3.273542e-01 -8.208430e-03 9.999477e-01 6.104542e-03 -9.756589e-01 3.276758e-03 -6.077817e-03 9.999762e-01 5.469934e+01
9.999675e-01 6.451158e-03 -4.826198e-03 -3.190258e-01 -6.418955e-03 9.999572e-01 6.658617e-03 -9.989749e-01 4.868948e-03 -6.627422e-03 9.999662e-01 5.613132e+01
9.999819e-01 3.866103e-03 -4.600317e-03 -3.565255e-01 -3.838265e-03 9.999744e-01 6.044951e-03 -1.015415e+00 4.623569e-03 -6.027184e-03 9.999711e-01 5.755110e+01
9.999851e-01 3.737873e-03 -3.975367e-03 -3.592175e-01 -3.712039e-03 9.999721e-01 6.486020e-03 -1.038812e+00 3.999500e-03 -6.471167e-03 9.999711e-01 5.896031e+01
9.999893e-01 2.037647e-03 -4.147578e-03 -3.721955e-01 -2.008309e-03 9.999730e-01 7.065495e-03 -1.062250e+00 4.161863e-03 -7.057091e-03 9.999664e-01 6.041214e+01
9.999917e-01 1.616118e-03 -3.741571e-03 -3.883327e-01 -1.586109e-03 9.999667e-01 8.009559e-03 -1.089323e+00 3.754391e-03 -8.003558e-03 9.999609e-01 6.182678e+01
9.999925e-01 -1.274779e-03 -3.660966e-03 -3.958912e-01 1.301781e-03 9.999719e-01 7.382703e-03 -1.103349e+00 3.651453e-03 -7.387414e-03 9.999660e-01 6.327174e+01
9.999916e-01 -2.416768e-03 -3.310988e-03 -4.018234e-01 2.439715e-03 9.999729e-01 6.944285e-03 -1.127613e+00 3.294115e-03 -6.952305e-03 9.999704e-01 6.467840e+01
9.999944e-01 -2.245926e-03 -2.468495e-03 -4.136646e-01 2.262316e-03 9.999753e-01 6.656739e-03 -1.148767e+00 2.453483e-03 -6.662286e-03 9.999748e-01 6.609154e+01
9.999975e-01 -1.553083e-03 -1.618475e-03 -4.380022e-01 1.564386e-03 9.999742e-01 7.005808e-03 -1.173336e+00 1.607553e-03 -7.008322e-03 9.999741e-01 6.749858e+01
9.999987e-01 7.490017e-04 -1.400216e-03 -4.479081e-01 -7.381593e-04 9.999699e-01 7.727958e-03 -1.190638e+00 1.405962e-03 -7.726915e-03 9.999692e-01 6.888094e+01
9.999864e-01 5.180695e-03 -6.430070e-04 -4.753103e-01 -5.174555e-03 9.999442e-01 9.210001e-03 -1.213343e+00 6.906854e-04 -9.206549e-03 9.999574e-01 7.032059e+01
9.999555e-01 9.410894e-03 6.903760e-04 -4.791994e-01 -9.417470e-03 9.999033e-01 1.023481e-02 -1.234436e+00 -5.939905e-04 -1.024086e-02 9.999474e-01 7.171481e+01
9.999381e-01 1.110667e-02 6.599761e-04 -4.904669e-01 -1.111235e-02 9.998947e-01 9.331899e-03 -1.241722e+00 -5.562603e-04 -9.338656e-03 9.999562e-01 7.312571e+01
9.998700e-01 1.598550e-02 2.124392e-03 -5.088538e-01 -1.600417e-02 9.998306e-01 9.085100e-03 -1.263830e+00 -1.978802e-03 -9.117918e-03 9.999565e-01 7.450790e+01
9.998152e-01 1.895391e-02 3.217889e-03 -5.216814e-01 -1.898210e-02 9.997796e-01 8.967952e-03 -1.284298e+00 -3.047202e-03 -9.027377e-03 9.999546e-01 7.589887e+01
9.997939e-01 2.013545e-02 2.587615e-03 -5.255735e-01 -2.016014e-02 9.997478e-01 9.898628e-03 -1.305388e+00 -2.387649e-03 -9.948755e-03 9.999477e-01 7.730646e+01
9.998185e-01 1.879742e-02 3.101104e-03 -5.343176e-01 -1.882696e-02 9.997749e-01 9.787336e-03 -1.322477e+00 -2.916429e-03 -9.843945e-03 9.999473e-01 7.867771e+01
9.998519e-01 1.699800e-02 2.674301e-03 -5.379375e-01 -1.702154e-02 9.998142e-01 9.040968e-03 -1.340200e+00 -2.520126e-03 -9.085150e-03 9.999556e-01 8.008530e+01
9.998619e-01 1.647261e-02 2.194612e-03 -5.430952e-01 -1.649074e-02 9.998278e-01 8.513253e-03 -1.359176e+00 -2.053999e-03 -8.548269e-03 9.999614e-01 8.145700e+01
9.998645e-01 1.630051e-02 2.305556e-03 -5.482485e-01 -1.632155e-02 9.998224e-01 9.420757e-03 -1.376826e+00 -2.151584e-03 -9.457111e-03 9.999530e-01 8.280165e+01
9.998806e-01 1.542528e-02 9.143497e-04 -5.574360e-01 -1.543275e-02 9.998419e-01 8.826439e-03 -1.397001e+00 -7.780550e-04 -8.839496e-03 9.999606e-01 8.419580e+01
9.998727e-01 1.593667e-02 8.148878e-04 -5.627180e-01 -1.594329e-02 9.998334e-01 8.892828e-03 -1.416094e+00 -6.730301e-04 -8.904687e-03 9.999601e-01 8.557547e+01
9.998949e-01 1.450038e-02 4.984452e-05 -5.732016e-01 -1.450020e-02 9.998495e-01 9.529171e-03 -1.429762e+00 8.833961e-05 -9.528892e-03 9.999546e-01 8.694295e+01
9.999088e-01 1.342988e-02 -1.422297e-03 -5.791564e-01 -1.341341e-02 9.998493e-01 1.101884e-02 -1.451273e+00 1.570065e-03 -1.099876e-02 9.999383e-01 8.833801e+01
9.999402e-01 1.053341e-02 -2.945595e-03 -5.830760e-01 -1.049788e-02 9.998749e-01 1.182892e-02 -1.465179e+00 3.069826e-03 -1.179729e-02 9.999257e-01 8.971063e+01
9.999546e-01 8.687816e-03 -3.922799e-03 -5.991853e-01 -8.640561e-03 9.998918e-01 1.190681e-02 -1.481951e+00 4.025819e-03 -1.187237e-02 9.999214e-01 9.107348e+01
9.999730e-01 6.316755e-03 -3.761531e-03 -6.115809e-01 -6.273291e-03 9.999147e-01 1.145669e-02 -1.492510e+00 3.833579e-03 -1.143279e-02 9.999273e-01 9.242446e+01
9.999646e-01 6.755568e-03 -5.016042e-03 -6.276357e-01 -6.698797e-03 9.999143e-01 1.124995e-02 -1.520039e+00 5.091612e-03 -1.121595e-02 9.999241e-01 9.378587e+01
9.999751e-01 5.285839e-03 -4.666988e-03 -6.452949e-01 -5.235007e-03 9.999276e-01 1.083776e-02 -1.529614e+00 4.723937e-03 -1.081305e-02 9.999304e-01 9.515930e+01
9.999739e-01 5.411741e-03 -4.779711e-03 -6.617572e-01 -5.361769e-03 9.999315e-01 1.040683e-02 -1.548966e+00 4.835703e-03 -1.038093e-02 9.999344e-01 9.650727e+01
9.999719e-01 6.072080e-03 -4.403004e-03 -6.777586e-01 -6.029098e-03 9.999347e-01 9.710637e-03 -1.566866e+00 4.461681e-03 -9.683818e-03 9.999432e-01 9.783509e+01
9.999699e-01 6.799481e-03 -3.733012e-03 -6.941513e-01 -6.762761e-03 9.999295e-01 9.762615e-03 -1.580639e+00 3.799130e-03 -9.737076e-03 9.999454e-01 9.917119e+01
9.999604e-01 7.907830e-03 -4.077897e-03 -7.140682e-01 -7.860909e-03 9.999042e-01 1.139667e-02 -1.598997e+00 4.167629e-03 -1.136416e-02 9.999267e-01 1.005329e+02
9.999560e-01 8.389782e-03 -4.185914e-03 -7.181760e-01 -8.337123e-03 9.998878e-01 1.244300e-02 -1.614297e+00 4.289839e-03 -1.240755e-02 9.999138e-01 1.018726e+02
9.999525e-01 8.963348e-03 -3.833926e-03 -7.421873e-01 -8.917159e-03 9.998894e-01 1.189948e-02 -1.629134e+00 3.940161e-03 -1.186473e-02 9.999218e-01 1.032179e+02
9.999654e-01 7.634952e-03 -3.295819e-03 -7.531705e-01 -7.603862e-03 9.999274e-01 9.345044e-03 -1.642438e+00 3.366929e-03 -9.319660e-03 9.999509e-01 1.045703e+02
9.999641e-01 7.683876e-03 -3.566435e-03 -7.690544e-01 -7.654392e-03 9.999370e-01 8.208351e-03 -1.655836e+00 3.629283e-03 -8.180757e-03 9.999600e-01 1.058897e+02
9.999743e-01 6.281725e-03 -3.443600e-03 -7.740419e-01 -6.248048e-03 9.999334e-01 9.704683e-03 -1.679428e+00 3.504333e-03 -9.682919e-03 9.999470e-01 1.072278e+02
9.999887e-01 3.761525e-03 -2.924113e-03 -7.843272e-01 -3.728569e-03 9.999304e-01 1.119530e-02 -1.692145e+00 2.966021e-03 -1.118427e-02 9.999331e-01 1.085424e+02
9.999962e-01 1.773031e-03 -2.123250e-03 -7.940961e-01 -1.746236e-03 9.999196e-01 1.255584e-02 -1.707235e+00 2.145342e-03 -1.255209e-02 9.999189e-01 1.098743e+02
9.999986e-01 1.087923e-03 -1.290360e-03 -8.089966e-01 -1.073094e-03 9.999340e-01 1.143793e-02 -1.718971e+00 1.302719e-03 -1.143653e-02 9.999338e-01 1.112159e+02
9.999937e-01 3.369265e-03 -1.111938e-03 -8.128322e-01 -3.358622e-03 9.999498e-01 9.438632e-03 -1.742560e+00 1.143684e-03 -9.434838e-03 9.999548e-01 1.125433e+02
9.999874e-01 5.021009e-03 -1.617470e-04 -8.347595e-01 -5.019725e-03 9.999619e-01 7.147157e-03 -1.757168e+00 1.976267e-04 -7.146255e-03 9.999744e-01 1.138547e+02
9.999651e-01 8.151387e-03 1.858257e-03 -8.384228e-01 -8.164261e-03 9.999420e-01 7.028553e-03 -1.776042e+00 -1.800857e-03 -7.043479e-03 9.999736e-01 1.151702e+02
9.999506e-01 9.434514e-03 3.125595e-03 -8.492194e-01 -9.461659e-03 9.999166e-01 8.786571e-03 -1.791614e+00 -3.042438e-03 -8.815711e-03 9.999565e-01 1.165060e+02
9.999480e-01 9.391008e-03 3.975711e-03 -8.459246e-01 -9.433439e-03 9.998973e-01 1.079154e-02 -1.801522e+00 -3.873960e-03 -1.082848e-02 9.999339e-01 1.178303e+02
9.999524e-01 8.650423e-03 4.504819e-03 -8.521484e-01 -8.703161e-03 9.998922e-01 1.182178e-02 -1.812852e+00 -4.402070e-03 -1.186042e-02 9.999200e-01 1.191626e+02
9.999470e-01 8.596082e-03 5.671412e-03 -8.621926e-01 -8.661735e-03 9.998946e-01 1.165489e-02 -1.829701e+00 -5.570628e-03 -1.170339e-02 9.999160e-01 1.205085e+02
9.999174e-01 1.060831e-02 7.252816e-03 -8.571176e-01 -1.068985e-02 9.998790e-01 1.129762e-02 -1.843569e+00 -7.132091e-03 -1.137422e-02 9.999099e-01 1.218241e+02
9.998869e-01 1.254733e-02 8.292077e-03 -8.557633e-01 -1.263910e-02 9.998584e-01 1.110886e-02 -1.850096e+00 -8.151517e-03 -1.121241e-02 9.999039e-01 1.231575e+02
9.998715e-01 1.278472e-02 9.668358e-03 -8.618472e-01 -1.288087e-02 9.998675e-01 9.949508e-03 -1.859597e+00 -9.539876e-03 -1.007277e-02 9.999038e-01 1.244975e+02
9.998499e-01 1.383904e-02 1.042324e-02 -8.531662e-01 -1.393480e-02 9.998608e-01 9.171593e-03 -1.875741e+00 -1.029486e-02 -9.315463e-03 9.999036e-01 1.258315e+02
9.998284e-01 1.396090e-02 1.217784e-02 -8.552340e-01 -1.407082e-02 9.998606e-01 8.987523e-03 -1.893684e+00 -1.205067e-02 -9.157333e-03 9.998855e-01 1.271919e+02
9.998282e-01 1.398581e-02 1.216533e-02 -8.485388e-01 -1.410940e-02 9.998491e-01 1.013266e-02 -1.907543e+00 -1.202178e-02 -1.030256e-02 9.998747e-01 1.284972e+02
9.998324e-01 1.278545e-02 1.310158e-02 -8.390757e-01 -1.293011e-02 9.998557e-01 1.101648e-02 -1.924982e+00 -1.295884e-02 -1.118404e-02 9.998535e-01 1.298361e+02
9.998427e-01 1.123822e-02 1.372006e-02 -8.215387e-01 -1.139682e-02 9.998685e-01 1.153678e-02 -1.935569e+00 -1.358860e-02 -1.169133e-02 9.998393e-01 1.311611e+02
9.998467e-01 1.058815e-02 1.394391e-02 -8.199798e-01 -1.075514e-02 9.998707e-01 1.195630e-02 -1.950314e+00 -1.381551e-02 -1.210443e-02 9.998313e-01 1.324986e+02
9.998738e-01 8.737250e-03 1.326947e-02 -8.027834e-01 -8.898996e-03 9.998862e-01 1.217959e-02 -1.961994e+00 -1.316154e-02 -1.229614e-02 9.998378e-01 1.338498e+02
9.998843e-01 8.035600e-03 1.291567e-02 -8.004191e-01 -8.196232e-03 9.998891e-01 1.243254e-02 -1.976975e+00 -1.281433e-02 -1.253697e-02 9.998393e-01 1.351873e+02
9.999087e-01 6.172099e-03 1.202281e-02 -7.958123e-01 -6.313702e-03 9.999107e-01 1.177575e-02 -1.987220e+00 -1.194906e-02 -1.185059e-02 9.998584e-01 1.365238e+02
9.999381e-01 3.784513e-03 1.046512e-02 -7.737184e-01 -3.919711e-03 9.999087e-01 1.292870e-02 -2.001551e+00 -1.041524e-02 -1.296892e-02 9.998617e-01 1.378734e+02
9.999489e-01 3.283880e-03 9.561322e-03 -7.674457e-01 -3.412082e-03 9.999041e-01 1.342310e-02 -2.012635e+00 -9.516326e-03 -1.345504e-02 9.998642e-01 1.392142e+02
9.999632e-01 2.251252e-03 8.283015e-03 -7.726852e-01 -2.363419e-03 9.999053e-01 1.355704e-02 -2.021413e+00 -8.251711e-03 -1.357612e-02 9.998738e-01 1.405576e+02
9.999750e-01 1.178972e-03 6.978717e-03 -7.615640e-01 -1.271558e-03 9.999110e-01 1.327731e-02 -2.032407e+00 -6.962443e-03 -1.328585e-02 9.998875e-01 1.419258e+02
9.999805e-01 1.243885e-03 6.124037e-03 -7.677565e-01 -1.323193e-03 9.999151e-01 1.296332e-02 -2.042617e+00 -6.107392e-03 -1.297118e-02 9.998972e-01 1.432625e+02
9.999844e-01 -1.846207e-03 5.264258e-03 -7.620435e-01 1.791130e-03 9.999438e-01 1.044815e-02 -2.048198e+00 -5.283252e-03 -1.043856e-02 9.999316e-01 1.445885e+02
9.999836e-01 -4.346899e-03 3.727327e-03 -7.498130e-01 4.310438e-03 9.999433e-01 9.735021e-03 -2.077216e+00 -3.769433e-03 -9.718795e-03 9.999457e-01 1.459286e+02
9.999337e-01 -1.110055e-02 3.048215e-03 -7.499455e-01 1.106050e-02 9.998562e-01 1.285433e-02 -2.091571e+00 -3.190467e-03 -1.281977e-02 9.999127e-01 1.472683e+02
9.998087e-01 -1.953560e-02 9.833777e-04 -7.375328e-01 1.952043e-02 9.997169e-01 1.360180e-02 -2.097157e+00 -1.248819e-03 -1.358000e-02 9.999070e-01 1.486294e+02
9.997068e-01 -2.421041e-02 -3.603165e-04 -7.275465e-01 2.421294e-02 9.996430e-01 1.129807e-02 -2.103948e+00 8.665700e-05 -1.130348e-02 9.999361e-01 1.499658e+02
9.997252e-01 -2.343109e-02 7.420196e-04 -7.389806e-01 2.342419e-02 9.996917e-01 8.238113e-03 -2.127831e+00 -9.348189e-04 -8.218468e-03 9.999658e-01 1.512983e+02
9.998001e-01 -1.996612e-02 1.028790e-03 -7.474759e-01 1.995961e-02 9.997828e-01 5.992202e-03 -2.146772e+00 -1.148208e-03 -5.970470e-03 9.999815e-01 1.526456e+02
9.998357e-01 -1.798158e-02 2.277355e-03 -7.585112e-01 1.796780e-02 9.998210e-01 5.934448e-03 -2.170256e+00 -2.383658e-03 -5.892554e-03 9.999798e-01 1.539634e+02
9.998172e-01 -1.893841e-02 2.640636e-03 -7.501035e-01 1.891407e-02 9.997810e-01 8.955140e-03 -2.189837e+00 -2.809654e-03 -8.903557e-03 9.999564e-01 1.553169e+02
9.997025e-01 -2.422637e-02 2.838248e-03 -7.534960e-01 2.419062e-02 9.996351e-01 1.201845e-02 -2.204958e+00 -3.128376e-03 -1.194621e-02 9.999237e-01 1.566695e+02
9.995622e-01 -2.942627e-02 3.081708e-03 -7.334250e-01 2.938180e-02 9.994758e-01 1.359808e-02 -2.210069e+00 -3.480233e-03 -1.350158e-02 9.999028e-01 1.580140e+02
9.994823e-01 -3.202956e-02 3.042243e-03 -7.275022e-01 3.198428e-02 9.993914e-01 1.392160e-02 -2.220926e+00 -3.486295e-03 -1.381709e-02 9.998985e-01 1.593581e+02
9.995205e-01 -3.069599e-02 4.070489e-03 -7.298196e-01 3.063624e-02 9.994324e-01 1.400950e-02 -2.232907e+00 -4.498214e-03 -1.387808e-02 9.998936e-01 1.607037e+02
9.995580e-01 -2.924683e-02 5.323180e-03 -7.434159e-01 2.917121e-02 9.994796e-01 1.376958e-02 -2.231377e+00 -5.723127e-03 -1.360821e-02 9.998910e-01 1.620403e+02
9.996636e-01 -2.523696e-02 5.976504e-03 -7.465203e-01 2.516296e-02 9.996095e-01 1.214889e-02 -2.245567e+00 -6.280772e-03 -1.199442e-02 9.999083e-01 1.634248e+02
9.997593e-01 -2.110794e-02 5.983776e-03 -7.443851e-01 2.103887e-02 9.997139e-01 1.138018e-02 -2.264894e+00 -6.222277e-03 -1.125155e-02 9.999173e-01 1.648046e+02
9.998141e-01 -1.797291e-02 6.979768e-03 -7.530799e-01 1.788255e-02 9.997582e-01 1.279958e-02 -2.275651e+00 -7.208127e-03 -1.267239e-02 9.998937e-01 1.661326e+02
9.998265e-01 -1.734669e-02 6.782022e-03 -7.476929e-01 1.725766e-02 9.997669e-01 1.297278e-02 -2.284449e+00 -7.005476e-03 -1.285349e-02 9.998928e-01 1.674780e+02
9.998386e-01 -1.691715e-02 6.056723e-03 -7.493613e-01 1.685151e-02 9.998004e-01 1.072905e-02 -2.286932e+00 -6.237019e-03 -1.062525e-02 9.999241e-01 1.688043e+02
9.998885e-01 -1.368917e-02 5.957915e-03 -7.594700e-01 1.364209e-02 9.998760e-01 7.872422e-03 -2.300552e+00 -6.064943e-03 -7.790266e-03 9.999513e-01 1.701847e+02
9.999368e-01 -9.964051e-03 5.213287e-03 -7.601438e-01 9.934280e-03 9.999344e-01 5.705875e-03 -2.308161e+00 -5.269799e-03 -5.653724e-03 9.999701e-01 1.715264e+02
9.999691e-01 -5.405286e-03 5.711413e-03 -7.675125e-01 5.363347e-03 9.999587e-01 7.333113e-03 -2.327321e+00 -5.750815e-03 -7.302254e-03 9.999568e-01 1.728927e+02
9.999774e-01 -2.661971e-03 6.170611e-03 -7.864551e-01 2.607584e-03 9.999578e-01 8.805328e-03 -2.338676e+00 -6.193791e-03 -8.789039e-03 9.999422e-01 1.742777e+02
9.999806e-01 -8.371308e-04 6.170554e-03 -7.895727e-01 7.646698e-04 9.999308e-01 1.173607e-02 -2.351634e+00 -6.179953e-03 -1.173112e-02 9.999121e-01 1.756526e+02
9.999854e-01 -9.101908e-04 5.329698e-03 -7.805424e-01 8.453708e-04 9.999258e-01 1.215171e-02 -2.373303e+00 -5.340363e-03 -1.214702e-02 9.999120e-01 1.770583e+02
9.999890e-01 -3.131519e-03 3.498612e-03 -7.781394e-01 3.085693e-03 9.999104e-01 1.302775e-02 -2.382983e+00 -3.539095e-03 -1.301681e-02 9.999090e-01 1.784662e+02
9.999966e-01 -1.795145e-03 1.910848e-03 -7.763560e-01 1.778214e-03 9.999595e-01 8.826034e-03 -2.396633e+00 -1.926615e-03 -8.822606e-03 9.999592e-01 1.798607e+02
9.999964e-01 -2.647687e-03 3.595789e-04 -7.877181e-01 2.645846e-03 9.999839e-01 5.026887e-03 -2.419918e+00 -3.728827e-04 -5.025918e-03 9.999873e-01 1.812532e+02
9.999984e-01 1.740765e-03 -3.898168e-04 -8.087309e-01 -1.739119e-03 9.999897e-01 4.185751e-03 -2.436191e+00 3.970992e-04 -4.185066e-03 9.999912e-01 1.826555e+02
9.999870e-01 5.095015e-03 -6.685839e-05 -8.288359e-01 -5.094609e-03 9.999740e-01 5.095885e-03 -2.449211e+00 9.282027e-05 -5.095479e-03 9.999870e-01 1.840104e+02
9.999737e-01 7.250342e-03 -9.473390e-06 -8.365515e-01 -7.250044e-03 9.999429e-01 7.849946e-03 -2.460446e+00 6.638765e-05 -7.849671e-03 9.999692e-01 1.854453e+02
9.999741e-01 7.191374e-03 2.856786e-04 -8.385086e-01 -7.193992e-03 9.999183e-01 1.056482e-02 -2.470141e+00 -2.096797e-04 -1.056660e-02 9.999441e-01 1.868127e+02
9.999836e-01 5.727468e-03 -1.018536e-04 -8.572410e-01 -5.725890e-03 9.999155e-01 1.166676e-02 -2.473755e+00 1.686660e-04 -1.166599e-02 9.999319e-01 1.882080e+02
9.999794e-01 6.405241e-03 3.971534e-04 -8.678993e-01 -6.409625e-03 9.999045e-01 1.224662e-02 -2.488583e+00 -3.186729e-04 -1.224891e-02 9.999249e-01 1.896078e+02
9.999822e-01 5.941737e-03 5.312942e-04 -8.673053e-01 -5.948151e-03 9.998976e-01 1.301663e-02 -2.514103e+00 -4.538985e-04 -1.301955e-02 9.999151e-01 1.909968e+02
9.999954e-01 2.975265e-03 5.044505e-04 -8.657371e-01 -2.981697e-03 9.999075e-01 1.326835e-02 -2.520060e+00 -4.649270e-04 -1.326979e-02 9.999118e-01 1.923937e+02
9.999987e-01 -1.005529e-03 1.274340e-03 -8.716450e-01 9.873107e-04 9.998984e-01 1.421754e-02 -2.524650e+00 -1.288506e-03 -1.421626e-02 9.998981e-01 1.937993e+02
9.999929e-01 -3.550020e-03 1.223976e-03 -8.646629e-01 3.529949e-03 9.998653e-01 1.602790e-02 -2.540036e+00 -1.280711e-03 -1.602346e-02 9.998708e-01 1.952428e+02
9.999707e-01 -7.454723e-03 1.755864e-03 -8.693535e-01 7.425437e-03 9.998423e-01 1.613354e-02 -2.545227e+00 -1.875858e-03 -1.612002e-02 9.998683e-01 1.966787e+02
9.999769e-01 -6.666509e-03 1.303195e-03 -8.741238e-01 6.650391e-03 9.999058e-01 1.200447e-02 -2.548683e+00 -1.383100e-03 -1.199552e-02 9.999271e-01 1.980728e+02
9.999953e-01 -1.912615e-03 2.413780e-03 -8.943804e-01 1.895568e-03 9.999734e-01 7.045106e-03 -2.563454e+00 -2.427190e-03 -7.040497e-03 9.999723e-01 1.994807e+02
9.999543e-01 8.808893e-03 3.717902e-03 -9.170409e-01 -8.830325e-03 9.999443e-01 5.788077e-03 -2.578171e+00 -3.666708e-03 -5.820643e-03 9.999763e-01 2.009017e+02
9.998576e-01 1.629129e-02 4.406505e-03 -9.337221e-01 -1.633314e-02 9.998202e-01 9.633317e-03 -2.589709e+00 -4.248774e-03 -9.703917e-03 9.999439e-01 2.023776e+02
9.998499e-01 1.632695e-02 5.800265e-03 -9.453415e-01 -1.639682e-02 9.997910e-01 1.220977e-02 -2.593834e+00 -5.599705e-03 -1.230304e-02 9.999086e-01 2.037925e+02
9.998604e-01 1.600247e-02 4.806774e-03 -9.408692e-01 -1.606448e-02 9.997845e-01 1.315121e-02 -2.600562e+00 -4.595287e-03 -1.322659e-02 9.999020e-01 2.052512e+02
9.998952e-01 1.387093e-02 4.141611e-03 -9.282373e-01 -1.392322e-02 9.998202e-01 1.287393e-02 -2.613380e+00 -3.962293e-03 -1.293024e-02 9.999086e-01 2.066758e+02
9.999270e-01 1.170465e-02 3.014936e-03 -9.293643e-01 -1.174276e-02 9.998472e-01 1.294600e-02 -2.628966e+00 -2.862947e-03 -1.298046e-02 9.999117e-01 2.081228e+02
9.999327e-01 1.141419e-02 2.054885e-03 -9.317113e-01 -1.143876e-02 9.998580e-01 1.237235e-02 -2.638426e+00 -1.913373e-03 -1.239503e-02 9.999213e-01 2.095802e+02
9.999289e-01 1.172300e-02 2.192301e-03 -9.302913e-01 -1.175023e-02 9.998484e-01 1.284995e-02 -2.644287e+00 -2.041329e-03 -1.287479e-02 9.999150e-01 2.110309e+02
9.999205e-01 1.243230e-02 2.123312e-03 -9.424949e-01 -1.245955e-02 9.998333e-01 1.334288e-02 -2.655022e+00 -1.957076e-03 -1.336827e-02 9.999087e-01 2.124807e+02
9.999051e-01 1.363652e-02 1.953332e-03 -9.523424e-01 -1.366019e-02 9.998265e-01 1.266624e-02 -2.669021e+00 -1.780270e-03 -1.269172e-02 9.999179e-01 2.139531e+02
9.999194e-01 1.259558e-02 1.572776e-03 -9.535425e-01 -1.261445e-02 9.998407e-01 1.263117e-02 -2.679657e+00 -1.413429e-03 -1.265000e-02 9.999190e-01 2.153962e+02
9.999155e-01 1.298413e-02 6.715716e-04 -9.675445e-01 -1.299117e-02 9.998457e-01 1.182427e-02 -2.686228e+00 -5.179402e-04 -1.183199e-02 9.999299e-01 2.168811e+02
9.999196e-01 1.265913e-02 7.890268e-04 -9.750825e-01 -1.266729e-02 9.998551e-01 1.136925e-02 -2.693829e+00 -6.449877e-04 -1.137833e-02 9.999351e-01 2.183515e+02
9.999235e-01 1.236581e-02 2.572721e-04 -9.752950e-01 -1.236799e-02 9.998535e-01 1.183509e-02 -2.707926e+00 -1.108839e-04 -1.183737e-02 9.999299e-01 2.198388e+02
9.999111e-01 1.333059e-02 2.838031e-04 -9.861725e-01 -1.333298e-02 9.998450e-01 1.149827e-02 -2.718948e+00 -1.304803e-04 -1.150103e-02 9.999339e-01 2.212946e+02
9.999025e-01 1.395642e-02 -4.223499e-04 -9.961371e-01 -1.395065e-02 9.998366e-01 1.149617e-02 -2.736020e+00 5.827263e-04 -1.148915e-02 9.999338e-01 2.227848e+02
9.999002e-01 1.410587e-02 -7.861646e-04 -1.002600e+00 -1.409580e-02 9.998333e-01 1.160695e-02 -2.741350e+00 9.497597e-04 -1.159471e-02 9.999323e-01 2.242661e+02
9.998658e-01 1.635897e-02 -9.060374e-04 -1.019678e+00 -1.634713e-02 9.997965e-01 1.182019e-02 -2.757503e+00 1.099219e-03 -1.180380e-02 9.999297e-01 2.257383e+02
9.998759e-01 1.573917e-02 -6.503868e-04 -1.024969e+00 -1.573041e-02 9.998067e-01 1.179152e-02 -2.771787e+00 8.358500e-04 -1.177983e-02 9.999303e-01 2.272407e+02
9.998847e-01 1.517371e-02 -6.134435e-04 -1.035226e+00 -1.516550e-02 9.998165e-01 1.169968e-02 -2.789860e+00 7.908587e-04 -1.168903e-02 9.999314e-01 2.287073e+02
9.999036e-01 1.386036e-02 -7.764469e-04 -1.045214e+00 -1.385018e-02 9.998337e-01 1.186340e-02 -2.797661e+00 9.407488e-04 -1.185150e-02 9.999293e-01 2.302134e+02
9.999227e-01 1.240746e-02 -7.479913e-04 -1.051513e+00 -1.239705e-02 9.998438e-01 1.259984e-02 -2.810325e+00 9.042065e-04 -1.258960e-02 9.999203e-01 2.317144e+02
9.999436e-01 1.060946e-02 -4.503709e-04 -1.059261e+00 -1.060265e-02 9.998580e-01 1.309575e-02 -2.818698e+00 5.892459e-04 -1.309024e-02 9.999141e-01 2.331667e+02
9.999434e-01 1.058560e-02 -1.101334e-03 -1.066776e+00 -1.057024e-02 9.998579e-01 1.312947e-02 -2.830349e+00 1.240161e-03 -1.311709e-02 9.999132e-01 2.346682e+02
9.999257e-01 1.218419e-02 -2.980554e-04 -1.093793e+00 -1.217934e-02 9.998426e-01 1.290254e-02 -2.845093e+00 4.552155e-04 -1.289795e-02 9.999167e-01 2.361867e+02
9.999096e-01 1.341508e-02 -9.096539e-04 -1.107498e+00 -1.340167e-02 9.998202e-01 1.341376e-02 -2.852433e+00 1.089437e-03 -1.340036e-02 9.999096e-01 2.377197e+02
9.998889e-01 1.490894e-02 -5.021450e-06 -1.123835e+00 -1.490707e-02 9.997690e-01 1.548267e-02 -2.863734e+00 2.358505e-04 -1.548087e-02 9.998801e-01 2.392345e+02
9.999113e-01 1.329599e-02 8.373043e-04 -1.126566e+00 -1.330782e-02 9.997801e-01 1.620504e-02 -2.867613e+00 -6.216582e-04 -1.621475e-02 9.998683e-01 2.407286e+02
9.999078e-01 1.354611e-02 9.045551e-04 -1.132437e+00 -1.355801e-02 9.997988e-01 1.478479e-02 -2.879609e+00 -7.040967e-04 -1.479569e-02 9.998903e-01 2.422433e+02
9.998989e-01 1.409258e-02 1.890341e-03 -1.134189e+00 -1.411689e-02 9.998088e-01 1.353313e-02 -2.887813e+00 -1.699263e-03 -1.355844e-02 9.999066e-01 2.437627e+02
9.998878e-01 1.489733e-02 1.556552e-03 -1.150400e+00 -1.491739e-02 9.997936e-01 1.379143e-02 -2.895220e+00 -1.350776e-03 -1.381311e-02 9.999037e-01 2.453012e+02
9.998847e-01 1.506883e-02 1.858130e-03 -1.149459e+00 -1.509472e-02 9.997763e-01 1.481357e-02 -2.898619e+00 -1.634492e-03 -1.483991e-02 9.998885e-01 2.468120e+02
9.998987e-01 1.405677e-02 2.247885e-03 -1.157415e+00 -1.408988e-02 9.997812e-01 1.546147e-02 -2.908293e+00 -2.030055e-03 -1.549158e-02 9.998779e-01 2.483180e+02
9.998811e-01 1.536081e-02 1.387616e-03 -1.155061e+00 -1.538072e-02 9.997585e-01 1.569628e-02 -2.915640e+00 -1.146173e-03 -1.571576e-02 9.998758e-01 2.498625e+02
9.998754e-01 1.560319e-02 2.389331e-03 -1.170303e+00 -1.563881e-02 9.997545e-01 1.569299e-02 -2.918813e+00 -2.143884e-03 -1.572840e-02 9.998740e-01 2.513787e+02
9.998528e-01 1.701934e-02 2.184003e-03 -1.184016e+00 -1.705168e-02 9.997304e-01 1.576090e-02 -2.925850e+00 -1.915174e-03 -1.579582e-02 9.998734e-01 2.529253e+02
9.998440e-01 1.754478e-02 2.038393e-03 -1.189468e+00 -1.757535e-02 9.997160e-01 1.609490e-02 -2.929015e+00 -1.755433e-03 -1.612821e-02 9.998684e-01 2.544309e+02
9.998707e-01 1.591050e-02 2.327650e-03 -1.186855e+00 -1.594717e-02 9.997335e-01 1.669222e-02 -2.934844e+00 -2.061449e-03 -1.672718e-02 9.998580e-01 2.559870e+02
9.998832e-01 1.517198e-02 1.848619e-03 -1.201839e+00 -1.520169e-02 9.997350e-01 1.728551e-02 -2.937386e+00 -1.585874e-03 -1.731160e-02 9.998489e-01 2.575225e+02
9.998996e-01 1.403192e-02 1.973730e-03 -1.195808e+00 -1.406603e-02 9.997303e-01 1.847973e-02 -2.953330e+00 -1.713892e-03 -1.850564e-02 9.998273e-01 2.590765e+02
9.999429e-01 1.050794e-02 1.934925e-03 -1.194356e+00 -1.054063e-02 9.997870e-01 1.774260e-02 -2.960623e+00 -1.748074e-03 -1.776198e-02 9.998407e-01 2.606000e+02
9.999572e-01 9.126361e-03 1.540188e-03 -1.210416e+00 -9.151010e-03 9.998164e-01 1.683716e-02 -2.955816e+00 -1.386244e-03 -1.685053e-02 9.998571e-01 2.621465e+02
9.999614e-01 8.642412e-03 1.578505e-03 -1.209717e+00 -8.670643e-03 9.997847e-01 1.885130e-02 -2.966350e+00 -1.415245e-03 -1.886426e-02 9.998211e-01 2.636750e+02
9.999801e-01 5.911981e-03 2.179597e-03 -1.209991e+00 -5.955092e-03 9.997755e-01 2.033399e-02 -2.962620e+00 -2.058894e-03 -2.034656e-02 9.997909e-01 2.652005e+02
9.999924e-01 2.950529e-03 2.552719e-03 -1.208182e+00 -3.002074e-03 9.997868e-01 2.042947e-02 -2.960572e+00 -2.491897e-03 -2.043698e-02 9.997880e-01 2.667330e+02
9.999884e-01 4.263583e-03 2.250376e-03 -1.216221e+00 -4.306813e-03 9.997992e-01 1.956842e-02 -2.971747e+00 -2.166493e-03 -1.957789e-02 9.998060e-01 2.682629e+02
9.999870e-01 3.972733e-03 3.185577e-03 -1.217968e+00 -4.033079e-03 9.998082e-01 1.916631e-02 -2.971481e+00 -3.108824e-03 -1.917891e-02 9.998112e-01 2.698188e+02
9.999744e-01 5.541327e-03 4.530024e-03 -1.228635e+00 -5.627123e-03 9.998008e-01 1.915138e-02 -2.972450e+00 -4.422998e-03 -1.917638e-02 9.998063e-01 2.713650e+02
9.999646e-01 6.513803e-03 5.317379e-03 -1.242564e+00 -6.616389e-03 9.997878e-01 1.950846e-02 -2.976876e+00 -5.189177e-03 -1.954295e-02 9.997956e-01 2.729051e+02
9.999460e-01 8.563001e-03 5.893451e-03 -1.250732e+00 -8.674493e-03 9.997788e-01 1.915966e-02 -2.980256e+00 -5.728084e-03 -1.920975e-02 9.997991e-01 2.744588e+02
9.999463e-01 8.159780e-03 6.391798e-03 -1.253164e+00 -8.278040e-03 9.997909e-01 1.869905e-02 -2.975970e+00 -6.237881e-03 -1.875096e-02 9.998047e-01 2.760090e+02
9.999304e-01 8.702389e-03 7.963484e-03 -1.252199e+00 -8.848689e-03 9.997893e-01 1.852425e-02 -2.984826e+00 -7.800601e-03 -1.859343e-02 9.997967e-01 2.775607e+02
9.999220e-01 8.602580e-03 9.052730e-03 -1.235677e+00 -8.761761e-03 9.998051e-01 1.769343e-02 -2.986778e+00 -8.898757e-03 -1.777137e-02 9.998025e-01 2.791057e+02
9.999184e-01 8.152054e-03 9.839766e-03 -1.240090e+00 -8.325815e-03 9.998078e-01 1.774918e-02 -2.987996e+00 -9.693183e-03 -1.782966e-02 9.997941e-01 2.806320e+02
9.999175e-01 7.544521e-03 1.040006e-02 -1.227600e+00 -7.746020e-03 9.997804e-01 1.947257e-02 -2.995587e+00 -1.025086e-02 -1.955153e-02 9.997563e-01 2.821779e+02
9.999241e-01 5.804152e-03 1.086666e-02 -1.217296e+00 -6.017807e-03 9.997872e-01 1.973304e-02 -2.991442e+00 -1.074982e-02 -1.979694e-02 9.997462e-01 2.837274e+02
9.999270e-01 4.805231e-03 1.108345e-02 -1.202291e+00 -4.999604e-03 9.998330e-01 1.757662e-02 -3.000791e+00 -1.099715e-02 -1.763075e-02 9.997841e-01 2.852825e+02
9.999313e-01 4.660687e-03 1.075644e-02 -1.186313e+00 -4.824240e-03 9.998724e-01 1.522957e-02 -3.006832e+00 -1.068409e-02 -1.528041e-02 9.998262e-01 2.868141e+02
9.999342e-01 5.920887e-03 9.825232e-03 -1.189127e+00 -6.075690e-03 9.998567e-01 1.580124e-02 -3.013001e+00 -9.730268e-03 -1.585990e-02 9.998269e-01 2.883456e+02
9.999454e-01 5.317092e-03 8.999655e-03 -1.180772e+00 -5.458346e-03 9.998612e-01 1.574434e-02 -3.019384e+00 -8.914692e-03 -1.579261e-02 9.998355e-01 2.898927e+02
9.999584e-01 3.175584e-03 8.551271e-03 -1.181625e+00 -3.304262e-03 9.998809e-01 1.507594e-02 -3.020389e+00 -8.502378e-03 -1.510357e-02 9.998498e-01 2.914523e+02
9.999616e-01 4.170104e-03 7.702599e-03 -1.170192e+00 -4.287938e-03 9.998731e-01 1.534523e-02 -3.032801e+00 -7.637631e-03 -1.537767e-02 9.998526e-01 2.930057e+02
9.999659e-01 4.459643e-03 6.957715e-03 -1.167980e+00 -4.568577e-03 9.998660e-01 1.571997e-02 -3.036374e+00 -6.886677e-03 -1.575123e-02 9.998522e-01 2.946000e+02
9.999623e-01 4.898751e-03 7.172679e-03 -1.176951e+00 -5.010299e-03 9.998655e-01 1.561734e-02 -3.043039e+00 -7.095209e-03 -1.565269e-02 9.998523e-01 2.961486e+02
9.999776e-01 3.790651e-03 5.517046e-03 -1.178722e+00 -3.884698e-03 9.998456e-01 1.713681e-02 -3.045790e+00 -5.451235e-03 -1.715786e-02 9.998379e-01 2.977174e+02
9.999740e-01 5.086853e-03 5.103265e-03 -1.171357e+00 -5.181409e-03 9.998119e-01 1.868947e-02 -3.045880e+00 -5.007235e-03 -1.871543e-02 9.998123e-01 2.993152e+02
9.999768e-01 4.767498e-03 4.858240e-03 -1.185381e+00 -4.858171e-03 9.998110e-01 1.882597e-02 -3.045617e+00 -4.767570e-03 -1.884914e-02 9.998110e-01 3.008977e+02
9.999617e-01 6.094824e-03 6.287999e-03 -1.179871e+00 -6.209947e-03 9.998104e-01 1.845426e-02 -3.048997e+00 -6.174332e-03 -1.849260e-02 9.998099e-01 3.024898e+02
9.999675e-01 5.024324e-03 6.302250e-03 -1.178991e+00 -5.141718e-03 9.998110e-01 1.875153e-02 -3.043815e+00 -6.206845e-03 -1.878333e-02 9.998043e-01 3.040831e+02
9.999652e-01 2.725568e-03 7.882567e-03 -1.167905e+00 -2.866855e-03 9.998344e-01 1.796857e-02 -3.042170e+00 -7.832288e-03 -1.799055e-02 9.998075e-01 3.056714e+02
9.999719e-01 1.912061e-03 7.253493e-03 -1.163836e+00 -2.032782e-03 9.998589e-01 1.667246e-02 -3.048594e+00 -7.220591e-03 -1.668674e-02 9.998347e-01 3.072769e+02
9.999699e-01 1.787424e-03 7.551338e-03 -1.156727e+00 -1.903342e-03 9.998800e-01 1.537147e-02 -3.056864e+00 -7.522958e-03 -1.538538e-02 9.998533e-01 3.088756e+02
9.999838e-01 1.836176e-03 5.394340e-03 -1.158976e+00 -1.913769e-03 9.998943e-01 1.441426e-02 -3.062259e+00 -5.367303e-03 -1.442435e-02 9.998816e-01 3.104846e+02
9.999882e-01 3.197529e-03 3.656271e-03 -1.153693e+00 -3.251858e-03 9.998829e-01 1.495108e-02 -3.068228e+00 -3.608037e-03 -1.496279e-02 9.998815e-01 3.120978e+02
9.999857e-01 4.210501e-03 3.308957e-03 -1.164339e+00 -4.270310e-03 9.998238e-01 1.828061e-02 -3.070751e+00 -3.231403e-03 -1.829448e-02 9.998274e-01 3.137254e+02
9.999917e-01 2.953932e-03 2.801742e-03 -1.166503e+00 -3.012385e-03 9.997730e-01 2.109351e-02 -3.068085e+00 -2.738797e-03 -2.110178e-02 9.997736e-01 3.153690e+02
9.999900e-01 1.782083e-03 4.106292e-03 -1.168816e+00 -1.871963e-03 9.997565e-01 2.198937e-02 -3.063573e+00 -4.066106e-03 -2.199684e-02 9.997498e-01 3.169854e+02
9.999919e-01 1.210810e-03 3.840596e-03 -1.186310e+00 -1.292381e-03 9.997721e-01 2.130839e-02 -3.064910e+00 -3.813920e-03 -2.131318e-02 9.997656e-01 3.186283e+02
9.999897e-01 6.170935e-04 4.494695e-03 -1.175301e+00 -7.115429e-04 9.997783e-01 2.104232e-02 -3.062849e+00 -4.480714e-03 -2.104530e-02 9.997685e-01 3.202321e+02
9.999879e-01 7.664360e-04 4.862213e-03 -1.176490e+00 -8.714195e-04 9.997657e-01 2.162646e-02 -3.057790e+00 -4.844499e-03 -2.163043e-02 9.997543e-01 3.218764e+02
9.999853e-01 7.895112e-04 5.356211e-03 -1.173685e+00 -9.079757e-04 9.997542e-01 2.215095e-02 -3.060802e+00 -5.337406e-03 -2.215549e-02 9.997403e-01 3.235045e+02
9.999785e-01 1.929739e-03 6.268154e-03 -1.178158e+00 -2.062042e-03 9.997738e-01 2.116964e-02 -3.061258e+00 -6.225884e-03 -2.118211e-02 9.997562e-01 3.251233e+02
9.999759e-01 3.050087e-03 6.229456e-03 -1.179558e+00 -3.175540e-03 9.997903e-01 2.022908e-02 -3.055426e+00 -6.166450e-03 -2.024838e-02 9.997760e-01 3.267682e+02
9.999655e-01 2.469172e-03 7.927424e-03 -1.169664e+00 -2.644631e-03 9.997501e-01 2.219954e-02 -3.056043e+00 -7.870629e-03 -2.221974e-02 9.997221e-01 3.283690e+02
9.999704e-01 3.612875e-04 7.690262e-03 -1.160840e+00 -5.414153e-04 9.997252e-01 2.343366e-02 -3.055461e+00 -7.679684e-03 -2.343713e-02 9.996958e-01 3.299976e+02
9.999715e-01 3.336612e-04 7.537860e-03 -1.165669e+00 -5.021840e-04 9.997497e-01 2.236602e-02 -3.053777e+00 -7.528512e-03 -2.236917e-02 9.997214e-01 3.316231e+02
9.999692e-01 8.882191e-04 7.802637e-03 -1.154017e+00 -1.063408e-03 9.997468e-01 2.247718e-02 -3.058603e+00 -7.780697e-03 -2.248478e-02 9.997169e-01 3.332468e+02
9.999742e-01 1.714752e-03 6.973305e-03 -1.152115e+00 -1.859182e-03 9.997828e-01 2.075843e-02 -3.054383e+00 -6.936196e-03 -2.077086e-02 9.997602e-01 3.348664e+02
9.999640e-01 4.313339e-03 7.301874e-03 -1.169454e+00 -4.447101e-03 9.998208e-01 1.840272e-02 -3.054301e+00 -7.221189e-03 -1.843453e-02 9.998040e-01 3.364648e+02
9.999624e-01 5.858435e-03 6.386702e-03 -1.164135e+00 -5.976849e-03 9.998076e-01 1.868197e-02 -3.059456e+00 -6.276026e-03 -1.871944e-02 9.998051e-01 3.380761e+02
9.999654e-01 6.388177e-03 5.319184e-03 -1.163123e+00 -6.503278e-03 9.997388e-01 2.191025e-02 -3.064073e+00 -5.177828e-03 -2.194409e-02 9.997458e-01 3.396791e+02
9.999591e-01 7.668797e-03 4.785047e-03 -1.169910e+00 -7.783448e-03 9.996715e-01 2.442014e-02 -3.059054e+00 -4.596202e-03 -2.445638e-02 9.996903e-01 3.412768e+02
9.999631e-01 8.329025e-03 2.107421e-03 -1.186086e+00 -8.377147e-03 9.996778e-01 2.396130e-02 -3.054536e+00 -1.907168e-03 -2.397807e-02 9.997107e-01 3.429177e+02
9.999702e-01 7.545696e-03 1.651248e-03 -1.181078e+00 -7.581439e-03 9.997106e-01 2.283167e-02 -3.052546e+00 -1.478489e-03 -2.284351e-02 9.997380e-01 3.444921e+02
9.999789e-01 6.492252e-03 -3.288571e-04 -1.196182e+00 -6.482482e-03 9.996905e-01 2.401709e-02 -3.051333e+00 4.846805e-04 -2.401446e-02 9.997115e-01 3.460893e+02
9.999884e-01 4.516728e-03 -1.656548e-03 -1.206066e+00 -4.474276e-03 9.996826e-01 2.479236e-02 -3.047087e+00 1.768002e-03 -2.478466e-02 9.996912e-01 3.476834e+02
9.999899e-01 4.379246e-03 -9.671045e-04 -1.212113e+00 -4.354563e-03 9.996977e-01 2.419901e-02 -3.047590e+00 1.072786e-03 -2.419455e-02 9.997067e-01 3.492569e+02
9.999898e-01 4.058731e-03 -1.967347e-03 -1.226544e+00 -4.011077e-03 9.997123e-01 2.364951e-02 -3.047458e+00 2.062768e-03 -2.364138e-02 9.997184e-01 3.508800e+02
9.999916e-01 3.893911e-03 -1.280456e-03 -1.246352e+00 -3.863085e-03 9.997221e-01 2.325477e-02 -3.040490e+00 1.370652e-03 -2.324963e-02 9.997288e-01 3.524580e+02
9.999930e-01 3.285674e-03 -1.766957e-03 -1.252990e+00 -3.243744e-03 9.997248e-01 2.323156e-02 -3.037497e+00 1.842803e-03 -2.322567e-02 9.997285e-01 3.540461e+02
9.999957e-01 2.248656e-03 -1.907099e-03 -1.263092e+00 -2.204446e-03 9.997359e-01 2.287521e-02 -3.039558e+00 1.958034e-03 -2.287091e-02 9.997365e-01 3.556421e+02
