1.000000000 0.000000000 0.000000000 0.000000000 0.000000000 1.000000000 0.000000000 0.000000000 0.000000000 0.000000000 1.000000000 0.000000000
0.999999821 -0.000404952 0.000136751 -0.010090643 0.000404697 0.999998212 0.001860422 -0.018999957 -0.000137504 -0.001860367 0.999998271 1.262106776
0.999999046 -0.001373643 0.000112809 -0.022658549 0.001373399 0.999996781 0.002136538 -0.040132683 -0.000115743 -0.002136381 0.999997735 2.545659304
0.999996543 -0.002576109 0.000423339 -0.037352525 0.002575709 0.999996185 0.000945351 -0.052533139 -0.000425773 -0.000944257 0.999999523 3.818118572
0.999995470 -0.002997689 -0.000248588 -0.019287799 0.002997838 0.999995351 0.000603013 -0.066710055 0.000246779 -0.000603756 0.999999762 5.116430759
0.999993861 -0.003400325 0.000798950 -0.041990843 0.003399376 0.999993563 0.001186877 -0.078693658 -0.000802981 -0.001184154 0.999998927 6.384750366
0.999988198 -0.004816528 0.000547646 -0.032222014 0.004815120 0.999985099 0.002545055 -0.104775302 -0.000559896 -0.002542388 0.999996603 7.692831039
0.999986231 -0.005241802 -0.000246279 -0.032655332 0.005242528 0.999981523 0.003051317 -0.121522442 0.000230280 -0.003052566 0.999995291 9.006833076
0.999992311 -0.003907841 0.000072662 -0.052082039 0.003907772 0.999991834 0.000923026 -0.134518489 -0.000076268 -0.000922735 0.999999523 10.280246735
0.999999046 -0.001310623 0.000439323 -0.064015582 0.001310970 0.999998808 -0.000793459 -0.160900012 -0.000438283 0.000794034 0.999999583 11.596511841
0.999998093 0.001789694 -0.000761692 -0.053760506 -0.001790812 0.999997318 -0.001470515 -0.187294841 0.000759059 0.001471875 0.999998569 12.911725044
0.999988496 0.004779206 0.000382571 -0.086803593 -0.004778614 0.999987423 -0.001534305 -0.210808381 -0.000389898 0.001532460 0.999998748 14.201796532
0.999981940 0.005858797 0.001355178 -0.120902337 -0.005857118 0.999982119 -0.001239053 -0.221984580 -0.001362413 0.001231093 0.999998331 15.512652397
0.999995828 0.002875752 0.000004333 -0.068860710 -0.002875756 0.999993980 0.001907358 -0.248963326 0.000001153 -0.001907362 0.999998152 16.812108994
0.999997795 -0.001135703 0.001768806 -0.095424190 0.001129141 0.999992490 0.003706286 -0.265282929 -0.001773002 -0.003704281 0.999991536 18.104290009
0.999990404 -0.003925144 0.001956489 -0.108666644 0.003922315 0.999991238 0.001447174 -0.283279628 -0.001962152 -0.001439486 0.999997079 19.414331436
0.999989092 -0.004665259 -0.000006123 -0.073228143 0.004665249 0.999988616 -0.000996805 -0.296829641 0.000010773 0.000996765 0.999999523 20.789516449
0.999995887 -0.002088476 0.001905581 -0.102628477 0.002093508 0.999994338 -0.002642367 -0.317732424 -0.001900051 0.002646346 0.999994755 22.089500427
0.999999046 0.000825186 0.001189643 -0.089949280 -0.000824675 0.999999583 -0.000429901 -0.341332436 -0.001189998 0.000428920 0.999999225 23.456825256
0.999993324 0.001508046 0.003303168 -0.118477166 -0.001516773 0.999995410 0.002640971 -0.353753686 -0.003299170 -0.002645964 0.999991059 24.779817581
0.999996603 -0.001377845 0.002273259 -0.091376036 0.001366141 0.999985874 0.005142367 -0.372861773 -0.002280313 -0.005139243 0.999984205 26.137178421
0.999985218 -0.004648127 0.002819169 -0.104484603 0.004639918 0.999985099 0.002911575 -0.381292880 -0.002832660 -0.002898452 0.999991775 27.453651428
0.999984086 -0.005389935 0.001614778 -0.088829815 0.005388211 0.999984920 0.001070446 -0.405108362 -0.001620523 -0.001061728 0.999998152 28.807893753
0.999977887 -0.006108419 0.002625149 -0.092445411 0.006111266 0.999980807 -0.001077690 -0.427823752 -0.002618515 0.001093709 0.999995947 30.122295380
0.999994040 -0.001891500 0.002868088 -0.090370655 0.001898941 0.999994814 -0.002594003 -0.443451583 -0.002863166 0.002599434 0.999992549 31.483411789
0.999991655 -0.000678737 0.004007812 -0.105439350 0.000699548 0.999986231 -0.005193237 -0.460372508 -0.004004233 0.005195998 0.999978542 32.808032990
0.999992073 -0.000431576 0.003956391 -0.099932551 0.000449146 0.999990046 -0.004441041 -0.486734122 -0.003954436 0.004442783 0.999982357 34.166461945
0.999996066 -0.000610118 0.002747936 -0.080253817 0.000617709 0.999996126 -0.002762631 -0.519138515 -0.002746239 0.002764316 0.999992430 35.515926361
0.999992669 0.000945022 0.003717521 -0.103307709 -0.000940304 0.999998808 -0.001270715 -0.541297913 -0.003718717 0.001267211 0.999992311 36.846282959
0.999989867 0.003398786 0.002958390 -0.089372382 -0.003395484 0.999993682 -0.001120601 -0.562739253 -0.002962179 0.001110545 0.999994993 38.233745575
0.999968708 0.007366896 0.002863629 -0.095015347 -0.007361835 0.999971271 -0.001773053 -0.589399636 -0.002876610 0.001751916 0.999994338 39.550064087
0.999952614 0.009126042 0.003366538 -0.108556971 -0.009123432 0.999958038 -0.000789658 -0.617070138 -0.003373603 0.000758906 0.999994040 40.906196594
0.999945343 0.010056061 0.002874762 -0.109415695 -0.010051277 0.999948144 -0.001673552 -0.629716635 -0.002891442 0.001644565 0.999994457 42.326313019
0.999954402 0.009295621 0.002175105 -0.102372319 -0.009291804 0.999955297 -0.001758123 -0.660562515 -0.002191350 0.001737833 0.999996006 43.647689819
0.999959111 0.008357126 0.003448484 -0.131442130 -0.008350915 0.999963462 -0.001812248 -0.690032601 -0.003463504 0.001783376 0.999992371 44.967090607
0.999972165 0.007460891 0.000210952 -0.095040977 -0.007460565 0.999971032 -0.001495067 -0.714830041 -0.000222101 0.001493452 0.999998868 46.377540588
0.999969900 0.007758797 -0.000235001 -0.101999894 -0.007758913 0.999969780 -0.000495320 -0.731629908 0.000231150 0.000497129 0.999999881 47.743438721
0.999965489 0.008093058 -0.001864140 -0.098841496 -0.008095469 0.999966383 -0.001288519 -0.752238512 0.001853649 0.001303566 0.999997437 49.127510071
0.999960661 0.008466472 -0.002628445 -0.107881658 -0.008469436 0.999963522 -0.001118365 -0.772011876 0.002618881 0.001140582 0.999995947 50.498683929
0.999956429 0.008479564 -0.003904830 -0.121476911 -0.008480535 0.999963939 -0.000231816 -0.797551811 0.003902724 0.000264921 0.999992371 51.892585754
0.999967456 0.007047254 -0.003926728 -0.141364947 -0.007044735 0.999974906 0.000654753 -0.815413058 0.003931244 -0.000627069 0.999992073 53.288341522
0.999970555 0.005331250 -0.005524750 -0.129243523 -0.005325510 0.999985278 0.001053035 -0.846678615 0.005530282 -0.001023582 0.999984205 54.660717010
0.999979496 0.003844422 -0.005129456 -0.151807874 -0.003842161 0.999992549 0.000450544 -0.867697120 0.005131151 -0.000430826 0.999986708 56.017467499
0.999980807 0.002508205 -0.005668986 -0.160574943 -0.002505484 0.999996662 0.000487033 -0.892288804 0.005670189 -0.000472820 0.999983788 57.408203125
0.999991298 0.001213927 -0.004007568 -0.181051508 -0.001210425 0.999998808 0.000876105 -0.911329865 0.004008627 -0.000871246 0.999991596 58.786064148
0.999988496 -0.000652648 -0.004752086 -0.171459138 0.000661834 0.999997914 0.001931761 -0.938853443 0.004750815 -0.001934883 0.999986827 60.167751312
0.999993920 -0.001403005 -0.003208175 -0.196895719 0.001406170 0.999998629 0.000984576 -0.954680264 0.003206788 -0.000989081 0.999994397 61.532192230
0.999982715 -0.003931308 -0.004376917 -0.177762926 0.003934385 0.999992013 0.000694668 -0.987370193 0.004374151 -0.000711877 0.999990165 62.928756714
0.999994159 -0.002753408 -0.002012856 -0.209178135 0.002753007 0.999996185 -0.000202545 -1.005511522 0.002013406 0.000197003 0.999997973 64.256622314
0.999994218 -0.001505085 -0.003052965 -0.198484644 0.001505419 0.999998868 0.000106980 -1.036076188 0.003052800 -0.000111575 0.999995351 65.665908813
0.999997020 0.001919594 -0.001513146 -0.225438088 -0.001917760 0.999997377 0.001212724 -1.050577641 0.001515470 -0.001209818 0.999998152 67.060317993
0.999984622 0.005277271 -0.001708652 -0.215811327 -0.005273277 0.999983370 0.002332820 -1.083616495 0.001720934 -0.002323774 0.999995828 68.357940674
0.999957144 0.009252023 0.000479072 -0.257236034 -0.009253429 0.999952555 0.003024246 -1.105378747 -0.000451069 -0.003028549 0.999995351 69.701629639
0.999906659 0.013651761 -0.000551766 -0.234713495 -0.013650229 0.999903202 0.002688824 -1.128318429 0.000588420 -0.002681042 0.999996245 71.059608459
0.999847591 0.017400179 0.001400552 -0.262422979 -0.017402729 0.999846756 0.001830073 -1.146760225 -0.001368495 -0.001854167 0.999997318 72.405036926
0.999818802 0.019012766 0.000942257 -0.263244182 -0.019014131 0.999818146 0.001461600 -1.160296559 -0.000914297 -0.001479252 0.999998510 73.775711060
0.999813855 0.019134838 0.002439077 -0.283899426 -0.019140434 0.999814212 0.002291039 -1.187661648 -0.002394785 -0.002337298 0.999994397 75.107109070
0.999842346 0.017702993 0.001347959 -0.267464787 -0.017705198 0.999841869 0.001645121 -1.208577633 -0.001318623 -0.001668727 0.999997735 76.482246399
0.999864042 0.016402064 0.001757229 -0.281836689 -0.016403912 0.999864936 0.001040289 -1.228694916 -0.001739928 -0.001068973 0.999997854 77.823493958
0.999875665 0.015751075 0.000723304 -0.269720376 -0.015751764 0.999875486 0.000952776 -1.256859183 -0.000708207 -0.000964051 0.999999285 79.182350159
0.999870777 0.015986817 0.001700554 -0.293945491 -0.015988808 0.999871492 0.001163489 -1.280556917 -0.001681735 -0.001190528 0.999997854 80.511474609
0.999877691 0.015639070 -0.000139935 -0.274545550 -0.015638977 0.999877453 0.000633978 -1.306844592 0.000149833 -0.000631712 0.999999702 81.858963013
0.999877155 0.015673373 0.000138294 -0.302944750 -0.015673447 0.999876976 0.000536329 -1.312453032 -0.000129871 -0.000538430 0.999999881 83.217933655
0.999884963 0.015014428 -0.002152452 -0.292227387 -0.015011461 0.999886334 0.001386691 -1.337530494 0.002173027 -0.001354220 0.999996722 84.575813293
0.999906063 0.013321101 -0.003216016 -0.293931037 -0.013312338 0.999907613 0.002730168 -1.369149208 0.003252088 -0.002687099 0.999991119 85.906150818
0.999923468 0.011323637 -0.004984853 -0.294679105 -0.011309323 0.999931872 0.002890086 -1.385301828 0.005017240 -0.002833489 0.999983370 87.251640320
0.999946237 0.009294003 -0.004588422 -0.321687222 -0.009282524 0.999953687 0.002516822 -1.402646065 0.004611601 -0.002474095 0.999986231 88.557228088
0.999953330 0.007278373 -0.006354649 -0.310023248 -0.007260791 0.999969780 0.002785720 -1.430808544 0.006374732 -0.002739450 0.999975920 89.892204285
0.999965250 0.006385913 -0.005363292 -0.349123299 -0.006374920 0.999977529 0.002064138 -1.445307493 0.005376352 -0.002029875 0.999983430 91.200836182
0.999956369 0.006466875 -0.006743893 -0.335995197 -0.006455718 0.999977767 0.001674807 -1.478225231 0.006754574 -0.001631197 0.999975860 92.523468018
0.999962211 0.006158022 -0.006132749 -0.357595354 -0.006149176 0.999980032 0.001460270 -1.506139755 0.006141619 -0.001422503 0.999980092 93.829284668
0.999956667 0.007170060 -0.005943135 -0.365730405 -0.007168684 0.999974370 0.000253019 -1.521212101 0.005944795 -0.000210404 0.999982357 95.148117065
0.999939024 0.009428462 -0.005752511 -0.384616613 -0.009425981 0.999955475 0.000458302 -1.549478054 0.005756576 -0.000404051 0.999983370 96.434623718
0.999933004 0.010272762 -0.005347579 -0.403778821 -0.010264095 0.999945998 0.001645742 -1.564888477 0.005364197 -0.001590744 0.999984324 97.739433289
0.999929488 0.010660587 -0.005218500 -0.416675568 -0.010642027 0.999936998 0.003571640 -1.600134611 0.005256246 -0.003515853 0.999980032 99.018814087
0.999934852 0.010117522 -0.005273138 -0.425127447 -0.010105661 0.999946356 0.002271222 -1.619711876 0.005295834 -0.002217785 0.999983549 100.327659607
0.999937415 0.009727397 -0.005513927 -0.421466917 -0.009730700 0.999952376 -0.000572444 -1.638047338 0.005508096 0.000626063 0.999984622 101.632492065
0.999954581 0.007295030 -0.006134335 -0.427245468 -0.007300931 0.999972820 -0.000940183 -1.672815919 0.006127310 0.000984926 0.999980748 102.961555481
0.999968886 0.005115994 -0.006010453 -0.439169675 -0.005111241 0.999986589 0.000806222 -1.702216029 0.006014497 -0.000775476 0.999981642 104.274131775
0.999981105 0.003627880 -0.004953354 -0.446907938 -0.003619627 0.999992013 0.001673939 -1.712732196 0.004959387 -0.001655978 0.999986351 105.570838928
0.999989510 0.000932104 -0.004479289 -0.462555796 -0.000921285 0.999996662 0.002416973 -1.727640867 0.004481527 -0.002412821 0.999987006 106.885116577
0.999996185 0.001183605 -0.002475393 -0.497359037 -0.001183241 0.999999285 0.000148546 -1.736657619 0.002475567 -0.000145617 0.999996960 108.167358398
0.999992251 0.002244376 -0.003208834 -0.477196574 -0.002248963 0.999996424 -0.001426635 -1.768685341 0.003205620 0.001433841 0.999993801 109.492111206
0.999982417 0.005558785 -0.002055616 -0.492135942 -0.005566783 0.999976873 -0.003906107 -1.790756941 0.002033856 0.003917481 0.999990284 110.752075195
0.999960661 0.008860884 -0.000400234 -0.503871739 -0.008862284 0.999954045 -0.003644240 -1.815142035 0.000367924 0.003647644 0.999993324 112.053764343
0.999952793 0.009667333 0.000953950 -0.509718359 -0.009665377 0.999951303 -0.002033149 -1.841748357 -0.000973558 0.002023833 0.999997556 113.361518860
0.999944866 0.010352961 0.001755709 -0.522144079 -0.010353059 0.999946415 0.000046248 -1.866396546 -0.001755137 -0.000064422 0.999998450 114.631378174
0.999955654 0.009070787 0.002517862 -0.516692340 -0.009073375 0.999958336 0.001018525 -1.890470624 -0.002508519 -0.001041326 0.999996305 115.921951294
0.999955297 0.009077869 0.002617087 -0.495662421 -0.009078994 0.999958694 0.000417883 -1.914844751 -0.002613186 -0.000441625 0.999996483 117.229415894
0.999924839 0.011337407 0.004671103 -0.507716954 -0.011334909 0.999935567 -0.000561125 -1.928214073 -0.004677164 0.000508136 0.999988914 118.518760681
0.999892473 0.013496286 0.005729665 -0.503470778 -0.013489423 0.999908268 -0.001234613 -1.948779941 -0.005745802 0.001157190 0.999982834 119.845306396
0.999890029 0.013535514 0.006064200 -0.500101149 -0.013526319 0.999907315 -0.001554868 -1.979496121 -0.006084683 0.001472671 0.999980390 121.121520996
0.999851584 0.015119066 0.008265851 -0.516858935 -0.015094201 0.999881446 -0.003062237 -1.991791129 -0.008311169 0.002937016 0.999961138 122.419326782
0.999863148 0.014297144 0.008320196 -0.499458313 -0.014273710 0.999894023 -0.002869326 -2.023314714 -0.008360337 0.002750174 0.999961257 123.735977173
0.999864459 0.013718432 0.009093154 -0.492068410 -0.013696168 0.999903023 -0.002506274 -2.034433842 -0.009126655 0.002381393 0.999955475 125.052223206
0.999874771 0.012461030 0.009753202 -0.475149274 -0.012448589 0.999921679 -0.001335074 -2.066293716 -0.009769074 0.001213493 0.999951541 126.364952087
0.999889731 0.011365086 0.009556386 -0.456147671 -0.011357346 0.999935150 -0.000863815 -2.093082905 -0.009565584 0.000755185 0.999953926 127.663284302
0.999901354 0.009458506 0.010373965 -0.461804271 -0.009451627 0.999955118 -0.000712016 -2.109970093 -0.010380233 0.000613895 0.999945998 128.975479126
0.999920130 0.008388884 0.009450754 -0.425112128 -0.008383599 0.999964774 -0.000598792 -2.127809048 -0.009455443 0.000519513 0.999955177 130.296325684
0.999939382 0.006537232 0.008862801 -0.437113404 -0.006533538 0.999978483 -0.000445759 -2.164951801 -0.008865525 0.000387827 0.999960601 131.549575806
0.999952972 0.005430407 0.008027093 -0.432849646 -0.005427286 0.999985158 -0.000410417 -2.187422514 -0.008029201 0.000366833 0.999967694 132.843658447
0.999969542 0.003621355 0.006910537 -0.428087354 -0.003624030 0.999993324 0.000374677 -2.213270426 -0.006909135 -0.000399710 0.999976039 134.149688721
0.999974906 0.002269781 0.006710452 -0.441199780 -0.002273490 0.999997258 0.000545185 -2.234345913 -0.006709197 -0.000560427 0.999977350 135.446975708
0.999990404 0.001494573 0.004102035 -0.409207761 -0.001496549 0.999998689 0.000478682 -2.262318134 -0.004101316 -0.000484816 0.999991477 136.759140015
0.999993503 0.000692283 0.003532612 -0.420099765 -0.000693187 0.999999702 0.000254857 -2.285412312 -0.003532435 -0.000257304 0.999993742 138.043090820
0.999998152 0.001278628 0.001436498 -0.397423387 -0.001278365 0.999999166 -0.000183724 -2.310365915 -0.001436732 0.000181888 0.999998987 139.390899658
0.999999046 -0.001133217 0.000930164 -0.410924971 0.001135722 0.999995649 -0.002696970 -2.336002588 -0.000927104 0.002698023 0.999995887 140.645584106
0.999975622 -0.006993434 0.000057767 -0.408710033 0.006993563 0.999971986 -0.002665660 -2.363224030 -0.000039124 0.002665998 0.999996483 141.929962158
0.999902368 -0.013964320 -0.000540230 -0.414301038 0.013964090 0.999902427 -0.000428805 -2.389299631 0.000546165 0.000421220 0.999999821 143.251327515
0.999787688 -0.020432286 -0.002665324 -0.395664513 0.020433644 0.999791086 0.000483164 -2.407190323 0.002654895 -0.000537524 0.999996305 144.574310303
0.999715447 -0.023574857 -0.003633750 -0.393528223 0.023564000 0.999717832 -0.003002539 -2.424766302 0.003703509 0.002916059 0.999988854 145.881469727
0.999715805 -0.023547672 -0.003721458 -0.395260811 0.023526078 0.999706686 -0.005742867 -2.455876350 0.003855598 0.005653683 0.999976575 147.181823730
0.999798954 -0.019963901 -0.001877889 -0.417851448 0.019948155 0.999768555 -0.008059296 -2.479269266 0.002038349 0.008020216 0.999965727 148.468719482
0.999781072 -0.020840481 -0.001874239 -0.416763842 0.020826118 0.999755800 -0.007380123 -2.527062893 0.002027587 0.007339476 0.999970973 149.790512085
0.999706686 -0.024205906 -0.000857331 -0.424848914 0.024202460 0.999699771 -0.003820481 -2.553252697 0.000949552 0.003798611 0.999992371 151.076232910
0.999571264 -0.029269859 -0.000747194 -0.416315287 0.029269189 0.999571264 -0.000890127 -2.585850239 0.000772928 0.000867876 0.999999285 152.382949829
0.999460876 -0.032832120 -0.000008496 -0.423472941 0.032832120 0.999460697 0.000433505 -2.607158899 -0.000005741 -0.000433551 0.999999940 153.672134399
0.999412596 -0.034254067 -0.001087178 -0.395594001 0.034254160 0.999413133 0.000060790 -2.626966000 0.001084457 -0.000097995 0.999999464 155.004913330
0.999492824 -0.031843942 -0.000067460 -0.402601093 0.031843971 0.999492764 0.000600962 -2.654350758 0.000048288 -0.000602806 0.999999821 156.327499390
0.999606907 -0.027908413 0.002670435 -0.419834197 0.027909612 0.999610364 -0.000412453 -2.675919533 -0.002657885 0.000486821 0.999996364 157.564834595
0.999707282 -0.024122264 0.001847784 -0.407975495 0.024126656 0.999706030 -0.002394767 -2.701489925 -0.001789474 0.002438648 0.999995410 158.942108154
0.999762952 -0.021592999 0.002750289 -0.413093776 0.021600520 0.999762952 -0.002733278 -2.727916956 -0.002690617 0.002792038 0.999992430 160.251617432
0.999809802 -0.019227473 0.003255735 -0.408961535 0.019233482 0.999813378 -0.001825143 -2.748412132 -0.003220034 0.001887415 0.999992967 161.591430664
0.999826789 -0.018403767 0.002760494 -0.408865124 0.018409848 0.999828100 -0.002193089 -2.776113510 -0.002719658 0.002243530 0.999993801 162.910934448
0.999864101 -0.016227009 0.002898411 -0.421769798 0.016240511 0.999857008 -0.004698270 -2.798678398 -0.002821757 0.004744704 0.999984801 164.225708008
0.999918938 -0.012587839 0.001929396 -0.417797893 0.012601794 0.999893129 -0.007399741 -2.830043316 -0.001836043 0.007423455 0.999970794 165.573532104
0.999971271 -0.007493971 0.001158582 -0.417351186 0.007503520 0.999935985 -0.008468863 -2.865466595 -0.001095043 0.008477313 0.999963462 166.898910522
0.999993086 -0.002840219 0.002390575 -0.447037578 0.002859052 0.999964654 -0.007911893 -2.883652925 -0.002368018 0.007918673 0.999965787 168.215713501
0.999997139 0.000202543 0.002372921 -0.438183874 -0.000189374 0.999984503 -0.005548721 -2.921754837 -0.002374008 0.005548256 0.999981701 169.548095703
0.999994457 0.000841931 0.003221254 -0.456616223 -0.000831433 0.999994338 -0.003258762 -2.946169615 -0.003223978 0.003256066 0.999989450 170.880783081
0.999994576 -0.002768919 0.001797719 -0.435671598 0.002773577 0.999992728 -0.002593393 -2.970763445 -0.001790525 0.002598365 0.999994993 172.228713989
0.999986291 -0.005212157 0.000507389 -0.442817032 0.005213349 0.999983609 -0.002378476 -2.997306347 -0.000494984 0.002381088 0.999996960 173.563339233
0.999982119 -0.005523136 -0.002281392 -0.431531459 0.005508081 0.999963343 -0.006553418 -3.026404142 0.002317504 0.006540737 0.999975860 174.911102295
0.999986649 -0.003911406 -0.003364997 -0.443877995 0.003875559 0.999936402 -0.010594337 -3.057246208 0.003406221 0.010581154 0.999938190 176.274612427
0.999989450 0.000856435 -0.004512975 -0.462581724 -0.000907204 0.999936163 -0.011259561 -3.094424009 0.004503045 0.011263537 0.999926388 177.649185181
0.999985158 0.004399564 -0.003228106 -0.504822314 -0.004433111 0.999935448 -0.010459616 -3.122385025 0.003181881 0.010473771 0.999940038 178.983413696
0.999971688 0.006166189 -0.004308670 -0.491201490 -0.006196359 0.999956071 -0.007024233 -3.151416779 0.004265169 0.007050734 0.999966085 180.426681519
0.999965072 0.007419250 -0.003851629 -0.511984944 -0.007438312 0.999960065 -0.004958642 -3.186177969 0.003814686 0.004987118 0.999980271 181.763656616
0.999967813 0.006894332 -0.004119497 -0.515518069 -0.006912907 0.999965966 -0.004512222 -3.200284481 0.004088248 0.004540555 0.999981344 183.151763916
0.999980569 0.004918164 -0.003833614 -0.522271156 -0.004932660 0.999980807 -0.003781088 -3.229917526 0.003814944 0.003799926 0.999985516 184.503265381
0.999989748 0.002080437 -0.004019661 -0.521926880 -0.002092023 0.999993622 -0.002880087 -3.259155989 0.004013644 0.002888466 0.999987781 185.897842407
0.999991834 -0.000739381 -0.003979589 -0.531194925 0.000727269 0.999995172 -0.003044044 -3.283401728 0.003981820 0.003041126 0.999987483 187.317932129
0.999988317 -0.003383188 -0.003448429 -0.534333706 0.003375159 0.999991596 -0.002331411 -3.306031704 0.003456288 0.002319745 0.999991357 188.662704468
0.999966800 -0.007747568 -0.002511470 -0.543549776 0.007745297 0.999969661 -0.000912974 -3.326559544 0.002518467 0.000893492 0.999996483 190.039428711
0.999945641 -0.010069663 -0.002678395 -0.539870381 0.010066810 0.999948680 -0.001076448 -3.355512142 0.002689097 0.001049427 0.999995828 191.445343018
0.999960184 -0.008615789 -0.002303059 -0.546837330 0.008603540 0.999948978 -0.005276764 -3.381942749 0.002348406 0.005256739 0.999983430 192.823913574
0.999997795 -0.000389714 -0.002073876 -0.564987242 0.000367145 0.999940813 -0.010871609 -3.403261185 0.002077990 0.010870822 0.999938726 194.231033325
0.999961376 0.008794039 -0.000297899 -0.594730020 -0.008796776 0.999901175 -0.010969481 -3.432370663 0.000201404 0.010971678 0.999939799 195.616806030
0.999859929 0.016679568 0.001383365 -0.613017023 -0.016668959 0.999834001 -0.007354058 -3.464732647 -0.001505797 0.007329970 0.999971986 197.013259888
0.999851465 0.017179864 0.001357383 -0.614916205 -0.017173136 0.999840915 -0.004822782 -3.500355244 -0.001440022 0.004798756 0.999987423 198.439270020
0.999891400 0.014730899 0.000355917 -0.600848794 -0.014729223 0.999882102 -0.004332045 -3.525682926 -0.000419690 0.004326331 0.999990582 199.868270874
0.999929488 0.011877070 0.000246118 -0.611050785 -0.011875970 0.999921203 -0.004073524 -3.559629440 -0.000294480 0.004070315 0.999991655 201.258636475
0.999940753 0.010842766 -0.000970955 -0.626684427 -0.010848087 0.999925137 -0.005652994 -3.578531742 0.000909588 0.005663192 0.999983490 202.694580078
0.999931753 0.011598838 -0.001332613 -0.638044477 -0.011605971 0.999917746 -0.005474400 -3.616632700 0.001269006 0.005489494 0.999984145 204.083328247
0.999931335 0.011582334 -0.001788780 -0.633414745 -0.011590783 0.999921381 -0.004786862 -3.654291630 0.001733196 0.004807266 0.999987006 205.570999146
0.999898732 0.014148074 -0.001478197 -0.653371334 -0.014155339 0.999887168 -0.005025774 -3.673053741 0.001406925 0.005046189 0.999986291 206.975173950
0.999901056 0.014020376 -0.001073833 -0.669399500 -0.014026337 0.999884963 -0.005761380 -3.700058460 0.000992933 0.005775873 0.999982834 208.388107300
0.999906063 0.013587286 -0.001799584 -0.672386229 -0.013598900 0.999885678 -0.006607056 -3.733119249 0.001709607 0.006630907 0.999976575 209.861724854
0.999908030 0.013424763 -0.001928857 -0.682663441 -0.013438021 0.999884903 -0.007031952 -3.768158674 0.001834233 0.007057225 0.999973357 211.240921021
0.999903083 0.013736934 -0.002278683 -0.682880580 -0.013752770 0.999880254 -0.007085431 -3.798299074 0.002181078 0.007116082 0.999972284 212.680419922
0.999898374 0.013984535 -0.002749173 -0.686781526 -0.014003639 0.999877036 -0.007057875 -3.838511229 0.002650134 0.007095656 0.999971330 214.120437622
0.999891758 0.014280167 -0.003524990 -0.688175023 -0.014305938 0.999870181 -0.007396953 -3.870769978 0.003418902 0.007446581 0.999966443 215.564895630
0.999880254 0.014659633 -0.004965114 -0.678702235 -0.014697710 0.999862194 -0.007721298 -3.902097702 0.004851238 0.007793349 0.999957919 217.040420532
0.999879479 0.014970833 -0.004113298 -0.710149229 -0.015003369 0.999855459 -0.007996833 -3.934816599 0.003992984 0.008057583 0.999959648 218.477203369
0.999881446 0.014603063 -0.004876470 -0.708002687 -0.014639642 0.999864340 -0.007551756 -3.974458218 0.004765529 0.007622251 0.999959588 219.916824341
0.999895096 0.013917811 -0.004005922 -0.735798240 -0.013948656 0.999872446 -0.007777700 -4.004232407 0.003897163 0.007832761 0.999961734 221.349502563
0.999910474 0.012719450 -0.004156675 -0.737616777 -0.012752236 0.999887049 -0.007958559 -4.039304256 0.004054978 0.008010853 0.999959648 222.852828979
0.999916375 0.012217928 -0.004242458 -0.752732873 -0.012252920 0.999890268 -0.008323045 -4.063699722 0.004140303 0.008374332 0.999956369 224.272842407
0.999938548 0.010495038 -0.003564881 -0.768121004 -0.010520022 0.999919713 -0.007063418 -4.104735851 0.003490464 0.007100485 0.999968708 225.729415894
0.999926984 0.011476945 -0.003769313 -0.780671299 -0.011505624 0.999904335 -0.007677336 -4.127899170 0.003680840 0.007720144 0.999963403 227.192123413
0.999923110 0.011980544 -0.003206476 -0.790351808 -0.012006517 0.999894202 -0.008207660 -4.159618378 0.003107805 0.008245527 0.999961197 228.660278320
0.999916494 0.012341836 -0.003833463 -0.796226740 -0.012375131 0.999884844 -0.008786427 -4.195322990 0.003724581 0.008833133 0.999954045 230.141616821
0.999905348 0.013527783 -0.002533847 -0.812738895 -0.013547613 0.999876380 -0.007979549 -4.233629704 0.002425589 0.008013120 0.999964952 231.596542358
0.999908149 0.013231907 -0.002906135 -0.814066648 -0.013249313 0.999893904 -0.006054853 -4.262150764 0.002825709 0.006092802 0.999977469 233.113937378
0.999910414 0.013202677 -0.002204743 -0.818705976 -0.013214741 0.999897301 -0.005550229 -4.297400475 0.002131239 0.005578867 0.999982178 234.613601685
0.999900222 0.013984062 -0.001993153 -0.824872136 -0.013997627 0.999877751 -0.006962431 -4.336114883 0.001895546 0.006989636 0.999973714 236.046737671
0.999900162 0.014024591 -0.001721477 -0.822142363 -0.014038817 0.999864995 -0.008550728 -4.362741470 0.001601324 0.008574042 0.999962032 237.550491333
0.999897599 0.014238813 -0.001404082 -0.841267705 -0.014249411 0.999867558 -0.007854676 -4.400880337 0.001292055 0.007873879 0.999968112 239.025604248
0.999897480 0.014238718 -0.001520286 -0.839982152 -0.014249394 0.999872088 -0.007258609 -4.431108475 0.001416739 0.007279527 0.999972522 240.524475098
0.999903440 0.013760179 -0.001943480 -0.852160454 -0.013772441 0.999884367 -0.006442697 -4.469689846 0.001854602 0.006468841 0.999977291 242.002944946
0.999886215 0.015085394 0.000079299 -0.897906065 -0.015084377 0.999858260 -0.007480419 -4.486665726 -0.000192133 0.007478370 0.999971986 243.471343994
0.999870658 0.015976444 -0.001816252 -0.880479813 -0.015987877 0.999851286 -0.006466019 -4.534621239 0.001712678 0.006494221 0.999977469 244.975204468
0.999852538 0.017101187 -0.001575589 -0.891059518 -0.017110812 0.999833703 -0.006308836 -4.568517685 0.001467439 0.006334865 0.999978781 246.474136353
0.999836683 0.017972391 -0.001869034 -0.897269607 -0.017984062 0.999817729 -0.006426624 -4.596238136 0.001753192 0.006459187 0.999977589 248.001495361
0.999879301 0.015381664 -0.002197587 -0.899284363 -0.015394043 0.999864936 -0.005731810 -4.630889893 0.002109125 0.005764949 0.999981165 249.452453613
0.999905407 0.013669795 -0.001526092 -0.915535688 -0.013677347 0.999893665 -0.005053594 -4.661043644 0.001456848 0.005073989 0.999986053 250.944564819
0.999927700 0.011921384 -0.001578665 -0.937471509 -0.011929151 0.999916255 -0.005005902 -4.682636738 0.001518855 0.005024373 0.999986231 252.459716797
0.999947608 0.009874846 -0.002705523 -0.924166322 -0.009889100 0.999937057 -0.005306841 -4.719935894 0.002652948 0.005333318 0.999982297 253.989837646
0.999965966 0.007805655 -0.002649454 -0.939696670 -0.007820674 0.999953091 -0.005706201 -4.764837742 0.002604789 0.005726728 0.999980211 255.456527710
0.999979615 0.006144154 -0.001716541 -0.948284388 -0.006150764 0.999973595 -0.003872575 -4.795303822 0.001692702 0.003883054 0.999991059 256.953979492
0.999991596 0.003795140 -0.001563773 -0.950656116 -0.003798848 0.999989986 -0.002375165 -4.823062420 0.001554743 0.002381085 0.999995947 258.400878906
0.999993384 0.003638522 -0.000066156 -0.987089574 -0.003638743 0.999986410 -0.003725490 -4.846522808 0.000052600 0.003725707 0.999993026 259.869781494
0.999997437 0.001849870 -0.001298823 -0.962577105 -0.001855423 0.999989212 -0.004287283 -4.878203392 0.001290877 0.004289682 0.999989986 261.407226562
0.999995351 0.002709718 0.001358148 -0.997671247 -0.002703245 0.999985099 -0.004745902 -4.907586098 -0.001370988 0.004742209 0.999987841 262.883575439
0.999984741 0.005334098 0.001428776 -0.990006566 -0.005327620 0.999975681 -0.004500509 -4.940737724 -0.001452747 0.004492830 0.999988854 264.360015869
0.999975502 0.006495268 0.002594429 -0.996532261 -0.006482526 0.999967039 -0.004889511 -4.966677666 -0.002626101 0.004872572 0.999984682 265.859619141
0.999971509 0.006968122 0.002890716 -0.976795197 -0.006955292 0.999966025 -0.004425266 -5.013769627 -0.002921453 0.004405035 0.999985993 267.304626465
0.999962986 0.007790541 0.003653785 -0.968856215 -0.007773353 0.999958754 -0.004695004 -5.042798996 -0.003690210 0.004666428 0.999982357 268.790069580
0.999952614 0.008583152 0.004589846 -0.974447966 -0.008557722 0.999948204 -0.005531976 -5.074652195 -0.004637089 0.005492435 0.999974132 270.286285400
0.999961555 0.006856228 0.005458418 -0.972746491 -0.006824880 0.999960244 -0.005741267 -5.106560230 -0.005497565 0.005703794 0.999968648 271.783111572
0.999959767 0.006827057 0.005814231 -0.959284782 -0.006792590 0.999959350 -0.005927215 -5.126326561 -0.005854460 0.005887484 0.999965489 273.311981201
0.999943912 0.006339727 0.008473326 -0.986888409 -0.006300397 0.999969244 -0.004660293 -5.164684296 -0.008502612 0.004606647 0.999953330 274.807159424
0.999961257 0.005019922 0.007244227 -0.949276924 -0.004987268 0.999977350 -0.004518632 -5.196178913 -0.007266746 0.004482327 0.999963522 276.321197510
0.999968827 0.003910874 0.006863710 -0.930234671 -0.003870846 0.999975502 -0.005835493 -5.243597984 -0.006886362 0.005808743 0.999959409 277.822540283
0.999969304 0.003123448 0.007183232 -0.939125061 -0.003059328 0.999955535 -0.008920212 -5.263274670 -0.007210776 0.008897963 0.999934435 279.323852539
0.999974072 0.003569943 0.006260816 -0.922688484 -0.003515640 0.999956369 -0.008663209 -5.301567554 -0.006291469 0.008640976 0.999942899 280.840881348
0.999984503 0.002373863 0.005033744 -0.917824268 -0.002326929 0.999953926 -0.009309138 -5.325065613 -0.005055611 0.009297280 0.999943972 282.372375488
0.999988973 0.002348020 0.004057604 -0.904099226 -0.002310069 0.999953806 -0.009332314 -5.372634888 -0.004079330 0.009322837 0.999948204 283.865905762
0.999990642 0.002428360 0.003566316 -0.913603783 -0.002392482 0.999946833 -0.010030287 -5.403314590 -0.003590483 0.010021661 0.999943316 285.402801514
0.999992847 0.002835050 0.002497963 -0.902113914 -0.002811016 0.999950230 -0.009572904 -5.434484482 -0.002524979 0.009565813 0.999951065 286.952453613
0.999996662 0.002059881 0.001561023 -0.905200958 -0.002045162 0.999953985 -0.009372962 -5.472255707 -0.001580259 0.009369739 0.999954879 288.454742432
0.999999046 0.001322120 -0.000011390 -0.894423068 -0.001322169 0.999968231 -0.007851041 -5.510581017 0.000001010 0.007851048 0.999969184 290.002868652
0.999994159 0.003409884 -0.000114805 -0.916399717 -0.003410567 0.999972463 -0.006591692 -5.545149803 0.000092325 0.006592045 0.999978185 291.556457520
0.999994159 0.003409815 -0.000069950 -0.901985824 -0.003410206 0.999971986 -0.006668314 -5.571577072 0.000047211 0.006668514 0.999977767 293.110839844
0.999993384 0.003461028 0.001131636 -0.913477123 -0.003453223 0.999970734 -0.006827569 -5.610206604 -0.001155234 0.006823616 0.999976039 294.618347168
0.999996603 0.002478098 0.000872404 -0.900550008 -0.002471882 0.999972045 -0.007055990 -5.639822960 -0.000889866 0.007053809 0.999974728 296.181854248
0.999998510 0.000922071 0.001479635 -0.907528877 -0.000909396 0.999963045 -0.008544077 -5.664998055 -0.001487458 0.008542718 0.999962389 297.755981445
0.999998987 -0.000549399 0.001330764 -0.896611691 0.000563469 0.999943852 -0.010595772 -5.695837498 -0.001324868 0.010596512 0.999942958 299.331817627
0.999999285 -0.000901630 0.000865147 -0.901382804 0.000911145 0.999938428 -0.011062196 -5.742466927 -0.000855120 0.011062976 0.999938369 300.871429443
0.999999106 0.000009867 -0.001286170 -0.886938274 -0.000025990 0.999921441 -0.012536079 -5.773542404 0.001285946 0.012536101 0.999920547 302.461669922
0.999991596 0.001014682 -0.003975250 -0.886090100 -0.001061288 0.999930501 -0.011739645 -5.810815811 0.003963062 0.011743764 0.999923170 304.057922363
0.999990165 0.002406327 -0.003706599 -0.905359566 -0.002438283 0.999959707 -0.008641173 -5.854982376 0.003685656 0.008650130 0.999955714 305.606719971
0.999992728 0.001315921 -0.003557820 -0.911148667 -0.001335733 0.999983609 -0.005572084 -5.888679504 0.003550429 0.005576797 0.999978125 307.196868896
0.999995768 0.000133425 -0.002905018 -0.922692716 -0.000147158 0.999988794 -0.004727645 -5.929042816 0.002904356 0.004728052 0.999984562 308.745788574
0.999993622 -0.001086849 -0.003396653 -0.911433995 0.001066333 0.999981225 -0.006035963 -5.959318161 0.003403149 0.006032303 0.999975979 310.345245361
0.999994457 -0.002186413 -0.002508194 -0.933147073 0.002171490 0.999979973 -0.005937445 -5.994307995 0.002521125 0.005931967 0.999979138 311.914520264
0.999991655 -0.002849360 -0.002921762 -0.926591158 0.002833207 0.999980807 -0.005518017 -6.033263206 0.002937429 0.005509693 0.999980390 313.505584717
0.999996245 -0.002082366 -0.001790837 -0.940047801 0.002071309 0.999978900 -0.006153919 -6.057050705 0.001803614 0.006150188 0.999979377 315.061706543
0.999998510 -0.000320530 -0.001713562 -0.938229799 0.000308051 0.999973416 -0.007277893 -6.087593079 0.001715849 0.007277355 0.999971986 316.657501221
0.999999821 0.000005972 -0.000604920 -0.955180943 -0.000010374 0.999973476 -0.007277394 -6.140251160 0.000604860 0.007277398 0.999973357 318.203582764
0.999999106 -0.001283391 -0.000312100 -0.950607002 0.001281589 0.999982834 -0.005708960 -6.172204494 0.000319422 0.005708555 0.999983609 319.808441162
0.999998391 -0.001706375 0.000539466 -0.966169000 0.001709020 0.999986351 -0.004942480 -6.211378574 -0.000531024 0.004943393 0.999987662 321.360076904
0.999993443 -0.003517326 -0.000787207 -0.942804575 0.003512881 0.999978304 -0.005579446 -6.254188538 0.000806815 0.005576644 0.999984086 322.943420410
0.999998331 -0.001773781 -0.000259190 -0.956046104 0.001772174 0.999979973 -0.006075970 -6.282282352 0.000269962 0.006075502 0.999981523 324.485717773
0.999999583 -0.000333528 -0.000806354 -0.953504801 0.000327110 0.999968350 -0.007946305 -6.319369793 0.000808979 0.007946040 0.999968112 326.089599609
0.999998748 0.001452719 -0.000666804 -0.976681888 -0.001459806 0.999941111 -0.010754051 -6.363123894 0.000651143 0.010755010 0.999941945 327.616607666
0.999996543 0.002148878 -0.001549578 -0.982339561 -0.002164510 0.999946058 -0.010157701 -6.401587486 0.001527667 0.010161018 0.999947190 329.200775146
0.999991953 0.002908115 -0.002764456 -0.985732079 -0.002924989 0.999976993 -0.006119329 -6.456604958 0.002746597 0.006127367 0.999977410 330.732482910
0.999986410 0.003765563 -0.003604698 -0.993122756 -0.003776431 0.999988317 -0.003012980 -6.495249748 0.003593311 0.003026552 0.999988973 332.262969971
0.999977708 0.004408357 -0.005010408 -1.007869005 -0.004433713 0.999977291 -0.005061009 -6.519076347 0.004987984 0.005083112 0.999974668 333.820739746
0.999967337 0.003721972 -0.007166559 -1.013691068 -0.003768601 0.999971747 -0.006503846 -6.552143574 0.007142150 0.006530641 0.999953151 335.385894775
0.999963999 0.003226233 -0.007850711 -1.054528713 -0.003266007 0.999981999 -0.005058779 -6.595157623 0.007834249 0.005084239 0.999956310 336.933807373
0.999956071 0.001780925 -0.009210835 -1.054784298 -0.001825130 0.999986887 -0.004793013 -6.627083778 0.009202178 0.004809613 0.999946058 338.487457275
0.999950886 0.001115947 -0.009859357 -1.075273514 -0.001164052 0.999987423 -0.004874684 -6.671881199 0.009853792 0.004885920 0.999939501 340.039550781
0.999950647 0.000667416 -0.009915823 -1.093297005 -0.000721060 0.999985099 -0.005407374 -6.712502003 0.009912065 0.005414257 0.999936163 341.570068359
0.999950290 0.000689046 -0.009948017 -1.121674538 -0.000746226 0.999983191 -0.005745280 -6.750405788 0.009943889 0.005752419 0.999934018 343.129577637
0.999951839 -0.000618437 -0.009794638 -1.143040895 0.000562816 0.999983668 -0.005680487 -6.786093712 0.009797991 0.005674700 0.999935865 344.662658691
0.999963582 -0.000297475 -0.008527981 -1.180323601 0.000240717 0.999977708 -0.006655701 -6.819494247 0.008529771 0.006653406 0.999941468 346.194183350
0.999956191 -0.000332240 -0.009351407 -1.183377981 0.000267972 0.999976277 -0.006873007 -6.874892235 0.009353471 0.006870200 0.999932587 347.770019531
0.999952674 -0.001424837 -0.009623860 -1.189294815 0.001363577 0.999978721 -0.006369066 -6.913516521 0.009632732 0.006355642 0.999933362 349.335418701
0.999948204 -0.002023660 -0.009975972 -1.202059984 0.001950837 0.999971390 -0.007304196 -6.948768616 0.009990469 0.007284355 0.999923587 350.884490967
0.999938309 -0.004064432 -0.010338355 -1.211353302 0.003983397 0.999961376 -0.007846882 -6.995724678 0.010369848 0.007805216 0.999915838 352.434661865
0.999944210 -0.003856407 -0.009834470 -1.242832661 0.003792961 0.999971926 -0.006461977 -7.025736809 0.009859116 0.006424314 0.999930739 354.002319336
0.999934435 -0.005938517 -0.009798976 -1.256476641 0.005883586 0.999966860 -0.005625180 -7.060098171 0.009832054 0.005567158 0.999936223 355.576324463
0.999943256 -0.005758250 -0.008962241 -1.291177034 0.005694636 0.999958515 -0.007107441 -7.092336178 0.009002796 0.007056000 0.999934494 357.123474121
0.999943554 -0.005317882 -0.009202042 -1.291464567 0.005252078 0.999960601 -0.007160496 -7.130463600 0.009239757 0.007111762 0.999931991 358.692199707
0.999959230 -0.003320215 -0.008396414 -1.328671575 0.003267488 0.999975026 -0.006285655 -7.172824860 0.008417073 0.006257964 0.999944985 360.221130371
0.999964178 -0.001509307 -0.008328876 -1.338503361 0.001459871 0.999981344 -0.005938290 -7.199296951 0.008337683 0.005925919 0.999947667 361.796203613
0.999963820 -0.003210419 -0.007875112 -1.363615990 0.003167661 0.999980211 -0.005436013 -7.246432304 0.007892408 0.005410871 0.999954224 363.366790771
0.999962270 -0.003242159 -0.008062037 -1.362096548 0.003189280 0.999973416 -0.006563230 -7.277430534 0.008083102 0.006537269 0.999945939 364.948760986
0.999973655 -0.002485493 -0.006814400 -1.407667994 0.002439045 0.999973774 -0.006816240 -7.311038494 0.006831163 0.006799440 0.999953508 366.493621826
0.999987543 -0.001803295 -0.004672688 -1.450365424 0.001767805 0.999969661 -0.007588155 -7.339797974 0.004686230 0.007579800 0.999960363 368.053833008
0.999979079 -0.001151125 -0.006365674 -1.429256439 0.001108981 0.999977469 -0.006619935 -7.382796288 0.006373151 0.006612737 0.999957800 369.627410889
0.999981284 -0.000172941 -0.006125477 -1.435180664 0.000135529 0.999981344 -0.006107581 -7.408273220 0.006126419 0.006106636 0.999962628 371.213897705
0.999980748 0.001853414 -0.005926905 -1.459911227 -0.001896371 0.999971867 -0.007250478 -7.447007656 0.005913301 0.007261578 0.999956071 372.754791260
