1 -1.22322e-18 -1.71789e-20 0 7.5476e-19 1 6.23824e-19 0 -2.14909e-19 -9.89981e-19 1 0
0.999998 -0.00150598 -0.00128584 -0.000323956 0.0015051 0.999999 -0.00068709 -0.0164062 0.00128688 0.000685154 0.999999 0.535818
0.999996 -0.00236035 -0.00174704 -0.0131052 0.00235724 0.999996 -0.00178088 -0.034981 0.00175123 0.00177675 0.999997 1.11309
0.999988 -0.00244663 -0.00415296 -0.0129536 0.00243162 0.999991 -0.0036164 -0.046962 0.00416177 0.00360626 0.999985 1.6715
0.999976 -0.00412047 -0.00565052 -0.020819 0.00409169 0.999979 -0.00509647 -0.0629291 0.0056714 0.00507322 0.999971 2.21623
0.999952 -0.0066211 -0.00718433 -0.0254768 0.00656976 0.999953 -0.00714611 -0.0778995 0.00723131 0.00709857 0.999949 2.76738
0.999935 -0.00812832 -0.00794954 -0.0313389 0.00806678 0.999937 -0.00774274 -0.0934287 0.00801197 0.00767811 0.999938 3.32666
0.999925 -0.00825435 -0.00905373 -0.0375109 0.00818792 0.999939 -0.0073505 -0.107608 0.00911385 0.00727582 0.999932 3.90343
0.999903 -0.00859428 -0.0109496 -0.0444464 0.00851267 0.999936 -0.00747849 -0.126109 0.0110131 0.00738456 0.999912 4.48176
0.999905 -0.00810099 -0.0111821 -0.0578733 0.00798825 0.999917 -0.0100899 -0.144923 0.0112629 0.00999963 0.999887 5.06647
0.999886 -0.00683709 -0.0134806 -0.0651646 0.00665127 0.999883 -0.0137807 -0.166779 0.0135733 0.0136895 0.999814 5.65826
0.99988 -0.00508712 -0.0146186 -0.0875791 0.00482501 0.999828 -0.0179093 -0.181478 0.0147072 0.0178367 0.999733 6.26431
0.999882 -0.00318632 -0.0150407 -0.111626 0.00292109 0.99984 -0.017623 -0.201402 0.0150944 0.017577 0.999732 6.87918
0.999862 -0.000976712 -0.016592 -0.122949 0.000793289 0.999939 -0.0110579 -0.214382 0.0166018 0.0110432 0.999801 7.51698
0.999831 -0.000111546 -0.0183715 -0.134268 9.2823e-05 0.999999 -0.00101998 -0.223261 0.0183716 0.0010181 0.999831 8.1778
0.999812 0.000943444 -0.019358 -0.148792 -0.000826671 0.999981 0.00603943 -0.243199 0.0193633 -0.0060223 0.999794 8.83571
0.999788 0.00262158 -0.0204155 -0.172599 -0.00251204 0.999982 0.00538948 -0.260989 0.0204293 -0.00533706 0.999777 9.50923
0.999735 0.0055618 -0.0223206 -0.184371 -0.00559475 0.999983 -0.00141383 -0.273502 0.0223124 0.00153833 0.99975 10.1939
0.999733 0.00539479 -0.0224847 -0.215868 -0.00557059 0.999954 -0.00776303 -0.276605 0.0224418 0.00788621 0.999717 10.8855
0.999705 0.00359114 -0.0240333 -0.231355 -0.00374613 0.999972 -0.00640693 -0.286619 0.0240096 0.00649507 0.999691 11.6089
0.999689 0.00236613 -0.0248444 -0.249553 -0.00229775 0.999993 0.00278071 -0.298729 0.0248508 -0.00272276 0.999687 12.3632
0.999671 0.0010898 -0.0256146 -0.268137 -0.000827843 0.999947 0.0102353 -0.301877 0.0256244 -0.0102107 0.999619 13.1442
0.99966 0.000546708 -0.0260786 -0.294582 -0.000208621 0.999916 0.0129651 -0.307269 0.0260835 -0.0129552 0.999576 13.9273
0.999642 -0.00135711 -0.0267254 -0.311705 0.00167855 0.999926 0.0120088 -0.309543 0.0267072 -0.0120494 0.999571 14.7174
0.999646 -0.00165387 -0.0265606 -0.335143 0.00191155 0.999951 0.00967898 -0.318348 0.0265433 -0.00972632 0.9996 15.5256
0.999649 0.00060848 -0.026482 -0.35919 -0.000440693 0.99998 0.00634128 -0.316537 0.0264853 -0.00632739 0.999629 16.359
0.999679 -0.00177045 -0.0252908 -0.38827 0.00179153 0.999998 0.000810833 -0.327564 0.0252894 -0.000855882 0.99968 17.202
0.999697 -0.00449707 -0.0242141 -0.409952 0.00437252 0.999977 -0.00519419 -0.347168 0.0242369 0.00508674 0.999693 18.0507
0.999729 -0.00364752 -0.0230013 -0.439184 0.00339898 0.999936 -0.0108355 -0.363021 0.0230394 0.0107544 0.999677 18.9397
0.999732 -0.00251352 -0.0229969 -0.468614 0.00224733 0.99993 -0.0115935 -0.380569 0.0230244 0.0115387 0.999668 19.851
0.999693 -0.00222676 -0.0246902 -0.482841 0.00194616 0.999933 -0.011383 -0.40039 0.0247139 0.0113315 0.99963 20.7478
0.9997 -0.00123198 -0.0244745 -0.519532 0.000920356 0.999918 -0.01274 -0.427005 0.0244882 0.0127136 0.999619 21.6886
0.999676 0.00118558 -0.0254215 -0.5441 -0.00156181 0.999889 -0.0147849 -0.451765 0.0254011 0.0148199 0.999567 22.6103
0.999667 0.00532498 -0.0252554 -0.580921 -0.00573146 0.999855 -0.0160496 -0.478859 0.0251662 0.016189 0.999552 23.5649
0.999703 0.00655929 -0.0234528 -0.626001 -0.00692839 0.999853 -0.0156916 -0.510329 0.0233464 0.0158494 0.999602 24.5181
0.999674 0.00758011 -0.0243767 -0.652196 -0.00796574 0.999844 -0.0157615 -0.540935 0.0242534 0.0159505 0.999579 25.4926
0.999666 0.00810496 -0.0245482 -0.681759 -0.00848646 0.999844 -0.0154766 -0.574556 0.0244189 0.0156798 0.999579 26.4667
0.999651 0.00870249 -0.024949 -0.71637 -0.00906195 0.999856 -0.0143314 -0.608047 0.0248207 0.0145525 0.999586 27.4567
0.999631 0.00912925 -0.0255683 -0.753021 -0.00943993 0.999883 -0.0120567 -0.641324 0.0254552 0.0122937 0.9996 28.4528
0.99963 0.00924663 -0.0255724 -0.784968 -0.00953089 0.999894 -0.0110166 -0.666115 0.0254679 0.0112562 0.999612 29.4521
0.999613 0.00884452 -0.0263743 -0.814244 -0.00914976 0.999892 -0.0114752 -0.702521 0.0262699 0.0117121 0.999586 30.4739
0.999594 0.0104031 -0.0265273 -0.84996 -0.0107456 0.99986 -0.0128014 -0.728046 0.0263904 0.0130813 0.999566 31.5004
0.999603 0.0105431 -0.0261425 -0.883863 -0.0108562 0.999871 -0.0118644 -0.756992 0.026014 0.0121435 0.999588 32.5064
0.999583 0.00963744 -0.0272068 -0.908693 -0.00989651 0.999907 -0.00940387 -0.789234 0.0271136 0.00966921 0.999586 33.5521
0.999589 0.00998552 -0.0268887 -0.943157 -0.0101428 0.999932 -0.00571983 -0.815571 0.0268298 0.00599021 0.999622 34.589
0.999603 0.00947168 -0.0265341 -0.981943 -0.00955743 0.99995 -0.00310657 -0.842252 0.0265034 0.00335893 0.999643 35.6434
0.999578 0.00922349 -0.0275338 -1.014 -0.00930333 0.999953 -0.00277287 -0.864595 0.027507 0.00302786 0.999617 36.6853
0.999578 0.00936847 -0.0275127 -1.05037 -0.00948142 0.999947 -0.00397761 -0.889684 0.027474 0.00423679 0.999614 37.7585
0.999556 0.0102315 -0.0279853 -1.09129 -0.0103655 0.999935 -0.00464838 -0.912928 0.0279359 0.0049364 0.999598 38.8209
0.999563 0.00987896 -0.0278664 -1.13482 -0.00998158 0.999944 -0.00354595 -0.937396 0.0278298 0.00382255 0.999605 39.8918
0.999536 0.00998987 -0.02876 -1.17416 -0.0100463 0.999948 -0.00181824 -0.95967 0.0287403 0.00210633 0.999585 40.9685
0.999496 0.00954399 -0.0302831 -1.20832 -0.00951399 0.999954 0.00113483 -0.986058 0.0302925 -0.000846149 0.999541 42.0316
0.999469 0.0100208 -0.0310206 -1.24805 -0.00999134 0.999949 0.00110462 -1.01057 0.0310301 -0.000794091 0.999518 43.1111
0.999394 0.012268 -0.0325638 -1.2842 -0.0123701 0.999919 -0.00293769 -1.03639 0.0325252 0.00333873 0.999465 44.1465
0.99936 0.0152242 -0.0323575 -1.32692 -0.0154424 0.99986 -0.0065024 -1.06872 0.032254 0.00699792 0.999455 45.2292
0.999312 0.0168083 -0.0330474 -1.36745 -0.0170611 0.999827 -0.00738076 -1.09191 0.0329177 0.00793951 0.999427 46.2892
0.999346 0.0157777 -0.0325257 -1.40944 -0.0159306 0.999863 -0.00444851 -1.11987 0.0324511 0.00496376 0.999461 47.3419
0.999324 0.0159992 -0.0331044 -1.44444 -0.0160887 0.999868 -0.00243947 -1.14201 0.033061 0.00297043 0.999449 48.4143
0.999349 0.0139451 -0.0332712 -1.48836 -0.0139971 0.999901 -0.00132827 -1.16663 0.0332494 0.00179311 0.999445 49.4912
0.999357 0.0143597 -0.0328437 -1.52727 -0.0144371 0.999894 -0.00212239 -1.19039 0.0328097 0.00259519 0.999458 50.5506
0.999334 0.0143155 -0.0335735 -1.55904 -0.0144505 0.999888 -0.0037817 -1.22061 0.0335156 0.00426433 0.999429 51.6192
0.999346 0.0148532 -0.0329753 -1.60652 -0.0150581 0.999869 -0.00597326 -1.24279 0.0328822 0.00646589 0.999438 52.6943
0.999406 0.013733 -0.0316006 -1.65779 -0.0140031 0.999867 -0.00834237 -1.27717 0.0314818 0.00877992 0.999466 53.752
0.999433 0.0129064 -0.0310943 -1.69678 -0.0132825 0.999841 -0.0119207 -1.31115 0.0309355 0.0123269 0.999445 54.8191
0.999471 0.0117053 -0.0303539 -1.73123 -0.0121254 0.999833 -0.0136932 -1.34877 0.0301886 0.014054 0.999445 55.8903
0.999478 0.0101344 -0.0306919 -1.769 -0.0104933 0.999878 -0.0115532 -1.38535 0.0305711 0.0118692 0.999462 56.9537
0.999488 0.00872354 -0.0307894 -1.80738 -0.00889842 0.999945 -0.00554757 -1.4165 0.0307393 0.00581871 0.99951 58.0444
0.999506 0.00613564 -0.0308098 -1.84155 -0.00612795 0.999981 0.00034395 -1.43506 0.0308114 -0.000154979 0.999525 59.1099
0.999488 0.0041032 -0.03174 -1.86797 -0.00405271 0.99999 0.00165506 -1.46227 0.0317465 -0.00152558 0.999495 60.1823
0.999517 0.00205371 -0.0309958 -1.9025 -0.00211085 0.999996 -0.00181084 -1.48487 0.030992 0.0018754 0.999518 61.2631
0.99951 0.000846332 -0.0312801 -1.94288 -0.000994531 0.999988 -0.00472257 -1.51078 0.0312757 0.00475137 0.9995 62.3068
0.999558 0.00212131 -0.029667 -1.99442 -0.00238043 0.999959 -0.00870165 -1.54213 0.0296473 0.00876842 0.999522 63.376
0.999551 0.0024704 -0.0298547 -2.03235 -0.00284768 0.999917 -0.0126016 -1.57722 0.0298211 0.0126809 0.999475 64.4475
0.999532 0.00564464 -0.0300606 -2.0727 -0.00605683 0.999889 -0.0136385 -1.60963 0.0299803 0.0138142 0.999455 65.5271
0.999556 0.00894516 -0.0284124 -2.12029 -0.0092326 0.999907 -0.0100014 -1.64298 0.0283203 0.0102593 0.999546 66.6133
0.999554 0.00986264 -0.0281794 -2.16152 -0.0100935 0.999917 -0.00806191 -1.67588 0.0280975 0.00834274 0.99957 67.6984
0.999529 0.00957835 -0.0291547 -2.1917 -0.00979654 0.999925 -0.00735006 -1.70436 0.0290821 0.00763221 0.999548 68.7713
0.99953 0.0082835 -0.0295257 -2.22511 -0.00847266 0.999944 -0.00628716 -1.74068 0.0294719 0.00653437 0.999544 69.8499
0.99954 0.00743296 -0.0293883 -2.26609 -0.00757815 0.99996 -0.00483211 -1.76968 0.0293512 0.0050526 0.999556 70.9262
0.999515 0.00605849 -0.0305481 -2.29534 -0.00616011 0.999976 -0.00323358 -1.79417 0.0305278 0.00342019 0.999528 71.9994
0.999494 0.00419096 -0.0315245 -2.33217 -0.00424503 0.99999 -0.00164844 -1.81834 0.0315172 0.00178143 0.999502 73.0673
0.99947 0.00326523 -0.0323812 -2.37046 -0.00334753 0.999991 -0.00248751 -1.84977 0.0323728 0.00259459 0.999472 74.1319
0.999458 0.00346914 -0.0327377 -2.41589 -0.00366836 0.999975 -0.00602707 -1.88348 0.032716 0.0061439 0.999446 75.1861
0.999454 0.00439453 -0.0327519 -2.46571 -0.00466061 0.999957 -0.00805212 -1.913 0.0327151 0.00820037 0.999431 76.2641
0.999412 0.00625805 -0.0337182 -2.51118 -0.00646907 0.99996 -0.00615277 -1.94547 0.0336783 0.00636727 0.999412 77.3123
0.999403 0.00781886 -0.0336453 -2.56172 -0.00790029 0.999966 -0.00228813 -1.97155 0.0336263 0.00255257 0.999431 78.3764
0.999341 0.00831112 -0.0353479 -2.60203 -0.00826182 0.999965 0.0015404 -1.99543 0.0353594 -0.00124735 0.999374 79.4397
0.999329 0.00816856 -0.0356941 -2.64902 -0.00807785 0.999964 0.00268505 -2.0159 0.0357147 -0.00239491 0.999359 80.4908
0.999299 0.00866319 -0.0364072 -2.69542 -0.0086453 0.999962 0.000648855 -2.04051 0.0364114 -0.000333649 0.999337 81.5368
0.999275 0.00897318 -0.037002 -2.74166 -0.00897452 0.99996 0.000129957 -2.06926 0.0370017 0.000202213 0.999315 82.5753
0.999243 0.00875164 -0.0379103 -2.77757 -0.00876246 0.999962 -0.000119129 -2.0917 0.0379078 0.000451226 0.999281 83.6097
0.99926 0.00734058 -0.0377663 -2.83091 -0.00732963 0.999973 0.000428422 -2.12052 0.0377684 -0.000151292 0.999287 84.6162
0.99921 0.00704889 -0.039123 -2.86811 -0.00699583 0.999974 0.00149306 -2.1449 0.0391325 -0.00121818 0.999233 85.6184
0.999174 0.00651417 -0.0401208 -2.90825 -0.00635944 0.999972 0.00398312 -2.16721 0.0401456 -0.00372468 0.999187 86.6022
0.999166 0.00561763 -0.0404451 -2.95849 -0.00540898 0.999972 0.0052666 -2.19121 0.0404735 -0.00504344 0.999168 87.5689
0.999058 0.00486855 -0.0431164 -3.00098 -0.00463103 0.999974 0.00560706 -2.21324 0.0431425 -0.00540211 0.999054 88.5118
0.998911 0.00399638 -0.0464796 -3.04844 -0.00375784 0.999979 0.00521851 -2.2396 0.0464995 -0.00503816 0.998906 89.4305
0.998755 0.00387186 -0.0497431 -3.10635 -0.0036658 0.999984 0.00423296 -2.25811 0.0497587 -0.00404534 0.998753 90.3307
0.998601 0.00393504 -0.0527361 -3.16335 -0.00370032 0.999983 0.00454772 -2.2802 0.0527531 -0.00434622 0.998598 91.2002
0.998383 0.00462658 -0.0566538 -3.21204 -0.00432936 0.999976 0.00536775 -2.29476 0.0566773 -0.0051138 0.998379 92.0533
0.998251 0.00506908 -0.0588982 -3.27648 -0.00470384 0.999969 0.00633824 -2.313 0.0589285 -0.00605011 0.998244 92.8756
0.998092 0.00589877 -0.061461 -3.33396 -0.00542543 0.999954 0.00786551 -2.32988 0.0615046 -0.00751706 0.998078 93.6696
0.997916 0.00788095 -0.0640407 -3.39499 -0.0073405 0.999935 0.00867017 -2.34671 0.0641049 -0.00818201 0.99791 94.4484
0.997706 0.0100424 -0.066952 -3.44984 -0.00943048 0.999911 0.00944992 -2.36514 0.0670409 -0.00879685 0.997711 95.1976
0.997521 0.0111547 -0.0694727 -3.51133 -0.0106076 0.99991 0.00823889 -2.37964 0.0695584 -0.00748153 0.99755 95.9145
0.997308 0.0125018 -0.0722586 -3.57148 -0.0121919 0.999914 0.00472814 -2.39798 0.0723115 -0.00383444 0.997375 96.6096
0.997081 0.0151063 -0.0748362 -3.62881 -0.0150951 0.999886 0.000715839 -2.41373 0.0748385 0.000415908 0.997196 97.2544
0.996844 0.0168728 -0.0775769 -3.68022 -0.0170634 0.999853 -0.00179529 -2.42887 0.0775352 0.00311335 0.996985 97.8906
0.996765 0.0186946 -0.0781696 -3.73932 -0.0189861 0.999815 -0.00298777 -2.44605 0.0780993 0.00446224 0.996936 98.4854
0.996735 0.0207033 -0.0780393 -3.78729 -0.0209348 0.999779 -0.00214929 -2.46857 0.0779776 0.00377601 0.996948 99.0686
0.996977 0.0237401 -0.0739778 -3.84581 -0.0238674 0.999715 -0.000836961 -2.4823 0.0739368 0.00260009 0.99726 99.6289
0.997316 0.0263877 -0.0682957 -3.89064 -0.0263834 0.999651 0.000964354 -2.50291 0.0682973 0.000840107 0.997665 100.166
0.997772 0.027738 -0.060679 -3.92366 -0.0276377 0.999615 0.002491 -2.51311 0.0607247 -0.000808418 0.998154 100.676
0.998345 0.0275029 -0.050511 -3.94876 -0.0272724 0.999614 0.00524828 -2.52852 0.0506359 -0.00386204 0.99871 101.163
0.998872 0.026535 -0.0393753 -3.95497 -0.0263224 0.999636 0.00590784 -2.53691 0.0395178 -0.00486473 0.999207 101.634
0.999326 0.0258306 -0.0260795 -3.96292 -0.0256733 0.99965 0.00634945 -2.55149 0.0262344 -0.00567562 0.99964 102.071
0.999631 0.0252853 -0.00992819 -3.96203 -0.0252337 0.999668 0.00528862 -2.56235 0.0100586 -0.00503615 0.999937 102.499
0.999687 0.0240107 0.00697495 -3.94627 -0.0240291 0.999708 0.00257609 -2.57772 -0.00691106 -0.00274289 0.999972 102.912
0.99932 0.0231692 0.0286896 -3.92307 -0.0231209 0.999731 -0.00201679 -2.59041 -0.0287286 0.00135209 0.999586 103.318
0.998355 0.0216004 0.053105 -3.88393 -0.0212506 0.999749 -0.00714252 -2.60194 -0.0532459 0.00600226 0.998563 103.724
0.99653 0.019589 0.0809025 -3.83185 -0.0188194 0.99977 -0.0102642 -2.61376 -0.081085 0.00870601 0.996669 104.106
0.993808 0.0167838 0.109838 -3.75197 -0.015653 0.999815 -0.0111494 -2.63089 -0.110005 0.00936111 0.993887 104.499
0.989489 0.0140428 0.143928 -3.67821 -0.0122297 0.999834 -0.0134748 -2.6424 -0.144093 0.0115729 0.989496 104.872
0.983921 0.0115017 0.178231 -3.5744 -0.00898169 0.999848 -0.0149393 -2.6583 -0.178376 0.0130983 0.983875 105.243
0.976123 0.00872235 0.217045 -3.45555 -0.00536217 0.999857 -0.0160657 -2.6728 -0.217154 0.0145182 0.976029 105.592
0.966662 0.00618841 0.255983 -3.31764 -0.0019303 0.999856 -0.0168823 -2.69314 -0.25605 0.0158253 0.966534 105.948
0.954313 0.0069112 0.29873 -3.18433 -0.00157717 0.999835 -0.0180931 -2.71323 -0.298806 0.0167953 0.954166 106.274
0.939415 0.00924321 0.342657 -3.03622 -0.00307248 0.999823 -0.018547 -2.72672 -0.342768 0.0163705 0.939277 106.597
0.922027 0.0085267 0.387031 -2.85775 -0.001884 0.999844 -0.0175393 -2.74019 -0.387121 0.0154426 0.9219 106.922
0.90175 0.00795514 0.432184 -2.6782 -0.000940659 0.999864 -0.0164417 -2.75252 -0.432256 0.0144198 0.901636 107.211
0.879299 0.00659388 0.476225 -2.469 0.00178623 0.999851 -0.0171422 -2.76774 -0.476267 0.0159238 0.879156 107.503
0.853702 0.00676736 0.520718 -2.2547 0.00366958 0.999813 -0.0190099 -2.78878 -0.520749 0.0181396 0.853517 107.772
0.825977 0.00882299 0.563635 -2.02762 0.00451872 0.999742 -0.0222716 -2.80887 -0.563686 0.0209428 0.825724 108.042
0.795829 0.0130522 0.60538 -1.78857 0.0041424 0.999627 -0.0269979 -2.82204 -0.605507 0.0239935 0.795478 108.283
0.761979 0.019018 0.647322 -1.53602 0.00111222 0.999529 -0.0306749 -2.84004 -0.647601 0.0240936 0.761599 108.531
0.725445 0.0239051 0.687865 -1.26221 -0.000864687 0.999428 -0.0338208 -2.84545 -0.68828 0.0239403 0.72505 108.754
0.687511 0.0243212 0.725766 -0.970027 0.00144728 0.999391 -0.0348616 -2.86042 -0.726172 0.0250182 0.687058 108.954
0.645916 0.0224214 0.763079 -0.639176 0.00560604 0.999402 -0.0341105 -2.88115 -0.763388 0.0263104 0.645404 109.175
0.602226 0.0201753 0.798071 -0.332291 0.00769261 0.999488 -0.0310719 -2.89314 -0.798289 0.0248516 0.601762 109.35
0.555514 0.0191308 0.831287 0.0202309 0.00879644 0.999544 -0.0288813 -2.91002 -0.831461 0.0233563 0.555093 109.54
0.508352 0.0168348 0.860985 0.350099 0.0103167 0.999618 -0.0256368 -2.92049 -0.861087 0.0219151 0.507985 109.683
0.457307 0.0131906 0.889211 0.721146 0.0136412 0.999668 -0.0218446 -2.94187 -0.889204 0.0221196 0.456975 109.818
0.406082 0.0125188 0.913751 1.08534 0.01233 0.99974 -0.0191765 -2.96329 -0.913753 0.0190538 0.405822 109.937
0.355279 0.0171259 0.934603 1.46115 0.00950426 0.999714 -0.0219319 -2.97942 -0.934712 0.0166747 0.355015 110.041
0.30565 0.0229647 0.951867 1.86164 0.00765659 0.999617 -0.0265753 -2.99298 -0.952113 0.0154108 0.305358 110.134
0.259006 0.0252576 0.965545 2.25773 0.00966716 0.99954 -0.0287401 -3.0048 -0.965827 0.016778 0.258643 110.198
0.21854 0.0248802 0.975511 2.67641 0.016607 0.999435 -0.0292108 -3.02658 -0.975687 0.0225841 0.218004 110.241
0.183224 0.024694 0.982761 3.09488 0.0250231 0.999243 -0.0297734 -3.04686 -0.982753 0.0300469 0.182467 110.283
0.153016 0.0260974 0.987879 3.55755 0.0287756 0.99911 -0.0308513 -3.06962 -0.987805 0.0331476 0.152129 110.33
0.12537 0.0251633 0.991791 4.02571 0.0277067 0.9992 -0.0288536 -3.08729 -0.991723 0.0310967 0.124573 110.36
0.0995604 0.0217115 0.994795 4.50032 0.0225183 0.999457 -0.024067 -3.10015 -0.994777 0.0247972 0.0990174 110.401
0.0755319 0.018012 0.996981 5.01193 0.0180732 0.999648 -0.0194294 -3.10861 -0.99698 0.0194862 0.0751798 110.442
0.0519676 0.0156367 0.998526 5.53395 0.0217391 0.999623 -0.0167852 -3.12785 -0.998412 0.0225794 0.0516081 110.459
0.0331946 0.0159594 0.999321 6.06645 0.0285171 0.99945 -0.0169087 -3.15248 -0.999042 0.029059 0.0327212 110.437
0.0157109 0.018863 0.999699 6.63032 0.034776 0.999207 -0.0194003 -3.17357 -0.999272 0.0350703 0.0150424 110.433
0.00180635 0.0244708 0.999699 7.19484 0.0357818 0.999059 -0.0245198 -3.19197 -0.999358 0.0358153 0.000929037 110.424
-0.00972949 0.0291977 0.999526 7.77275 0.032644 0.99905 -0.0288661 -3.20249 -0.99942 0.0323477 -0.0106734 110.426
-0.0164941 0.0291229 0.99944 8.39061 0.034295 0.999004 -0.0285442 -3.22168 -0.999276 0.033805 -0.0174765 110.414
-0.0197194 0.0257224 0.999475 9.01073 0.04016 0.998883 -0.0249148 -3.25064 -0.998999 0.0396476 -0.0207304 110.394
-0.0180257 0.0237577 0.999555 9.66671 0.0424526 0.998834 -0.022975 -3.27794 -0.998936 0.0420196 -0.0190133 110.368
-0.0174729 0.0232864 0.999576 10.3271 0.0409198 0.998908 -0.0225556 -3.30708 -0.99901 0.0405083 -0.0184067 110.375
-0.0159035 0.0236926 0.999593 11.0024 0.0376837 0.999023 -0.0230795 -3.32821 -0.999163 0.0373013 -0.0167808 110.375
-0.0142923 0.0249575 0.999586 11.7081 0.0369808 0.999018 -0.0244146 -3.35095 -0.999214 0.0366166 -0.0152012 110.363
-0.0128629 0.025761 0.999585 12.4232 0.0357088 0.999042 -0.0252875 -3.38297 -0.999279 0.0353687 -0.0137705 110.357
-0.0121774 0.0253681 0.999604 13.1541 0.0357383 0.99905 -0.0249187 -3.4128 -0.999287 0.0354207 -0.0130725 110.357
-0.0118768 0.0238364 0.999645 13.8933 0.0339639 0.999149 -0.0234211 -3.44202 -0.999353 0.0336737 -0.0126763 110.354
-0.0117702 0.0226011 0.999675 14.6713 0.0344788 0.999159 -0.0221835 -3.47163 -0.999336 0.0342065 -0.0125395 110.352
-0.0124596 0.0205186 0.999712 15.4428 0.0349855 0.999186 -0.0200718 -3.50173 -0.99931 0.0347253 -0.0131673 110.344
-0.0132239 0.0187869 0.999736 16.2274 0.0345658 0.999234 -0.0183202 -3.53089 -0.999315 0.0343144 -0.0138631 110.339
-0.0144224 0.0179466 0.999735 17.0155 0.0322557 0.999327 -0.0174739 -3.54967 -0.999376 0.0319951 -0.0149916 110.335
-0.017189 0.0156066 0.99973 17.8169 0.033579 0.999323 -0.0150229 -3.57392 -0.999288 0.0333117 -0.0177014 110.333
-0.0172935 0.0136229 0.999758 18.6186 0.0350617 0.9993 -0.0130102 -3.60661 -0.999236 0.0348282 -0.0177591 110.31
-0.0187388 0.0130172 0.99974 19.4358 0.0340883 0.999342 -0.0123731 -3.63145 -0.999243 0.0338476 -0.0191702 110.299
-0.0197015 0.0177338 0.999649 20.2396 0.031469 0.999358 -0.0171085 -3.65795 -0.999311 0.0311208 -0.0202469 110.293
-0.0200179 0.0220734 0.999556 21.0502 0.0305623 0.999303 -0.0214557 -3.68881 -0.999332 0.0301192 -0.0206786 110.281
-0.0215571 0.0233203 0.999496 21.8878 0.0306225 0.999274 -0.0226546 -3.72518 -0.999299 0.0301187 -0.0222556 110.269
-0.0226603 0.0214452 0.999513 22.7276 0.0276984 0.9994 -0.0208148 -3.75775 -0.999359 0.0272132 -0.0232407 110.259
-0.0235063 0.0173605 0.999573 23.5708 0.0256322 0.999531 -0.016757 -3.78632 -0.999395 0.0252273 -0.0239402 110.248
-0.0243264 0.0122554 0.999629 24.4005 0.0244792 0.999632 -0.0116597 -3.81424 -0.999404 0.0241865 -0.0246174 110.237
-0.0240402 0.00696296 0.999687 25.2385 0.0217523 0.999743 -0.00644025 -3.83356 -0.999474 0.0215907 -0.0241855 110.221
-0.0245537 0.00520112 0.999685 26.0593 0.0191829 0.999805 -0.00473058 -3.85803 -0.999514 0.0190607 -0.0246486 110.212
-0.0225854 0.0120037 0.999673 26.8785 0.0210441 0.999712 -0.0115287 -3.89181 -0.999523 0.0207769 -0.0228315 110.194
-0.0224468 0.0229009 0.999486 27.6917 0.0233616 0.999477 -0.022376 -3.92517 -0.999475 0.0228473 -0.0229701 110.187
-0.0217186 0.0275925 0.999383 28.5075 0.0248815 0.999324 -0.0270501 -3.96233 -0.999454 0.0242786 -0.0223905 110.178
-0.0203952 0.0225785 0.999537 29.3369 0.0260279 0.999418 -0.0220447 -3.99157 -0.999453 0.0255663 -0.020971 110.166
-0.0201049 0.0151701 0.999683 30.1698 0.0294243 0.999461 -0.014575 -4.0195 -0.999365 0.029122 -0.0205404 110.146
-0.0192299 0.0123456 0.999739 30.993 0.0314081 0.999438 -0.0117378 -4.04752 -0.999322 0.0311742 -0.0196068 110.126
-0.0188977 0.0126803 0.999741 31.8 0.0302321 0.99947 -0.0121054 -4.07803 -0.999364 0.0299955 -0.019271 110.116
-0.0196879 0.0133232 0.999717 32.5939 0.0278292 0.999531 -0.0127727 -4.11213 -0.999419 0.0275698 -0.0200494 110.103
-0.0222088 0.0135249 0.999662 33.4037 0.0248861 0.999606 -0.0129713 -4.14291 -0.999444 0.0245896 -0.0225367 110.096
-0.0249934 0.0136925 0.999594 34.1887 0.0238976 0.999629 -0.0130955 -4.168 -0.999402 0.0235606 -0.0253113 110.088
-0.0268178 0.0140791 0.999541 34.9891 0.023679 0.999629 -0.013445 -4.1988 -0.99936 0.0233076 -0.0271412 110.068
-0.0284189 0.0149046 0.999485 35.7778 0.0225671 0.999644 -0.0142653 -4.2243 -0.999341 0.02215 -0.0287451 110.051
-0.0317903 0.0136666 0.999401 36.5742 0.0215981 0.999682 -0.0129834 -4.25492 -0.999261 0.0211724 -0.0320754 110.044
-0.0336111 0.0122931 0.999359 37.3554 0.0216947 0.999698 -0.0115676 -4.28669 -0.9992 0.021292 -0.0338676 110.013
-0.0358507 0.0122148 0.999282 38.1332 0.021034 0.999713 -0.0114654 -4.31587 -0.999136 0.0206079 -0.0360973 109.989
-0.036393 0.0133002 0.999249 38.8995 0.0211845 0.999697 -0.0125346 -4.34191 -0.999113 0.0207125 -0.0366637 109.962
-0.03829 0.0133753 0.999177 39.6656 0.0214993 0.99969 -0.0125583 -4.36783 -0.999035 0.0210008 -0.0385656 109.944
-0.0395227 0.0119535 0.999147 40.4243 0.0226626 0.999682 -0.0110634 -4.39688 -0.998962 0.0222061 -0.039781 109.915
-0.0409047 0.0111669 0.999101 41.1834 0.0232513 0.999677 -0.0102214 -4.4257 -0.998893 0.0228123 -0.0411512 109.887
-0.0421738 0.0110148 0.99905 41.9436 0.0224915 0.999696 -0.0100724 -4.45079 -0.998857 0.0220454 -0.0424088 109.86
-0.0438149 0.00991714 0.99899 42.6642 0.0211092 0.999737 -0.00899871 -4.47964 -0.998817 0.0206936 -0.0440127 109.84
-0.0443361 0.00938272 0.998973 43.393 0.0210082 0.999744 -0.00845758 -4.50285 -0.998796 0.0206116 -0.0445218 109.807
-0.0445964 0.00891302 0.998965 44.098 0.0205434 0.999757 -0.00800298 -4.52472 -0.998794 0.0201652 -0.0447687 109.775
-0.0455352 0.0111697 0.9989 44.7987 0.0203001 0.999741 -0.0102537 -4.54965 -0.998756 0.0198108 -0.0457501 109.756
-0.0442387 0.0134546 0.99893 45.4942 0.0197476 0.999726 -0.0125908 -4.57823 -0.998826 0.0191695 -0.0444923 109.722
-0.0443936 0.0155961 0.998892 46.1564 0.0184209 0.999721 -0.0147903 -4.60147 -0.998844 0.0177439 -0.0446685 109.708
-0.0446677 0.016705 0.998862 46.8293 0.0191127 0.999691 -0.0158642 -4.6269 -0.998819 0.0183824 -0.0449732 109.676
-0.0448665 0.0166161 0.998855 47.5176 0.0201919 0.999672 -0.0157227 -4.65166 -0.998789 0.0194634 -0.0451874 109.653
-0.0452995 0.016405 0.998839 48.1999 0.0209304 0.999661 -0.0154693 -4.67868 -0.998754 0.0202054 -0.0456275 109.623
-0.0456411 0.0166182 0.99882 48.8558 0.0174148 0.999723 -0.0158375 -4.70242 -0.998806 0.0166714 -0.0459179 109.605
-0.0448225 0.0166506 0.998856 49.5309 0.0152386 0.999756 -0.0159818 -4.73137 -0.998879 0.0145048 -0.0450653 109.574
-0.0445967 0.0157209 0.998881 50.1953 0.0162475 0.999755 -0.0150092 -4.75597 -0.998873 0.0155599 -0.0448413 109.543
-0.0457113 0.0145596 0.998849 50.8528 0.0161771 0.999773 -0.0138327 -4.78528 -0.998824 0.0155261 -0.0459365 109.521
-0.0490378 0.0139756 0.998699 51.5148 0.0122343 0.999835 -0.0133908 -4.81343 -0.998722 0.0115617 -0.0492007 109.493
-0.0547938 0.01377 0.998403 52.173 0.0109399 0.999853 -0.0131897 -4.83571 -0.998438 0.0101997 -0.0549364 109.47
-0.0603042 0.0173878 0.998029 52.825 0.0129521 0.999778 -0.0166357 -4.86062 -0.998096 0.0119234 -0.060516 109.428
-0.0669997 0.0203694 0.997545 53.4863 0.0149675 0.9997 -0.0194081 -4.88179 -0.997641 0.0136304 -0.0672844 109.38
-0.0747783 0.0217287 0.996963 54.1468 0.0137751 0.99969 -0.0207549 -4.90952 -0.997105 0.0121812 -0.0750544 109.339
-0.0810174 0.0210979 0.996489 54.8232 0.0114357 0.99973 -0.0202367 -4.93576 -0.996647 0.009756 -0.0812368 109.29
-0.085278 0.0201118 0.996154 55.5057 0.0111096 0.999753 -0.0192334 -4.9585 -0.996295 0.00942674 -0.0854804 109.225
-0.091134 0.0207775 0.995622 56.1814 0.0102171 0.999749 -0.0199284 -4.98585 -0.995786 0.00835618 -0.0913234 109.178
-0.0954887 0.0200034 0.995229 56.8729 0.00771213 0.999783 -0.0193549 -5.01288 -0.995401 0.00582716 -0.0956222 109.122
-0.0979419 0.016833 0.99505 57.5605 0.00884906 0.999832 -0.0160429 -5.03349 -0.995153 0.00723398 -0.0980744 109.054
-0.0992906 0.0138938 0.994961 58.2482 0.00975378 0.999868 -0.012989 -5.05498 -0.995011 0.00841495 -0.099413 108.987
-0.100944 0.0111032 0.99483 58.964 0.00980868 0.9999 -0.0101645 -5.07967 -0.994844 0.00873192 -0.101043 108.922
-0.101966 0.0108963 0.994728 59.6684 0.00915301 0.999908 -0.0100148 -5.09728 -0.994746 0.00808359 -0.102056 108.854
-0.103307 0.0138546 0.994553 60.3827 0.00982807 0.999868 -0.0129078 -5.12282 -0.994601 0.00844107 -0.10343 108.792
-0.103132 0.0179562 0.994506 61.0991 0.0146374 0.999756 -0.0165331 -5.14628 -0.99456 0.0128518 -0.10337 108.71
-0.104487 0.0219963 0.994283 61.8411 0.0213362 0.999575 -0.0198712 -5.18142 -0.994297 0.019138 -0.104912 108.63
-0.104478 0.0236277 0.994246 62.5661 0.0229855 0.999508 -0.0213374 -5.20593 -0.994262 0.020624 -0.10497 108.552
-0.104878 0.02151 0.994252 63.2984 0.0214869 0.999582 -0.0193588 -5.23451 -0.994253 0.0193331 -0.105296 108.486
-0.104951 0.0168674 0.994334 64.0406 0.0219631 0.999652 -0.0146394 -5.25526 -0.994235 0.0203023 -0.105285 108.413
-0.104526 0.0152725 0.994405 64.7848 0.0252981 0.999599 -0.0126931 -5.27883 -0.9942 0.0238298 -0.10487 108.329
-0.10548 0.0147059 0.994313 65.5194 0.0265811 0.999575 -0.0119639 -5.30882 -0.994066 0.025168 -0.105826 108.254
-0.106767 0.0158376 0.994158 66.2443 0.0261395 0.999572 -0.0131167 -5.32993 -0.99394 0.0245864 -0.107135 108.178
-0.109718 0.0165802 0.993824 66.9797 0.0257529 0.999573 -0.013833 -5.35549 -0.993629 0.0240761 -0.110098 108.107
-0.11126 0.0165674 0.993653 67.7049 0.0256778 0.999575 -0.0137909 -5.3815 -0.99346 0.0239805 -0.111638 108.024
-0.11354 0.0167628 0.993392 68.4155 0.026081 0.999563 -0.013886 -5.41007 -0.993191 0.0243321 -0.113928 107.95
-0.114952 0.0164095 0.993235 69.1575 0.0250382 0.999594 -0.0136167 -5.435 -0.993055 0.0233036 -0.115317 107.862
-0.116681 0.0167481 0.993028 69.8945 0.0236961 0.99962 -0.014075 -5.45988 -0.992887 0.0218887 -0.117033 107.78
-0.118188 0.0181024 0.992826 70.6295 0.0231128 0.999613 -0.0154748 -5.48823 -0.992722 0.0211181 -0.118561 107.701
-0.119403 0.0183097 0.992677 71.3802 0.0232967 0.999606 -0.0156353 -5.51885 -0.992573 0.0212592 -0.119782 107.621
-0.119976 0.0189258 0.992596 72.1255 0.0225127 0.999613 -0.0163385 -5.54247 -0.992522 0.0203858 -0.120356 107.529
-0.121536 0.0175845 0.992431 72.8944 0.0226915 0.999631 -0.0149332 -5.57009 -0.992328 0.0207048 -0.12189 107.44
-0.122728 0.0150257 0.992327 73.6629 0.0205975 0.999709 -0.0125901 -5.59501 -0.992227 0.0188943 -0.123001 107.354
-0.124111 0.0135003 0.992176 74.4436 0.0179188 0.999775 -0.0113622 -5.61442 -0.992107 0.0163684 -0.124325 107.258
-0.127551 0.0126063 0.991752 75.2151 0.0183809 0.999778 -0.0103443 -5.64064 -0.991662 0.0169099 -0.127754 107.174
-0.128217 0.013024 0.991661 75.998 0.0184932 0.999771 -0.0107394 -5.66278 -0.991574 0.016962 -0.128429 107.071
-0.130611 0.014358 0.99133 76.7822 0.0188754 0.99975 -0.0119931 -5.68603 -0.991254 0.0171453 -0.130849 106.973
-0.132704 0.0180291 0.990992 77.5729 0.0201891 0.999676 -0.0154836 -5.70998 -0.99095 0.0179525 -0.133025 106.876
-0.133334 0.021707 0.990833 78.3716 0.0215301 0.999588 -0.0190016 -5.73856 -0.990837 0.0187992 -0.133746 106.772
-0.135273 0.0254391 0.990482 79.1642 0.0236664 0.999468 -0.0224377 -5.77445 -0.990526 0.0204059 -0.135803 106.67
-0.134363 0.0265738 0.990576 79.9669 0.0253048 0.999406 -0.0233784 -5.80511 -0.990609 0.0219251 -0.134955 106.557
-0.133928 0.0265121 0.990636 80.7947 0.0291596 0.999315 -0.0228022 -5.83868 -0.990562 0.0258327 -0.134609 106.442
-0.133389 0.0243492 0.990765 81.617 0.0302785 0.999332 -0.0204832 -5.87459 -0.990601 0.0272667 -0.134037 106.333
-0.133293 0.0229667 0.99081 82.4421 0.0294044 0.999383 -0.0192097 -5.90328 -0.99064 0.0265737 -0.133886 106.232
-0.131716 0.020921 0.991067 83.2655 0.028562 0.999442 -0.0173018 -5.93094 -0.990876 0.0260279 -0.13224 106.129
-0.12999 0.0177714 0.991356 84.1035 0.0291357 0.999476 -0.0140966 -5.95731 -0.991087 0.0270514 -0.130439 106.022
-0.128499 0.0142191 0.991608 84.9482 0.0289967 0.999524 -0.0105751 -5.98499 -0.991286 0.0273945 -0.12885 105.916
-0.127532 0.014093 0.991734 85.7939 0.0288143 0.99953 -0.0104984 -6.01276 -0.991416 0.0272372 -0.127878 105.822
-0.125941 0.017518 0.991883 86.6214 0.0294262 0.99947 -0.0139156 -6.04908 -0.991601 0.0274348 -0.12639 105.719
-0.12412 0.0234998 0.991989 87.4438 0.0289591 0.999379 -0.0200515 -6.08596 -0.991845 0.0262383 -0.124724 105.625
-0.121466 0.0265529 0.99224 88.2849 0.0266917 0.999368 -0.0234761 -6.12262 -0.992237 0.023633 -0.122098 105.522
-0.120157 0.0246756 0.992448 89.1391 0.0263956 0.999417 -0.0216531 -6.15196 -0.992404 0.0235945 -0.120738 105.424
-0.119019 0.0223907 0.992639 90.012 0.0274502 0.999438 -0.0192528 -6.18612 -0.992513 0.0249567 -0.119566 105.326
-0.118408 0.0206916 0.992749 90.8563 0.0281823 0.99945 -0.0174698 -6.21758 -0.992565 0.0259094 -0.118926 105.23
-0.117575 0.0202363 0.992858 91.7035 0.0273501 0.999479 -0.0171324 -6.25019 -0.992687 0.0251404 -0.118068 105.132
-0.117381 0.0199904 0.992886 92.5575 0.0269742 0.999493 -0.0169345 -6.28661 -0.992721 0.0247946 -0.117861 105.039
-0.117049 0.0184801 0.992954 93.4015 0.0283944 0.99948 -0.0152544 -6.31186 -0.99272 0.0264089 -0.117513 104.945
-0.116574 0.0175042 0.993028 94.2601 0.0309593 0.999423 -0.0139826 -6.34482 -0.992699 0.0291135 -0.117048 104.849
-0.116259 0.0182365 0.993052 95.1003 0.0323087 0.999372 -0.0145701 -6.38404 -0.992693 0.0303903 -0.116775 104.759
-0.114718 0.020232 0.993192 95.9451 0.0335945 0.9993 -0.0164761 -6.41778 -0.99283 0.0314757 -0.115317 104.662
-0.114288 0.0216929 0.993211 96.7993 0.0305223 0.999366 -0.0183152 -6.45147 -0.992979 0.0282219 -0.114878 104.573
-0.114241 0.017759 0.993294 97.6392 0.0265013 0.999539 -0.0148227 -6.48131 -0.9931 0.0246302 -0.114659 104.492
-0.113873 0.0162438 0.993362 98.4863 0.0234719 0.999631 -0.0136556 -6.50979 -0.993218 0.0217611 -0.114212 104.404
-0.114915 0.0164448 0.993239 99.3259 0.020636 0.999687 -0.014164 -6.54099 -0.993161 0.0188688 -0.115219 104.315
-0.116992 0.0206993 0.992917 100.162 0.0159668 0.999693 -0.0189592 -6.57567 -0.993005 0.0136356 -0.117287 104.229
-0.117414 0.0230168 0.992816 100.98 0.0150141 0.999658 -0.0213998 -6.61017 -0.99297 0.0123936 -0.11772 104.142
-0.117397 0.023503 0.992807 101.804 0.015554 0.999641 -0.0218255 -6.64453 -0.992963 0.0128799 -0.117721 104.046
-0.117734 0.0226908 0.992786 102.622 0.0169162 0.99964 -0.0208414 -6.67946 -0.992901 0.0143404 -0.118076 103.953
-0.118121 0.0232819 0.992726 103.422 0.018523 0.999603 -0.0212392 -6.71672 -0.992826 0.0158794 -0.118505 103.864
-0.117387 0.026031 0.992745 104.225 0.0182696 0.999544 -0.0240489 -6.75864 -0.992918 0.0153141 -0.117809 103.766
-0.118061 0.0274942 0.992626 105.03 0.0189336 0.999497 -0.0254326 -6.79899 -0.992826 0.0157914 -0.118523 103.678
-0.119346 0.0273237 0.992477 105.819 0.01676 0.999534 -0.0255026 -6.83965 -0.992711 0.0135903 -0.119748 103.589
-0.122388 0.0265822 0.992126 106.611 0.014858 0.999578 -0.024949 -6.87449 -0.992371 0.0116875 -0.122731 103.503
-0.125375 0.0276221 0.991725 107.396 0.0149069 0.999552 -0.0259556 -6.91341 -0.991997 0.0115293 -0.125731 103.407
-0.129292 0.0301912 0.991147 108.181 0.0142273 0.99949 -0.0285894 -6.95308 -0.991505 0.010405 -0.129655 103.317
-0.131208 0.0311663 0.990865 108.953 0.0123733 0.999479 -0.0297988 -6.99515 -0.991278 0.00835042 -0.131526 103.21
-0.134784 0.0310249 0.990389 109.704 0.0130302 0.999479 -0.0295363 -7.03483 -0.990789 0.00892398 -0.135118 103.112
-0.137885 0.0300912 0.989991 110.484 0.0144197 0.999493 -0.0283716 -7.07408 -0.990343 0.0103634 -0.138249 103.008
-0.141117 0.0309807 0.989508 111.243 0.0156065 0.999456 -0.0290665 -7.11405 -0.98987 0.011341 -0.141523 102.904
-0.143062 0.0352101 0.989087 111.999 0.0120666 0.999355 -0.0338303 -7.15708 -0.98964 0.00709512 -0.143395 102.803
-0.146133 0.0422022 0.988364 112.748 0.0100129 0.999102 -0.0411803 -7.20069 -0.989214 0.00387854 -0.146425 102.713
-0.147776 0.0450768 0.987993 113.508 0.0137416 0.998958 -0.0435217 -7.24491 -0.988925 0.00714515 -0.148241 102.593
-0.150875 0.0430886 0.987613 114.255 0.0157298 0.999028 -0.0411836 -7.29398 -0.988428 0.00932141 -0.151406 102.486
-0.154007 0.0360189 0.987413 115.016 0.0151969 0.999303 -0.0340824 -7.33753 -0.987953 0.00975671 -0.154447 102.369
-0.154965 0.0344199 0.98732 115.769 0.0137084 0.999372 -0.0326884 -7.37601 -0.987825 0.00846906 -0.15534 102.254
-0.156868 0.0367012 0.986937 116.508 0.0131573 0.999298 -0.0350696 -7.42353 -0.987532 0.00748419 -0.157241 102.134
-0.159955 0.0392296 0.986344 117.222 0.0103558 0.999222 -0.0380623 -7.46804 -0.98707 0.00412614 -0.160237 102.028
-0.161083 0.0423722 0.986031 117.968 0.010473 0.999095 -0.0412227 -7.50756 -0.986885 0.00368646 -0.161381 101.909
-0.162512 0.0461614 0.985626 118.699 0.0130707 0.998918 -0.0446288 -7.55749 -0.98662 0.00563011 -0.16294 101.782
-0.165738 0.0509042 0.984855 119.425 0.0138602 0.998688 -0.0492867 -7.60634 -0.986072 0.00548164 -0.166226 101.669
-0.168834 0.0529177 0.984223 120.149 0.0127001 0.998592 -0.0515117 -7.6584 -0.985563 0.00380286 -0.169268 101.553
-0.17201 0.0509533 0.983777 120.869 0.0145606 0.998684 -0.0491795 -7.70735 -0.984988 0.00586497 -0.172525 101.437
-0.176057 0.047813 0.983218 121.592 0.018215 0.998807 -0.0453094 -7.75876 -0.984211 0.00993228 -0.176718 101.303
-0.181082 0.0457531 0.982403 122.308 0.0192947 0.99889 -0.0429644 -7.81139 -0.983279 0.0111751 -0.181764 101.168
-0.187093 0.0449244 0.981314 123.032 0.0200721 0.99892 -0.0419036 -7.85786 -0.982137 0.0118572 -0.187792 101.035
-0.195225 0.0450122 0.979725 123.75 0.0192279 0.99893 -0.0420631 -7.90491 -0.98057 0.0106263 -0.195882 100.893
-0.206472 0.0455657 0.977391 124.464 0.0188862 0.998915 -0.0425794 -7.9488 -0.97827 0.00966771 -0.207108 100.747
-0.218424 0.0461594 0.974762 125.151 0.0190692 0.998892 -0.0430291 -7.99685 -0.975668 0.0091893 -0.219062 100.59
-0.229477 0.0468655 0.972185 125.844 0.0196137 0.99886 -0.0435218 -8.04549 -0.973116 0.00908089 -0.230135 100.419
-0.242788 0.0471367 0.968933 126.535 0.0227943 0.99882 -0.042879 -8.09159 -0.969811 0.0116756 -0.243576 100.252
-0.25391 0.0473549 0.966068 127.228 0.025586 0.99878 -0.0422336 -8.13532 -0.966889 0.0139943 -0.254812 100.061
-0.262137 0.0472936 0.963871 127.906 0.0301606 0.998712 -0.0408006 -8.1808 -0.964559 0.0183755 -0.263226 99.8572
-0.271466 0.0473612 0.961282 128.597 0.0356698 0.998597 -0.0391265 -8.22726 -0.961787 0.0236672 -0.272775 99.6571
-0.280253 0.0472703 0.958761 129.277 0.0389875 0.998523 -0.0378344 -8.27093 -0.959134 0.0267765 -0.281682 99.4549
-0.285706 0.047845 0.957122 129.966 0.0395141 0.998492 -0.0381178 -8.31143 -0.957502 0.0269293 -0.287166 99.2419
-0.291535 0.0454787 0.955478 130.625 0.0430636 0.99848 -0.034386 -8.35121 -0.95559 0.0311216 -0.293051 99.0399
-0.292335 0.0436619 0.955319 131.297 0.0499514 0.998291 -0.0303404 -8.38523 -0.955011 0.03885 -0.294016 98.8187
-0.292255 0.041873 0.955423 131.971 0.0546576 0.998139 -0.0270258 -8.42229 -0.954777 0.0443227 -0.294 98.5986
-0.295626 0.0409624 0.954425 132.634 0.0579266 0.998011 -0.0248907 -8.45621 -0.953546 0.0479282 -0.297411 98.4037
-0.294773 0.0450955 0.954502 133.29 0.0591102 0.997833 -0.0288881 -8.50165 -0.953737 0.0479054 -0.2968 98.1954
-0.292524 0.0479845 0.955053 133.933 0.0582038 0.997782 -0.032304 -8.53481 -0.954485 0.0461381 -0.294669 97.9994
-0.293402 0.0482835 0.954769 134.575 0.0606181 0.997654 -0.0318242 -8.56767 -0.954065 0.048539 -0.29564 97.808
-0.290458 0.0466468 0.95575 135.227 0.0618879 0.997636 -0.029883 -8.60119 -0.954884 0.0504696 -0.292658 97.6034
-0.288076 0.0439241 0.9566 135.874 0.0633769 0.997632 -0.0267225 -8.63852 -0.955508 0.0529282 -0.290177 97.4046
-0.286602 0.0448075 0.957001 136.518 0.0665082 0.997426 -0.0267824 -8.67164 -0.955738 0.0559725 -0.288845 97.2169
-0.285336 0.0468977 0.957279 137.138 0.0674935 0.997306 -0.0287408 -8.70658 -0.956048 0.0564094 -0.287732 97.0408
-0.280435 0.0484437 0.95865 137.764 0.0676628 0.997239 -0.0306003 -8.74064 -0.957485 0.0562835 -0.282939 96.852
-0.275006 0.0473715 0.960275 138.391 0.068502 0.997212 -0.0295759 -8.77447 -0.958999 0.0576472 -0.277485 96.6637
-0.270072 0.0451417 0.961781 139.003 0.0690807 0.997235 -0.0274076 -8.80403 -0.960359 0.0590385 -0.272444 96.4982
-0.26557 0.0432117 0.963123 139.595 0.0693425 0.997264 -0.0256231 -8.84125 -0.961595 0.0599807 -0.267839 96.3359
-0.261742 0.0428166 0.964188 140.21 0.0698916 0.997233 -0.025311 -8.8744 -0.962604 0.0607637 -0.264011 96.1738
-0.258639 0.0410192 0.965103 140.806 0.0700349 0.997265 -0.0236174 -8.90635 -0.963432 0.0614825 -0.260805 96.0188
-0.254324 0.0395573 0.96631 141.413 0.0723475 0.997142 -0.0217783 -8.93075 -0.964409 0.0643714 -0.256459 95.8503
-0.251307 0.0376267 0.967176 141.994 0.0739654 0.997069 -0.0195707 -8.96118 -0.965077 0.0666193 -0.253353 95.7019
-0.2487 0.0364308 0.967895 142.598 0.0725858 0.997183 -0.0188823 -8.99078 -0.965857 0.0655594 -0.250644 95.5593
-0.243958 0.0372043 0.969072 143.19 0.0707813 0.997282 -0.0204686 -9.01777 -0.967199 0.0635987 -0.245928 95.4148
-0.239463 0.0405822 0.970057 143.756 0.0721279 0.997109 -0.0239088 -9.04576 -0.968223 0.0642429 -0.241697 95.2828
-0.232748 0.043304 0.971572 144.348 0.0726344 0.996992 -0.0270368 -9.07685 -0.969821 0.0642769 -0.235194 95.1293
-0.226819 0.0442174 0.972933 144.914 0.0707972 0.997075 -0.0288097 -9.10466 -0.97136 0.0623464 -0.229286 95.0044
-0.218367 0.0426235 0.974935 145.487 0.0683952 0.997257 -0.0282802 -9.13748 -0.973467 0.0605055 -0.220683 94.8917
-0.205893 0.0410635 0.977712 146.072 0.0671878 0.997355 -0.0277396 -9.16479 -0.976265 0.0599789 -0.208108 94.7696
-0.195408 0.0397081 0.979918 146.641 0.0674706 0.997357 -0.0269603 -9.19594 -0.978398 0.0608474 -0.197571 94.671
-0.181839 0.0380812 0.982591 147.201 0.0679085 0.99735 -0.026086 -9.22595 -0.980981 0.0619828 -0.183944 94.5723
