1.000000000 0.000000000 0.000000000 0.000000000 0.000000000 1.000000000 0.000000000 0.000000000 0.000000000 0.000000000 1.000000000 0.000000000
0.999996781 -0.001722087 -0.001859117 0.005833932 0.001720328 0.999998033 -0.000947018 -0.008867191 0.001860744 0.000943817 0.999997795 0.544317126
0.999994218 -0.002377901 -0.002423117 -0.009588171 0.002372583 0.999994755 -0.002195268 -0.022444924 0.002428325 0.002189507 0.999994576 1.079746485
0.999985516 -0.002663762 -0.004679521 -0.004922294 0.002645189 0.999988616 -0.003970801 -0.028685613 0.004690045 0.003958366 0.999981165 1.630178452
0.999967217 -0.004578298 -0.006674527 -0.006842802 0.004541776 0.999974668 -0.005476887 -0.044523578 0.006699432 0.005446394 0.999962747 2.146752357
0.999947369 -0.006536194 -0.007904820 -0.014583936 0.006473882 0.999947906 -0.007882744 -0.050500743 0.007955932 0.007831154 0.999937713 2.687602758
0.999934256 -0.007569420 -0.008607513 -0.032346349 0.007497921 0.999937356 -0.008308661 -0.064390674 0.008669866 0.008243578 0.999928415 3.236573458
0.999911964 -0.008130208 -0.010485656 -0.033398241 0.008051376 0.999939084 -0.007538734 -0.080184743 0.010546308 0.007453646 0.999916613 3.804016590
0.999890506 -0.008658674 -0.011998957 -0.034278929 0.008565541 0.999932945 -0.007791491 -0.095636532 0.012065619 0.007687861 0.999897659 4.369707108
0.999893844 -0.007965798 -0.012199052 -0.054756224 0.007837067 0.999913454 -0.010564303 -0.111236095 0.012282152 0.010467578 0.999869764 4.935237885
0.999876916 -0.006142781 -0.014438599 -0.061001658 0.005934178 0.999878049 -0.014446307 -0.126970530 0.014525581 0.014358847 0.999791384 5.529994011
0.999867678 -0.004736750 -0.015565960 -0.070780873 0.004445731 0.999815702 -0.018677587 -0.135011896 0.015651561 0.018605910 0.999704361 6.113717079
0.999868512 -0.002778040 -0.015982335 -0.099815965 0.002488833 0.999833286 -0.018086934 -0.152065232 0.016029917 0.018044777 0.999708652 6.713207722
0.999827802 -0.001117774 -0.018522184 -0.095622964 0.000908513 0.999935627 -0.011302457 -0.158871710 0.018533627 0.011283683 0.999764562 7.337054253
0.999805272 -0.000288253 -0.019728139 -0.101718619 0.000265334 0.999999285 -0.001164366 -0.165843710 0.019728458 0.001158902 0.999804795 7.995202065
0.999783933 0.000702413 -0.020772269 -0.110837162 -0.000580758 0.999982595 0.005862067 -0.185779825 0.020776024 -0.005848738 0.999767125 8.632075310
0.999757707 0.003306950 -0.021761162 -0.129883915 -0.003194428 0.999981344 0.005203506 -0.203979105 0.021777961 -0.005132732 0.999749660 9.284570694
0.999720812 0.005304534 -0.023023443 -0.137744427 -0.005347208 0.999984145 -0.001792352 -0.215395093 0.023013573 0.001914962 0.999733388 9.956985474
0.999721944 0.004836012 -0.023076089 -0.181395993 -0.005027566 0.999953270 -0.008250168 -0.205387771 0.023035116 0.008363890 0.999699652 10.629141808
0.999691784 0.002810311 -0.024664819 -0.188057005 -0.002978588 0.999972582 -0.006788461 -0.206680655 0.024645064 0.006859834 0.999672711 11.346135139
0.999672830 0.001920199 -0.025510980 -0.207580358 -0.001856904 0.999995112 0.002504548 -0.218012109 0.025515672 -0.002456357 0.999671400 12.086636543
0.999656737 0.001164985 -0.026171267 -0.221509472 -0.000911396 0.999952555 0.009699423 -0.218500942 0.026181325 -0.009672241 0.999610424 12.845594406
0.999645352 0.000352795 -0.026627410 -0.245029718 -0.000025797 0.999924541 0.012279851 -0.222735405 0.026629739 -0.012274809 0.999569952 13.614736557
0.999625027 -0.002385968 -0.027277991 -0.253101885 0.002684634 0.999936759 0.010917615 -0.213748291 0.027250221 -0.010986754 0.999568224 14.401808739
0.999635994 -0.002341399 -0.026874468 -0.273846686 0.002578761 0.999957919 0.008800979 -0.219994485 0.026852729 -0.008867078 0.999600172 15.183922768
0.999642968 0.000020192 -0.026716610 -0.293658316 0.000127877 0.999984562 0.005540523 -0.219057053 0.026716311 -0.005541964 0.999627650 16.005411148
0.999671340 -0.002811286 -0.025482979 -0.316444874 0.002808329 0.999996006 -0.000151852 -0.224615872 0.025483308 0.000080236 0.999675214 16.826730728
0.999686956 -0.005982217 -0.024294205 -0.338124871 0.005836464 0.999964476 -0.006065961 -0.240915835 0.024329631 0.005922268 0.999686360 17.647970200
0.999721587 -0.005066231 -0.023046035 -0.367401600 0.004792427 0.999917388 -0.011920479 -0.241754800 0.023104528 0.011806712 0.999663234 18.524456024
0.999705195 -0.004250431 -0.023905663 -0.379311442 0.003938483 0.999906659 -0.013081101 -0.252686203 0.023959028 0.012983092 0.999628603 19.405321121
0.999683321 -0.004172748 -0.024818406 -0.390352905 0.003859504 0.999912381 -0.012656022 -0.269296706 0.024869045 0.012556228 0.999611795 20.304580688
0.999694288 -0.002586356 -0.024587518 -0.425524265 0.002233550 0.999894321 -0.014365622 -0.290077120 0.024622073 0.014306313 0.999594390 21.232872009
0.999672532 -0.000546708 -0.025583845 -0.428984582 0.000122080 0.999862254 -0.016596127 -0.309203237 0.025589397 0.016587568 0.999534905 22.146371841
0.999714792 0.003932766 -0.023555169 -0.509128094 -0.004331287 0.999847889 -0.016891519 -0.340933025 0.023485156 0.016988719 0.999579847 23.061845779
0.999713361 0.005883975 -0.023203855 -0.542839766 -0.006279276 0.999835670 -0.017000103 -0.364371717 0.023100015 0.017140940 0.999586225 24.011989594
0.999687731 0.006133659 -0.024221832 -0.551745415 -0.006552038 0.999829948 -0.017231368 -0.390355080 0.024112022 0.017384689 0.999558091 24.967584610
0.999682367 0.006431834 -0.024370534 -0.577742517 -0.006844217 0.999834120 -0.016875869 -0.422200590 0.024257952 0.017037304 0.999560595 25.935276031
0.999663353 0.006500440 -0.025115637 -0.603856146 -0.006890872 0.999856293 -0.015490257 -0.456259757 0.025011335 0.015658116 0.999564528 26.899427414
0.999649167 0.007348649 -0.025447495 -0.636315763 -0.007699833 0.999876082 -0.013729990 -0.479585379 0.025343444 0.013921116 0.999581933 27.876615524
0.999639869 0.008557193 -0.025431586 -0.670846164 -0.008886437 0.999877810 -0.012861584 -0.501007378 0.025318416 0.013082949 0.999593854 28.867597580
0.999628842 0.007184280 -0.026277808 -0.689866722 -0.007535144 0.999883413 -0.013277584 -0.540466487 0.026179351 0.013470661 0.999566495 29.880464554
0.999610841 0.009490584 -0.026236840 -0.716571331 -0.009875402 0.999844968 -0.014576604 -0.558811486 0.026094427 0.014830028 0.999549568 30.862455368
0.999608338 0.009269592 -0.026405616 -0.751289368 -0.009636668 0.999858201 -0.013808237 -0.581740499 0.026273875 0.014057291 0.999555945 31.856380463
0.999590516 0.007755628 -0.027546648 -0.770905316 -0.008075278 0.999901056 -0.011511725 -0.607257962 0.027454644 0.011729458 0.999554157 32.869426727
0.999589145 0.009064461 -0.027191928 -0.807987213 -0.009275475 0.999927700 -0.007644095 -0.631835341 0.027120674 0.007893171 0.999600947 33.878864288
0.999568164 0.009017976 -0.027972354 -0.839961231 -0.009163301 0.999945104 -0.005071403 -0.658236027 0.027925085 0.005325531 0.999595821 34.916118622
0.999541938 0.008986268 -0.028904166 -0.865034580 -0.009122672 0.999947846 -0.004590765 -0.676768005 0.028861411 0.004852344 0.999571562 35.949085236
0.999547601 0.008385830 -0.028887769 -0.901923478 -0.008562163 0.999945462 -0.005985777 -0.701119542 0.028836001 0.006230411 0.999564648 37.019737244
0.999515533 0.010410685 -0.029332843 -0.949932277 -0.010615548 0.999920309 -0.006837067 -0.714793324 0.029259326 0.007145138 0.999546289 38.060104370
0.999513209 0.009237324 -0.029799733 -0.985517740 -0.009414759 0.999938726 -0.005819437 -0.729950070 0.029744152 0.006097163 0.999538958 39.070327759
0.999503553 0.009457504 -0.030053377 -1.029970407 -0.009591993 0.999944568 -0.004334024 -0.747269154 0.030010721 0.004620144 0.999538898 40.117321014
0.999458134 0.009150252 -0.031618021 -1.048016787 -0.009187914 0.999957204 -0.001046158 -0.776774049 0.031607099 0.001336095 0.999499500 41.167991638
0.999424219 0.009009656 -0.032711145 -1.075502992 -0.009050208 0.999958456 -0.001091793 -0.799758136 0.032699954 0.001387207 0.999464214 42.209251404
0.999411285 0.010444208 -0.032680966 -1.117814779 -0.010604692 0.999932528 -0.004741112 -0.824330091 0.032629240 0.005084893 0.999454677 43.232856750
0.999405742 0.011570350 -0.032470129 -1.160199881 -0.011846817 0.999895036 -0.008335048 -0.852426767 0.032370284 0.008714763 0.999437988 44.308734894
0.999374449 0.011758956 -0.033352531 -1.179907560 -0.012080804 0.999882162 -0.009464826 -0.865057170 0.033237312 0.009861832 0.999398828 45.287460327
0.999394357 0.012732401 -0.032381691 -1.231133938 -0.012961739 0.999892294 -0.006882297 -0.886339307 0.032290574 0.007297853 0.999451876 46.322055817
0.999381602 0.012012570 -0.033044409 -1.245201349 -0.012177799 0.999914348 -0.004803465 -0.908877850 0.032983869 0.005202903 0.999442339 47.364830017
0.999364138 0.011293096 -0.033820022 -1.270132184 -0.011407565 0.999929845 -0.003193596 -0.939577699 0.033781581 0.003577369 0.999422848 48.433410645
0.999415636 0.011221049 -0.032290325 -1.324842453 -0.011361168 0.999926865 -0.004159114 -0.960274041 0.032241289 0.004523539 0.999469995 49.479766846
0.999404430 0.009852242 -0.033070724 -1.338551760 -0.010060252 0.999930620 -0.006129304 -0.980116725 0.033008043 0.006458354 0.999434292 50.530315399
0.999428391 0.009546797 -0.032428596 -1.388468504 -0.009818143 0.999918044 -0.008218602 -1.002937317 0.032347471 0.008532293 0.999440253 51.608425140
0.999449432 0.008868136 -0.031970955 -1.445577979 -0.009220466 0.999898195 -0.010889704 -1.027900815 0.031871125 0.011178495 0.999429405 52.659053802
0.999476790 0.007340437 -0.031499416 -1.486504912 -0.007795282 0.999866784 -0.014341355 -1.055484414 0.031389952 0.014579399 0.999400914 53.700729370
0.999512017 0.005607558 -0.030727658 -1.527141690 -0.006107332 0.999850154 -0.016195022 -1.084692121 0.030632246 0.016374784 0.999396563 54.743854523
0.999503076 0.005118812 -0.031102795 -1.554014087 -0.005552704 0.999888301 -0.013879902 -1.119795322 0.031028276 0.014045708 0.999419808 55.773250580
0.999486864 0.003508533 -0.031839259 -1.577461839 -0.003760799 0.999961972 -0.007866654 -1.150442243 0.031810448 0.007982358 0.999462068 56.838088989
0.999513328 0.002193407 -0.031115012 -1.619083405 -0.002252630 0.999995768 -0.001868432 -1.174051404 0.031110782 0.001937613 0.999514043 57.878196716
0.999483883 -0.000091433 -0.032125298 -1.626754165 0.000075070 0.999999881 -0.000510563 -1.200559258 0.032125339 0.000507889 0.999483705 58.926364899
0.999498725 -0.002961674 -0.031520776 -1.669225693 0.002816321 0.999985218 -0.004654724 -1.209846497 0.031534094 0.004563618 0.999492228 59.987552643
0.999470353 -0.004756287 -0.032192945 -1.689972401 0.004502388 0.999958217 -0.007954696 -1.230171561 0.032229438 0.007805538 0.999450028 60.998512268
0.999534190 -0.002119623 -0.030448647 -1.761970401 0.001758584 0.999927938 -0.011879202 -1.261207342 0.030471638 0.011820121 0.999465704 62.038623810
0.999501407 -0.002725577 -0.031457283 -1.783666253 0.002232755 0.999874413 -0.015690876 -1.297245979 0.031496100 0.015612816 0.999381900 63.130729675
0.999535441 0.000853165 -0.030465780 -1.825937390 -0.001366100 0.999857605 -0.016819600 -1.318809509 0.030447096 0.016853409 0.999394238 64.173713684
0.999574065 0.004328605 -0.028860655 -1.881697536 -0.004702762 0.999905646 -0.012909003 -1.356637239 0.028802056 0.013039228 0.999500036 65.235778809
0.999531269 0.005259997 -0.030159235 -1.901238680 -0.005591592 0.999924719 -0.010921004 -1.389400244 0.030099520 0.011084522 0.999485433 66.292327881
0.999530137 0.004891576 -0.030260412 -1.933058739 -0.005212396 0.999930918 -0.010532185 -1.409728527 0.030206801 0.010684968 0.999486566 67.341705322
0.999523342 0.003829911 -0.030633373 -1.960622191 -0.004122234 0.999946535 -0.009485181 -1.444590449 0.030595409 0.009606939 0.999485672 68.419654846
0.999531627 0.003570311 -0.030391959 -2.000302792 -0.003816575 0.999960303 -0.008048762 -1.468747616 0.030362016 0.008160983 0.999505639 69.428504944
0.999523818 0.001747643 -0.030807298 -2.032269955 -0.001953457 0.999975979 -0.006651881 -1.486107111 0.030794932 0.006708892 0.999503195 70.486938477
0.999495387 0.000674611 -0.031755242 -2.062852383 -0.000823474 0.999988675 -0.004674982 -1.516688943 0.031751726 0.004698773 0.999484718 71.520477295
0.999480486 0.000228666 -0.032229844 -2.101403475 -0.000424890 0.999981463 -0.006081547 -1.540519476 0.032227851 0.006092081 0.999461949 72.558242798
0.999470830 0.000690782 -0.032520663 -2.141864061 -0.001001627 0.999953985 -0.009543050 -1.574861765 0.032512575 0.009570573 0.999425471 73.580467224
0.999446392 0.000918598 -0.033256326 -2.184887409 -0.001305891 0.999931574 -0.011625835 -1.601688385 0.033243380 0.011662829 0.999379158 74.662445068
0.999419034 0.003063385 -0.033945091 -2.231887341 -0.003406107 0.999943793 -0.010043127 -1.628003240 0.033912417 0.010152910 0.999373257 75.681343079
0.999415576 0.004338693 -0.033906564 -2.287124872 -0.004551350 0.999970436 -0.006197176 -1.649803877 0.033878680 0.006347874 0.999405742 76.715011597
0.999362648 0.005095133 -0.035331979 -2.305705786 -0.005178201 0.999984026 -0.002259955 -1.674200416 0.035319895 0.002441470 0.999373198 77.767593384
0.999342740 0.006626923 -0.035637047 -2.353397369 -0.006684611 0.999976516 -0.001499871 -1.695574403 0.035626262 0.001737105 0.999363661 78.796157837
0.999318123 0.006415280 -0.036363561 -2.391374826 -0.006553191 0.999971807 -0.003674648 -1.719703794 0.036338963 0.003910440 0.999331832 79.824089050
0.999310374 0.005694957 -0.036692809 -2.434273243 -0.005843402 0.999975085 -0.003939643 -1.751906395 0.036669463 0.004151336 0.999318779 80.826995850
0.999277115 0.004907789 -0.037699725 -2.462607861 -0.005062154 0.999979198 -0.004000236 -1.774648547 0.037679300 0.004188185 0.999281168 81.841491699
0.999289036 0.004045047 -0.037485022 -2.523140669 -0.004168089 0.999986112 -0.003204884 -1.806712508 0.037471540 0.003358846 0.999292076 82.834304810
0.999225914 0.002222354 -0.039276473 -2.545699120 -0.002315162 0.999994636 -0.002317606 -1.828414440 0.039271124 0.002406743 0.999225616 83.814376831
0.999184966 0.002412288 -0.040293429 -2.580836058 -0.002418312 0.999997079 -0.000100756 -1.844781756 0.040293068 0.000198116 0.999187887 84.785484314
0.999165654 0.002031100 -0.040793434 -2.629200935 -0.001982381 0.999997258 0.001234723 -1.874031544 0.040795837 -0.001152824 0.999166846 85.704399109
0.999068022 0.001005564 -0.043152582 -2.668794870 -0.000942653 0.999998391 0.001478197 -1.893949986 0.043154001 -0.001436141 0.999067485 86.628364563
0.998918414 0.000604220 -0.046493139 -2.711503029 -0.000554877 0.999999225 0.001074179 -1.922721744 0.046493754 -0.001047219 0.998918116 87.526054382
0.998794019 0.000186230 -0.049098507 -2.773462534 -0.000188392 1.000000000 -0.000039401 -1.931473970 0.049098495 0.000048603 0.998793960 88.399147034
0.998615980 -0.000062721 -0.052593391 -2.820055485 0.000083130 0.999999940 0.000385881 -1.953651667 0.052593354 -0.000389719 0.998615921 89.257667542
0.998399436 0.001223304 -0.056543276 -2.851302862 -0.001171702 0.999998868 0.000945748 -1.961333275 0.056544363 -0.000877983 0.998399734 90.118896484
0.998293757 0.002219673 -0.058349539 -2.925134182 -0.002105832 0.999995768 0.002012443 -1.981760144 0.058353752 -0.001886135 0.998294175 90.892593384
0.998110890 0.003492021 -0.061338142 -2.977276802 -0.003279043 0.999988317 0.003572512 -1.997321367 0.061349902 -0.003364632 0.998110592 91.678215027
0.997928023 0.004192428 -0.064203374 -3.035708904 -0.003924677 0.999983072 0.004295901 -2.013759613 0.064220279 -0.004035023 0.997927606 92.426994324
0.997748911 0.006135287 -0.066779114 -3.084512949 -0.005821650 0.999971092 0.004890223 -2.029392719 0.066807181 -0.004490449 0.997755885 93.165107727
0.997565031 0.007696053 -0.069317013 -3.147845745 -0.007468090 0.999965847 0.003547275 -2.042484522 0.069341958 -0.003020972 0.997588396 93.877868652
0.997357726 0.009061445 -0.072080433 -3.208510876 -0.009095758 0.999958575 -0.000147788 -2.059439182 0.072076112 0.000803024 0.997398794 94.559318542
0.997072875 0.012079886 -0.075496569 -3.241822720 -0.012446701 0.999912858 -0.004390029 -2.070610285 0.075436972 0.005316862 0.997136354 95.163757324
0.996881127 0.013873179 -0.077687308 -3.289515495 -0.014477157 0.999869108 -0.007216671 -2.081880093 0.077577032 0.008318854 0.996951699 95.781761169
0.996806502 0.015909871 -0.078254305 -3.351469040 -0.016626759 0.999825478 -0.008517955 -2.092514992 0.078105137 0.009791866 0.996897101 96.364318848
0.996781886 0.017826436 -0.078155085 -3.382166386 -0.018464094 0.999801755 -0.007443781 -2.122422934 0.078006908 0.008862888 0.996913433 96.945457458
0.997010231 0.022032881 -0.074062333 -3.457328558 -0.022539694 0.999727845 -0.006014103 -2.135776281 0.073909670 0.007665463 0.997235537 97.492172241
0.997363746 0.024772542 -0.068204962 -3.503787041 -0.025101162 0.999677002 -0.003965234 -2.161425829 0.068084687 0.005666805 0.997663438 98.009307861
0.997838318 0.025833933 -0.060425565 -3.540563345 -0.026033258 0.999657869 -0.002513647 -2.166660070 0.060339961 0.004081288 0.998169541 98.517501831
0.998405039 0.025756275 -0.050239556 -3.565080166 -0.025757311 0.999668002 0.000626886 -2.188651323 0.050239030 0.000668150 0.998736978 98.992340088
0.998924017 0.024864750 -0.039150648 -3.561799288 -0.024845628 0.999690890 0.000974968 -2.190263510 0.039162785 -0.000001196 0.999232829 99.457092285
0.999378085 0.023990680 -0.025846865 -3.570937157 -0.023956936 0.999711752 0.001614495 -2.208486080 0.025878146 -0.000994279 0.999664605 99.887702942
0.999662936 0.024101073 -0.009652846 -3.578624249 -0.024097323 0.999709487 0.000504536 -2.215144873 0.009662207 -0.000271759 0.999953270 100.304389954
0.999715149 0.022884058 0.006780722 -3.545558453 -0.022869004 0.999735773 -0.002289092 -2.230695248 -0.006831315 0.002133372 0.999974370 100.688964844
0.999361575 0.022267602 0.027939117 -3.518954277 -0.022082334 0.999732137 -0.006922320 -2.242083073 -0.028085778 0.006300940 0.999585629 101.089797974
0.998420835 0.020277515 0.052388284 -3.481889248 -0.019668704 0.999733210 -0.012110752 -2.245662212 -0.052619878 0.011061219 0.998553336 101.483322144
0.996605873 0.018302966 0.080261379 -3.442310333 -0.017143801 0.999738812 -0.015107862 -2.250872135 -0.080516934 0.013680597 0.996659338 101.854995728
0.993907154 0.015142428 0.109175511 -3.360116005 -0.013537393 0.999789357 -0.015427701 -2.276984692 -0.109386124 0.013855750 0.993902743 102.238525391
0.989579737 0.013039986 0.143394068 -3.297096252 -0.010589343 0.999784768 -0.017840223 -2.282975674 -0.143595845 0.016135873 0.989504874 102.623550415
0.984038651 0.010382060 0.177651778 -3.191211700 -0.007115926 0.999793887 -0.019012339 -2.303861380 -0.177812546 0.017444722 0.983909667 102.967163086
0.976494372 0.006817695 0.215434819 -3.076864243 -0.002723409 0.999810219 -0.019295895 -2.314696789 -0.215525448 0.018255619 0.976327538 103.296699524
0.966712117 0.004988539 0.255817920 -2.956565857 0.000247239 0.999791265 -0.020430569 -2.325541496 -0.255866468 0.019813726 0.966508985 103.640792847
0.954342961 0.005658511 0.298659503 -2.843326569 0.000756925 0.999771595 -0.021360725 -2.341072321 -0.298712134 0.020611525 0.954120636 103.967468262
0.939463377 0.007798845 0.342560530 -2.701801300 -0.000529404 0.999772847 -0.021309271 -2.359597206 -0.342648923 0.019837929 0.939254045 104.274879456
0.922084570 0.008027843 0.386905015 -2.543605804 -0.000402340 0.999804139 -0.019785941 -2.370653152 -0.386988133 0.018088641 0.921907246 104.570732117
0.901787877 0.007458911 0.432114482 -2.385696411 0.000407887 0.999835968 -0.018109813 -2.390928268 -0.432178736 0.016507467 0.901636839 104.850433350
0.879353404 0.006043509 0.476131320 -2.191452026 0.003258991 0.999819696 -0.018709594 -2.401124477 -0.476158559 0.018004052 0.879175067 105.115943909
0.853691459 0.006796025 0.520734668 -1.995033264 0.004370618 0.999786198 -0.020213230 -2.419746399 -0.520760775 0.019531790 0.853479147 105.399993896
0.827225626 0.008825433 0.561800539 -1.776069641 0.005343827 0.999707818 -0.023573147 -2.437011242 -0.561844349 0.022502476 0.826936781 105.655326843
0.796346009 0.013496691 0.604690790 -1.546081543 0.004366716 0.999596596 -0.028061723 -2.447354317 -0.604825616 0.024987351 0.795965791 105.921928406
0.762500584 0.020015961 0.646677792 -1.316040039 0.000367147 0.999507725 -0.031369649 -2.463891506 -0.646987438 0.024156801 0.762117863 106.161758423
0.726013362 0.024730388 0.687235832 -1.047084808 -0.001473092 0.999406874 -0.034407750 -2.467785358 -0.687679052 0.023968123 0.725619078 106.396835327
0.688184381 0.024375442 0.725126266 -0.760650635 0.001533265 0.999384403 -0.035049908 -2.482666969 -0.725534141 0.025232607 0.687723398 106.587104797
0.646578968 0.022460416 0.762516439 -0.439453125 0.006277522 0.999375939 -0.034760315 -2.484794617 -0.762821317 0.027261999 0.646034300 106.835220337
0.602927089 0.020277502 0.797538519 -0.164909363 0.007261754 0.999496043 -0.030902073 -2.500774384 -0.797763109 0.024423221 0.602476001 106.988647461
0.555891871 0.019074434 0.831035793 0.172187805 0.008486615 0.999554396 -0.028619191 -2.506345749 -0.831211448 0.022961855 0.555482149 107.192047119
0.508786678 0.016489372 0.860734820 0.485637665 0.009788898 0.999641120 -0.024936734 -2.522215605 -0.860836983 0.021113120 0.508442581 107.321983337
0.457722485 0.013406903 0.888994098 0.826011658 0.012489439 0.999690711 -0.021506837 -2.524076700 -0.889007509 0.020947199 0.457413375 107.474029541
0.406495005 0.012847492 0.913562655 1.185165405 0.009641855 0.999785066 -0.018350245 -2.551257610 -0.913602114 0.016267721 0.406283796 107.589179993
0.354955554 0.017553005 0.934718370 1.559497833 0.006151752 0.999758244 -0.021110484 -2.566238403 -0.934862912 0.013243440 0.354761779 107.715873718
0.305385470 0.022819702 0.951955259 1.922094345 0.005727673 0.999650598 -0.025800453 -2.574280977 -0.952211499 0.013331573 0.305148065 107.791770935
0.258721799 0.024878055 0.965631425 2.309675217 0.007560010 0.999585450 -0.027778387 -2.585656643 -0.965922296 0.014487054 0.258426487 107.861099243
0.218290925 0.024213143 0.975583315 2.692150116 0.014693428 0.999497235 -0.028094381 -2.605540276 -0.975773096 0.020467414 0.217825443 107.902893066
0.182881743 0.024001425 0.982841969 3.091316223 0.022334361 0.999342442 -0.028560232 -2.621407509 -0.982881129 0.027174292 0.182225481 107.946113586
0.152374446 0.025935892 0.987982452 3.574436188 0.026190629 0.999198496 -0.030269654 -2.625745296 -0.987975776 0.030488199 0.151573062 108.004760742
0.124644145 0.024836875 0.991890609 4.027764320 0.024644824 0.999300659 -0.028119374 -2.633686781 -0.991895437 0.027949885 0.123944901 108.043029785
0.098854437 0.021029938 0.994879663 4.488318443 0.017942419 0.999576509 -0.022912040 -2.655758619 -0.994940162 0.020115502 0.098435253 108.090446472
0.074920192 0.016968532 0.997045159 5.002497673 0.013437509 0.999747157 -0.018024243 -2.665057421 -0.997099102 0.014748179 0.074673243 108.128730774
0.051272936 0.014683783 0.998576760 5.527330875 0.018780272 0.999700904 -0.015664609 -2.674596548 -0.998508155 0.019556710 0.050981849 108.169898987
0.032547832 0.015043956 0.999356925 6.045382500 0.025780970 0.999541402 -0.015886389 -2.700312138 -0.999137700 0.026281459 0.032145061 108.125137329
0.015047482 0.018123632 0.999722540 6.592606068 0.030773073 0.999353647 -0.018580133 -2.704015255 -0.999413133 0.031044116 0.014480036 108.135871887
0.001400026 0.023664724 0.999718964 7.164240360 0.031452343 0.999224246 -0.023697058 -2.712120771 -0.999504268 0.031476680 0.000654630 108.117813110
-0.010061734 0.028383497 0.999546528 7.715999603 0.030574307 0.999138534 -0.028064135 -2.715611935 -0.999481857 0.030278070 -0.010920869 108.127265930
-0.016908821 0.028070986 0.999462962 8.341676712 0.031220110 0.999133289 -0.027533546 -2.740197897 -0.999369442 0.030737787 -0.017770540 108.127525330
-0.019199794 0.024386579 0.999518216 8.956691742 0.037006177 0.999034822 -0.023663934 -2.769134521 -0.999130547 0.036534000 -0.020083718 108.096931458
-0.018357646 0.022810146 0.999571204 9.598030090 0.038553212 0.999012411 -0.022089342 -2.789193869 -0.999087930 0.038131163 -0.019218916 108.070327759
-0.017878646 0.022400461 0.999589205 10.233916283 0.037235964 0.999070346 -0.021722833 -2.808939219 -0.999146581 0.036832292 -0.018696126 108.097488403
-0.016269311 0.022715224 0.999609590 10.884469032 0.033457156 0.999194443 -0.022161253 -2.830535889 -0.999307692 0.033083539 -0.017016187 108.092666626
-0.014307828 0.024071170 0.999607861 11.571613312 0.032712258 0.999186337 -0.023592791 -2.847622871 -0.999362409 0.032361876 -0.015083608 108.072250366
-0.012941048 0.025037963 0.999602735 12.266947746 0.032282911 0.999175668 -0.024609327 -2.866632462 -0.999395013 0.031951610 -0.013738681 108.054870605
-0.012266329 0.024704581 0.999619544 12.985393524 0.031147841 0.999219120 -0.024312470 -2.890569210 -0.999439478 0.030837765 -0.013026243 108.053924561
-0.011930393 0.023001783 0.999664247 13.688776016 0.030785136 0.999269903 -0.022625307 -2.920133352 -0.999454796 0.030504869 -0.012629796 108.051017761
-0.011805655 0.021779560 0.999693096 14.465877533 0.030923549 0.999292433 -0.021405645 -2.945357561 -0.999452055 0.030661345 -0.012470805 108.052803040
-0.012242254 0.019774614 0.999729514 15.222657204 0.031597111 0.999312758 -0.019379441 -2.963834286 -0.999425709 0.031351324 -0.012858662 108.040069580
-0.013017602 0.017707426 0.999758422 15.995308876 0.029269366 0.999421418 -0.017320348 -2.996501684 -0.999486804 0.029036826 -0.013528355 108.029212952
-0.014162203 0.017037390 0.999754608 16.765583038 0.027742324 0.999476552 -0.016639663 -3.008899689 -0.999514818 0.027499864 -0.014627450 108.026184082
-0.016195551 0.014587863 0.999762356 17.529941559 0.030751934 0.999427736 -0.014084818 -3.032746315 -0.999395788 0.030516515 -0.016634889 108.026695251
-0.017506991 0.012811565 0.999764621 18.314579010 0.031956874 0.999414146 -0.012247474 -3.056682110 -0.999335825 0.031734943 -0.017906154 108.009239197
-0.018966936 0.012008929 0.999748051 19.110185623 0.029172195 0.999508798 -0.011452610 -3.078519106 -0.999394417 0.028947625 -0.019307949 107.991500854
-0.019395467 0.016913572 0.999668837 19.888362885 0.026730793 0.999508202 -0.016392229 -3.095679045 -0.999454439 0.026404005 -0.019838044 107.982788086
-0.019709613 0.021432608 0.999575973 20.682430267 0.028030986 0.999389112 -0.020875886 -3.119050264 -0.999412656 0.027607646 -0.020298347 107.957450867
-0.021314930 0.022689410 0.999515295 21.518945694 0.028335979 0.999354482 -0.022081487 -3.151554585 -0.999371171 0.027851580 -0.021944100 107.946914673
-0.022371218 0.020764705 0.999534070 22.331451416 0.024758581 0.999489188 -0.020209633 -3.180215597 -0.999443114 0.024294928 -0.022873893 107.931831360
-0.023579415 0.016640473 0.999583483 23.110483170 0.021186115 0.999645174 -0.016141739 -3.204740524 -0.999497473 0.020796683 -0.023923596 107.927177429
-0.024370529 0.011416787 0.999637783 23.926429749 0.019006191 0.999759257 -0.010954818 -3.227999210 -0.999522328 0.018732332 -0.024581654 107.915802002
-0.024038212 0.006138361 0.999692261 24.742359161 0.016326750 0.999850094 -0.005746745 -3.246300459 -0.999577761 0.016183583 -0.024134832 107.892585754
-0.023761854 0.004344164 0.999708354 25.529867172 0.013335261 0.999902964 -0.004028048 -3.271254063 -0.999628723 0.013235655 -0.023817481 107.880981445
-0.022414839 0.011610384 0.999681354 26.331241608 0.016664598 0.999797940 -0.011238086 -3.290706396 -0.999609828 0.016407389 -0.022603793 107.857017517
-0.022427840 0.022690650 0.999490917 27.124759674 0.018571625 0.999579310 -0.022275925 -3.315726280 -0.999575973 0.018062571 -0.022839805 107.858253479
-0.021716014 0.027624857 0.999382436 27.911558151 0.020205336 0.999426126 -0.027187014 -3.346273184 -0.999559999 0.019602465 -0.022261718 107.850135803
-0.019701699 0.022123354 0.999561071 28.721456528 0.022188632 0.999518573 -0.021685069 -3.377502441 -0.999559641 0.021751661 -0.020183099 107.813247681
-0.019353816 0.014288795 0.999710560 29.546566010 0.025203716 0.999587059 -0.013799102 -3.405646563 -0.999494970 0.024929354 -0.019705957 107.800949097
-0.018445758 0.011758908 0.999760807 30.341833115 0.026351444 0.999589145 -0.011270702 -3.426407337 -0.999482512 0.026137242 -0.018748041 107.780448914
-0.018780671 0.012017875 0.999751389 31.103540421 0.024809597 0.999625444 -0.011550304 -3.455937147 -0.999515712 0.024586504 -0.019071797 107.775360107
-0.019275578 0.012642114 0.999734282 31.878364563 0.020960473 0.999705434 -0.012237617 -3.484437704 -0.999594450 0.020719010 -0.019534882 107.758369446
-0.021833954 0.012850821 0.999678969 32.670612335 0.019236498 0.999737680 -0.012431431 -3.506122112 -0.999576569 0.018958895 -0.022075426 107.752944946
-0.024234870 0.013049049 0.999621093 33.421520233 0.018526368 0.999748945 -0.012601563 -3.528457403 -0.999534607 0.018213952 -0.024470540 107.753303528
-0.025942493 0.012767117 0.999581933 34.199291229 0.016590081 0.999786258 -0.012339160 -3.556762934 -0.999525726 0.016263034 -0.026148753 107.727874756
-0.027523763 0.013975770 0.999523461 34.961669922 0.015977059 0.999780655 -0.013539409 -3.568008900 -0.999493420 0.015596787 -0.027741019 107.706359863
-0.030516095 0.012596097 0.999454856 35.744678497 0.013996474 0.999827862 -0.012173447 -3.600367308 -0.999436259 0.013617358 -0.030687144 107.699722290
-0.032989409 0.011375264 0.999391019 36.525665283 0.013915910 0.999843419 -0.010921057 -3.626671314 -0.999358773 0.013547155 -0.033142548 107.676025391
-0.034796100 0.011545095 0.999327660 37.268337250 0.014093093 0.999839485 -0.011060293 -3.645141363 -0.999295056 0.013698763 -0.034953225 107.653961182
-0.035963204 0.012684701 0.999272585 38.017227173 0.014121627 0.999826074 -0.012183495 -3.663104534 -0.999253273 0.013673197 -0.036136091 107.619987488
-0.037898742 0.012597052 0.999202132 38.759841919 0.013738928 0.999832630 -0.012083894 -3.691200733 -0.999187112 0.013270005 -0.038065463 107.611663818
-0.039088320 0.011394156 0.999170899 39.496627808 0.016060375 0.999812961 -0.010773186 -3.716102123 -0.999106646 0.015625954 -0.039264012 107.582824707
-0.040340774 0.010274106 0.999133170 40.239131927 0.015980292 0.999825835 -0.009636011 -3.741193295 -0.999058247 0.015577717 -0.040497936 107.547088623
-0.041590191 0.010191248 0.999082744 41.001354218 0.013692331 0.999859929 -0.009629184 -3.759124994 -0.999040902 0.013279292 -0.041723911 107.518524170
-0.043310113 0.009448314 0.999017000 41.683738708 0.013154307 0.999873996 -0.008886144 -3.780947208 -0.998975098 0.012756514 -0.043428943 107.504638672
-0.043704949 0.008747387 0.999006212 42.402309418 0.012855559 0.999883890 -0.008192659 -3.795814753 -0.998961806 0.012484723 -0.043812327 107.467262268
-0.043944914 0.008322227 0.998999298 43.087566376 0.012718465 0.999888897 -0.007770165 -3.817914963 -0.998952985 0.012364277 -0.044045880 107.430885315
-0.044841234 0.010911446 0.998934448 43.765171051 0.012673037 0.999866128 -0.010352740 -3.836189747 -0.998913765 0.012195307 -0.044973500 107.422843933
-0.044065736 0.013613855 0.998935938 44.442527771 0.013238445 0.999827325 -0.013042022 -3.859163046 -0.998940945 0.012649650 -0.044238351 107.377464294
-0.044719625 0.015986638 0.998871684 45.062061310 0.011273568 0.999816239 -0.015497041 -3.871358156 -0.998935938 0.010567825 -0.044891641 107.371322632
-0.044426054 0.016745143 0.998872399 45.703422546 0.012300558 0.999792933 -0.016213492 -3.896234512 -0.998936951 0.011566382 -0.044622824 107.333694458
-0.045353610 0.016431550 0.998835802 46.400264740 0.012393408 0.999797046 -0.015884619 -3.917921066 -0.998894036 0.011658556 -0.045548048 107.320953369
-0.045446578 0.016161788 0.998836100 47.072639465 0.013389271 0.999789238 -0.015568004 -3.938696861 -0.998876989 0.012666173 -0.045653399 107.279304504
-0.045798820 0.016214335 0.998819172 47.670101166 0.009146813 0.999833167 -0.015811389 -3.962168455 -0.998908758 0.008411870 -0.045939490 107.274452209
-0.044748414 0.016097508 0.998868585 48.319046021 0.007234488 0.999849081 -0.015789215 -3.993162632 -0.998972118 0.006519761 -0.044858120 107.222549438
-0.044722937 0.015754532 0.998875260 48.993709564 0.009670313 0.999835551 -0.015336706 -4.000156879 -0.998952687 0.008973532 -0.044867933 107.190834045
-0.046160422 0.014592461 0.998827577 49.592674255 0.008813476 0.999860346 -0.014200242 -4.030788898 -0.998895168 0.008147651 -0.046282589 107.182472229
-0.049434789 0.014015717 0.998678982 50.249954224 0.005978071 0.999887824 -0.013736766 -4.051223755 -0.998759449 0.005291099 -0.049513027 107.147415161
-0.055260167 0.013358274 0.998382568 50.879131317 0.001766435 0.999910235 -0.013280943 -4.075444221 -0.998470426 0.001029670 -0.055278804 107.136993408
-0.060717266 0.017248180 0.998005986 51.518844604 0.006093393 0.999838471 -0.016909136 -4.094389915 -0.998136401 0.005054566 -0.060812555 107.085472107
-0.066924505 0.020394519 0.997549593 52.164463043 0.008898469 0.999763608 -0.019842792 -4.109436035 -0.997718394 0.007548693 -0.067090154 107.029518127
-0.074738309 0.021615254 0.996968925 52.793594360 0.007596602 0.999748468 -0.021106035 -4.134642601 -0.997174263 0.005996147 -0.074883707 107.002853394
-0.080824003 0.020955682 0.996508062 53.443054199 0.003515292 0.999778748 -0.020739343 -4.154521465 -0.996722162 0.001826781 -0.080879800 106.946746826
-0.085194722 0.019927431 0.996165037 54.102745056 0.003398771 0.999799967 -0.019709472 -4.176054001 -0.996358514 0.001706593 -0.085245401 106.873977661
-0.091131411 0.020876601 0.995620012 54.764904022 0.001427925 0.999781966 -0.020833168 -4.194267273 -0.995837867 -0.000476886 -0.091141343 106.845329285
-0.095086753 0.019846007 0.995271146 55.434532166 -0.001173160 0.999798298 -0.020048359 -4.219109058 -0.995468318 -0.003073946 -0.095044278 106.782051086
-0.097569540 0.016360458 0.995094180 56.107444763 -0.000550202 0.999863803 -0.016492825 -4.242766857 -0.995228589 -0.002156700 -0.097547248 106.718597412
-0.098841034 0.013487912 0.995011806 56.747116089 0.001319682 0.999908984 -0.013423205 -4.261732578 -0.995102465 -0.000013664 -0.098849840 106.653518677
-0.100833885 0.011421720 0.994837701 57.469799042 0.002134762 0.999934256 -0.011263860 -4.275736332 -0.994900942 0.000987963 -0.100851648 106.586685181
-0.101684935 0.010931828 0.994756639 58.161071777 0.000408763 0.999939978 -0.010947010 -4.294787884 -0.994816601 -0.000706526 -0.101683296 106.515663147
-0.103067987 0.014203073 0.994572878 58.840885162 0.002233016 0.999898791 -0.014047720 -4.317970276 -0.994671762 0.000773027 -0.103089280 106.472145081
-0.102909319 0.018296318 0.994522452 59.532955170 0.008164328 0.999812603 -0.017548829 -4.338173866 -0.994657218 0.006313669 -0.103039429 106.383834839
-0.103474624 0.022994656 0.994366229 60.247657776 0.015534785 0.999648273 -0.021500230 -4.363147259 -0.994510770 0.013222539 -0.103795454 106.299102783
-0.103926964 0.024653321 0.994279206 60.972270966 0.016421627 0.999599040 -0.023068750 -4.381571770 -0.994449258 0.013930219 -0.104290128 106.219482422
-0.104351528 0.022166485 0.994293392 61.661621094 0.013404761 0.999692142 -0.020880006 -4.407417774 -0.994450092 0.011149406 -0.104616553 106.164665222
-0.104471609 0.017327201 0.994376838 62.404960632 0.014639840 0.999766648 -0.015883015 -4.434250832 -0.994420052 0.012898196 -0.104700901 106.084083557
-0.104367107 0.015139988 0.994423568 63.134975433 0.016520152 0.999772608 -0.013487596 -4.459549427 -0.994401693 0.015020365 -0.104593493 106.000617981
-0.105852306 0.014588705 0.994274795 63.818786621 0.016636552 0.999778390 -0.012898299 -4.486645222 -0.994242668 0.015175992 -0.106071547 105.942657471
-0.107039951 0.015852723 0.994128346 64.524505615 0.015442588 0.999778807 -0.014280089 -4.506395340 -0.994134724 0.013823378 -0.107261084 105.857475281
-0.109631717 0.016302302 0.993838549 65.233345032 0.015116326 0.999777198 -0.014732212 -4.530997276 -0.993857324 0.013408071 -0.109853700 105.792655945
-0.111319304 0.016527822 0.993647277 65.937866211 0.015866248 0.999763906 -0.014852050 -4.551491737 -0.993658006 0.014112135 -0.111555234 105.702377319
-0.113397926 0.016354991 0.993415177 66.599792480 0.016148407 0.999762714 -0.014616163 -4.578524590 -0.993418396 0.014384628 -0.113635145 105.638092041
-0.115239926 0.016067004 0.993207753 67.327346802 0.016039630 0.999768853 -0.014312099 -4.598153591 -0.993208170 0.014281360 -0.115471005 105.552764893
-0.116867542 0.016284708 0.993013978 68.056922913 0.013388188 0.999800563 -0.014820350 -4.622351170 -0.993057311 0.011562640 -0.117062256 105.469154358
-0.118145823 0.017941965 0.992834091 68.740547180 0.013724930 0.999770761 -0.016434066 -4.641668320 -0.992901385 0.011684965 -0.118364982 105.392318726
-0.119170114 0.018069983 0.992709339 69.455680847 0.011990002 0.999787629 -0.016759483 -4.666932583 -0.992801428 0.009905359 -0.119361475 105.318176270
-0.120329097 0.018625861 0.992559433 70.178932190 0.011928815 0.999778867 -0.017315194 -4.686089516 -0.992662370 0.009756534 -0.120524697 105.226486206
-0.121411830 0.017186364 0.992453396 70.931465149 0.012280666 0.999799550 -0.015811225 -4.706666470 -0.992526293 0.010268320 -0.121598542 105.134941101
-0.122060232 0.014639737 0.992414653 71.664421082 0.010193128 0.999856949 -0.013495838 -4.728200912 -0.992470324 0.008468507 -0.122192018 105.044075012
-0.123325914 0.012758991 0.992284179 72.427238464 0.007104709 0.999903023 -0.011973951 -4.746252060 -0.992340803 0.005573191 -0.123404600 104.944725037
-0.126840129 0.011717416 0.991853952 73.156227112 0.008080866 0.999909222 -0.010779182 -4.769896984 -0.991890252 0.006647806 -0.126923308 104.886985779
-0.127674520 0.012458519 0.991737843 73.924377441 0.009389471 0.999891460 -0.011352162 -4.788148880 -0.991771638 0.007862513 -0.127777621 104.770515442
-0.130083323 0.013715803 0.991408229 74.703269958 0.008664352 0.999881864 -0.012696176 -4.805795193 -0.991465211 0.006938350 -0.130186811 104.675872803
-0.132157728 0.017473932 0.991074622 75.470520020 0.010080880 0.999816597 -0.016283797 -4.824178696 -0.991177380 0.007838875 -0.132309645 104.582092285
-0.132669002 0.020983785 0.990938306 76.252983093 0.011683308 0.999739528 -0.019605970 -4.853996754 -0.991091490 0.008976333 -0.132879615 104.478469849
-0.134773269 0.024910949 0.990563273 77.028625488 0.012881394 0.999643505 -0.023386698 -4.879654408 -0.990792692 0.009607935 -0.135046095 104.399475098
-0.133283347 0.026427889 0.990725577 77.813423157 0.015624709 0.999576211 -0.024561975 -4.901779175 -0.990954816 0.012206095 -0.133639783 104.268463135
-0.133128121 0.026298067 0.990749955 78.620460510 0.019143397 0.999529660 -0.023958793 -4.925656319 -0.990913987 0.015776729 -0.133568928 104.159057617
-0.132590413 0.023653312 0.990888774 79.408241272 0.019355133 0.999586403 -0.021271033 -4.965303421 -0.990981936 0.016358446 -0.132993385 104.048812866
-0.132005289 0.022467194 0.990994334 80.221725464 0.018692488 0.999621749 -0.020172857 -4.987355709 -0.991072774 0.015861230 -0.132375360 103.952003479
-0.130551621 0.020336671 0.991232872 81.025558472 0.017686546 0.999678254 -0.018180512 -5.010195732 -0.991283834 0.015157992 -0.130869329 103.851631165
-0.128789425 0.016893836 0.991528034 81.845947266 0.018062754 0.999729037 -0.014687396 -5.036897659 -0.991507530 0.016018147 -0.129059672 103.744995117
-0.127350405 0.013108379 0.991771162 82.670036316 0.017285610 0.999790132 -0.010994774 -5.071129322 -0.991707146 0.015743179 -0.127550259 103.653602600
-0.126602843 0.013194001 0.991865754 83.492546082 0.015433627 0.999816656 -0.011329800 -5.091771126 -0.991833448 0.013873701 -0.126783252 103.565734863
-0.125040427 0.016796652 0.992009461 84.304077148 0.015792701 0.999763668 -0.014937310 -5.125224590 -0.992026031 0.013798740 -0.125276148 103.464179993
-0.122475825 0.023181837 0.992200732 85.096038818 0.016826751 0.999632120 -0.021278389 -5.154935837 -0.992328823 0.014089428 -0.122820809 103.364517212
-0.120501466 0.026776228 0.992351890 85.908325195 0.014690845 0.999574840 -0.025187207 -5.177896500 -0.992604434 0.011543396 -0.120843597 103.259994507
-0.119241349 0.024247453 0.992569149 86.735504150 0.013767916 0.999646008 -0.022766335 -5.210005760 -0.992769837 0.010950920 -0.119532973 103.167236328
