1 -1.22322e-18 -1.71789e-20 0 7.5476e-19 1 6.23824e-19 0 -2.14909e-19 -9.89981e-19 1 0
0.999998 0.00105671 0.00157341 0.00205479 -0.0010555 0.999999 -0.000769011 -0.0177019 -0.00157422 0.000767349 0.999998 0.786276
0.999995 0.00165829 0.00256632 -0.00839095 -0.0016575 0.999999 -0.000312266 -0.0435236 -0.00256683 0.00030801 0.999997 1.98093
0.999991 0.00119501 0.00416516 -0.0244318 -0.00119661 0.999999 0.000381679 -0.0742554 -0.0041647 -0.000386659 0.999991 3.30226
0.999991 0.000815781 0.00405705 -0.027735 -0.0008182 0.999999 0.000594525 -0.105967 -0.00405656 -0.000597839 0.999992 4.55296
0.999991 0.000478144 0.00416598 -0.0225637 -0.000480116 1 0.000472468 -0.127803 -0.00416576 -0.000474464 0.999991 5.74914
0.999992 0.000631175 0.00392904 -0.0214345 -0.000629146 1 -0.000517527 -0.158323 -0.00392936 0.000515051 0.999992 6.94297
0.999994 0.000789952 0.0034646 -0.0129414 -0.000788001 1 -0.000564297 -0.184297 -0.00346504 0.000561563 0.999994 8.10113
0.999993 0.000890771 0.00366022 -0.0187878 -0.00089308 0.999999 0.00062916 -0.21236 -0.00365966 -0.000632424 0.999993 9.28628
0.999996 0.000640083 0.00269228 -0.0235593 -0.000644666 0.999998 0.00170165 -0.236451 -0.00269118 -0.00170338 0.999995 10.4747
0.999999 -0.000964869 0.000319823 -0.033861 0.000964449 0.999999 0.001311 -0.260594 -0.000321087 -0.00131069 0.999999 11.6604
0.999999 -0.000691601 -0.00126752 -0.0425809 0.000692817 0.999999 0.000959237 -0.286405 0.00126685 -0.000960114 0.999999 12.8367
0.999997 -0.000382264 -0.00260453 -0.0587766 0.000384799 0.999999 0.000972612 -0.316247 0.00260415 -0.000973611 0.999996 14.0152
0.999983 0.000821875 -0.00576499 -0.0527136 -0.000817926 0.999999 0.000687345 -0.337211 0.00576555 -0.000682619 0.999983 15.2088
0.999986 0.000797747 -0.00521989 -0.0677074 -0.000795419 1 0.000448232 -0.358348 0.00522024 -0.000444074 0.999986 16.3954
0.999979 0.000413327 -0.0064437 -0.0721912 -0.000407576 1 0.000893719 -0.384953 0.00644407 -0.000891074 0.999979 17.5816
0.999969 -0.000311717 -0.00790334 -0.0870912 0.000325812 0.999998 0.0017821 -0.411851 0.00790277 -0.00178462 0.999967 18.7545
0.999975 -0.000549356 -0.00707746 -0.106846 0.000553585 1 0.000595553 -0.435086 0.00707713 -0.000599456 0.999975 19.9375
0.999977 5.67462e-05 -0.00679454 -0.128008 -5.71399e-05 1 -5.77445e-05 -0.46132 0.00679454 5.81314e-05 0.999977 21.1259
0.99996 0.000234666 -0.00897135 -0.137134 -0.000230644 1 0.0004493 -0.487761 0.00897145 -0.000447212 0.99996 22.2882
0.999952 -0.000107439 -0.00975114 -0.153791 0.00011263 1 0.000531749 -0.511837 0.00975108 -0.000532822 0.999952 23.4905
0.999946 0.000436955 -0.0103943 -0.174681 -0.000434452 1 0.000243058 -0.538886 0.0103944 -0.000238529 0.999946 24.6673
0.999914 0.000726219 -0.0131324 -0.183081 -0.000717724 1 0.000651604 -0.560865 0.0131328 -0.000642122 0.999914 25.875
0.999922 -0.000363106 -0.0125132 -0.210059 0.000395353 0.999997 0.00257464 -0.583519 0.0125122 -0.00257938 0.999918 27.0403
0.999896 -0.00119471 -0.0143667 -0.228712 0.00123253 0.999996 0.00262338 -0.607763 0.0143635 -0.00264081 0.999893 28.2464
0.999887 -0.00175043 -0.0149135 -0.248393 0.00177664 0.999997 0.0017443 -0.630227 0.0149104 -0.0017706 0.999887 29.4262
0.999872 -0.00155772 -0.0159343 -0.268051 0.00156995 0.999998 0.000754634 -0.654494 0.0159331 -0.000779554 0.999873 30.5874
0.999847 -0.00115658 -0.0174461 -0.295358 0.00117932 0.999998 0.00129335 -0.680041 0.0174445 -0.00131373 0.999847 31.7836
0.999847 -0.00155556 -0.0174056 -0.322871 0.00158414 0.999997 0.00162854 -0.704545 0.017403 -0.00165586 0.999847 32.9608
0.999821 -0.00202389 -0.0187945 -0.346685 0.00205592 0.999996 0.00168517 -0.723829 0.018791 -0.00172351 0.999822 34.1562
0.999816 -0.00289653 -0.0189388 -0.378495 0.0029299 0.999994 0.00173462 -0.750248 0.0189336 -0.00178979 0.999819 35.3233
0.999804 -0.00257504 -0.0196227 -0.403458 0.00261784 0.999994 0.00215592 -0.779836 0.0196171 -0.00220686 0.999805 36.5273
0.9998 -0.00310026 -0.0197523 -0.436534 0.00315107 0.999992 0.00254182 -0.801627 0.0197443 -0.00260355 0.999802 37.7077
0.999813 -0.00273288 -0.0191506 -0.466116 0.00280844 0.999988 0.00391994 -0.823903 0.0191397 -0.00397299 0.999809 38.8883
0.99982 -0.00227082 -0.0188284 -0.491862 0.00235586 0.999987 0.00449575 -0.842657 0.0188179 -0.0045393 0.999813 40.0847
0.999819 -0.00162537 -0.0189402 -0.518735 0.00170496 0.99999 0.00418684 -0.86394 0.0189332 -0.00421838 0.999812 41.2786
0.999827 -0.00067367 -0.0185903 -0.548624 0.000750313 0.999991 0.00411606 -0.886022 0.0185874 -0.0041293 0.999819 42.4622
0.999842 0.00219776 -0.0176573 -0.58194 -0.00209851 0.999982 0.00563746 -0.898556 0.0176693 -0.00559951 0.999828 43.6591
0.99986 0.00233251 -0.0165814 -0.606408 -0.00217878 0.999955 0.00928327 -0.923554 0.0166023 -0.00924584 0.999819 44.8458
0.999898 0.00266238 -0.0140465 -0.636008 -0.00250443 0.999934 0.0112503 -0.93071 0.0140756 -0.0112139 0.999838 46.0339
0.999924 0.00282071 -0.0119912 -0.65896 -0.00264201 0.999886 0.0148924 -0.941924 0.0120318 -0.0148596 0.999817 47.2332
0.999929 0.00202036 -0.0117127 -0.670787 -0.00183218 0.999869 0.0160544 -0.946859 0.0117436 -0.0160319 0.999803 48.4297
0.999953 0.00123581 -0.00961525 -0.692992 -0.0010923 0.999888 0.0149159 -0.957389 0.00963261 -0.0149047 0.999843 49.6109
0.999962 0.00197668 -0.00846164 -0.708074 -0.00186171 0.999906 0.0135728 -0.972328 0.00848768 -0.0135565 0.999872 50.8098
0.999974 0.00244703 -0.00681449 -0.728977 -0.00235991 0.999916 0.0127638 -0.972664 0.00684515 -0.0127474 0.999895 51.9974
0.999977 0.00233269 -0.00637318 -0.74588 -0.00225544 0.999924 0.012101 -0.984697 0.00640093 -0.0120863 0.999906 53.1937
0.999967 0.00140783 -0.00797969 -0.755468 -0.00131973 0.999938 0.0110352 -1.00076 0.00799473 -0.0110243 0.999907 54.3738
0.999952 0.00220505 -0.00950501 -0.774254 -0.00209617 0.999932 0.01145 -1.00901 0.00952961 -0.0114296 0.999889 55.564
0.999947 0.00178002 -0.0101755 -0.796175 -0.00165101 0.999918 0.0126726 -1.02182 0.0101972 -0.0126551 0.999868 56.7525
0.999925 0.00182115 -0.0121255 -0.810428 -0.001661 0.999911 0.0132048 -1.03324 0.0121485 -0.0131837 0.999839 57.9418
0.999912 0.0023261 -0.0130739 -0.830847 -0.00215784 0.999915 0.0128692 -1.0436 0.0131028 -0.0128398 0.999832 59.1366
0.999898 0.00306219 -0.0139491 -0.855039 -0.00288499 0.999915 0.0127057 -1.05488 0.0139869 -0.0126642 0.999822 60.3171
0.999899 0.00223738 -0.0140072 -0.879387 -0.00206738 0.999924 0.0121392 -1.06333 0.0140333 -0.012109 0.999828 61.51
0.999908 0.0014949 -0.0134691 -0.907178 -0.00134164 0.999934 0.0113804 -1.08265 0.0134852 -0.0113613 0.999845 62.6954
0.999897 0.00193702 -0.0141974 -0.925638 -0.00175518 0.999916 0.0128095 -1.0977 0.0142211 -0.0127832 0.999817 63.8953
0.999901 0.000730878 -0.0140731 -0.950136 -0.000528669 0.999897 0.0143669 -1.1054 0.0140821 -0.014358 0.999798 65.0741
0.999902 0.000698192 -0.0140072 -0.977003 -0.000521739 0.999921 0.012597 -1.11632 0.0140149 -0.0125885 0.999823 66.2692
0.999902 0.0030244 -0.0136839 -1.00708 -0.00286879 0.999931 0.0113775 -1.12768 0.0137173 -0.0113371 0.999842 67.4456
0.99991 0.00547023 -0.0122374 -1.04231 -0.00533721 0.999927 0.0108762 -1.13217 0.012296 -0.0108099 0.999866 68.6206
0.999901 0.00631868 -0.0125832 -1.06258 -0.00618099 0.999921 0.0109516 -1.14341 0.0126514 -0.0108728 0.999861 69.8123
0.999893 0.00823958 -0.012119 -1.08658 -0.00809922 0.9999 0.0115857 -1.15339 0.0122132 -0.0114863 0.999859 70.9996
0.999903 0.00883204 -0.0107936 -1.11672 -0.00869489 0.999882 0.0126889 -1.17139 0.0109044 -0.0125939 0.999861 72.1601
0.999912 0.0105258 -0.00802523 -1.13914 -0.0104164 0.999854 0.0135566 -1.17931 0.00816675 -0.0134719 0.999876 73.3307
0.999941 0.00898487 -0.00615654 -1.14987 -0.0089114 0.99989 0.0118582 -1.19151 0.0062624 -0.0118027 0.999911 74.5003
0.99997 0.00642839 -0.00434997 -1.15483 -0.00639732 0.999954 0.00711961 -1.21718 0.00439554 -0.00709157 0.999965 75.6415
0.999971 0.00749221 -0.00110518 -1.17243 -0.00748574 0.999955 0.00574909 -1.23066 0.0011482 -0.00574066 0.999983 76.8016
0.999977 0.00677109 0.000933555 -1.16807 -0.00677963 0.999932 0.00947492 -1.24395 -0.000869337 -0.00948103 0.999955 77.9585
0.999972 0.00583098 0.00460086 -1.17441 -0.00587972 0.999926 0.0106512 -1.2574 -0.00453841 -0.010678 0.999933 79.1119
0.999944 0.00681311 0.00815179 -1.17656 -0.00688572 0.999937 0.00891224 -1.26748 -0.00809055 -0.00896787 0.999927 80.2733
0.999914 0.00590612 0.0117035 -1.17236 -0.00597462 0.999965 0.00582605 -1.28645 -0.0116687 -0.00589547 0.999915 81.4018
0.999874 0.00516655 0.0150043 -1.1621 -0.00520927 0.999982 0.00280944 -1.30978 -0.0149895 -0.00288724 0.999883 82.5424
0.999836 0.00447316 0.0175529 -1.14694 -0.00450233 0.999989 0.00162298 -1.33335 -0.0175454 -0.00170174 0.999845 83.6874
0.999771 0.00422104 0.0209821 -1.12943 -0.0042937 0.999985 0.00341919 -1.35666 -0.0209674 -0.0035085 0.999774 84.8236
0.999668 0.0047178 0.0253181 -1.1199 -0.00480781 0.999982 0.00349511 -1.37172 -0.0253012 -0.00361568 0.999673 86.0092
0.999557 0.00433788 0.0294466 -1.09454 -0.00438929 0.999989 0.00168145 -1.39622 -0.0294389 -0.00180995 0.999565 87.1453
0.999481 0.00455046 0.0318894 -1.06061 -0.00453456 0.99999 -0.000570924 -1.42209 -0.0318917 0.000426023 0.999491 88.2779
0.999383 0.0047527 0.0347943 -1.02308 -0.00473075 0.999989 -0.000713214 -1.45004 -0.0347973 0.000548171 0.999394 89.4176
0.999288 0.00325769 0.0375752 -0.980186 -0.0032717 0.999995 0.000311408 -1.4749 -0.037574 -0.000434121 0.999294 90.5645
0.999213 0.00265495 0.0395686 -0.93515 -0.00271722 0.999995 0.00152015 -1.49505 -0.0395643 -0.00162647 0.999216 91.7012
0.99909 0.00160505 0.0426103 -0.900632 -0.00176035 0.999992 0.00360728 -1.51835 -0.0426041 -0.00367901 0.999085 92.837
0.99901 0.000222401 0.0444791 -0.848645 -0.00042007 0.99999 0.00443479 -1.53628 -0.0444776 -0.00444909 0.999 93.9843
0.998924 -0.000769031 0.0463812 -0.801553 0.000650886 0.999997 0.00256231 -1.56127 -0.046383 -0.00252936 0.998921 95.1279
0.998797 -0.0020748 0.0489977 -0.751943 0.00212969 0.999997 -0.00106809 -1.58221 -0.0489954 0.00117115 0.998798 96.2785
0.99874 -0.00153426 0.0501672 -0.696753 0.00173152 0.999991 -0.00388866 -1.60807 -0.0501607 0.00397062 0.998733 97.418
0.998655 -0.00118577 0.0518281 -0.644064 0.00142596 0.999988 -0.00459746 -1.63726 -0.0518221 0.00466519 0.998645 98.5782
0.998631 -0.00135007 0.0522875 -0.591761 0.00157119 0.99999 -0.00418801 -1.66131 -0.0522813 0.00426443 0.998623 99.7401
0.998688 -0.00112373 0.0511964 -0.538271 0.00124872 0.999996 -0.00240936 -1.68542 -0.0511935 0.00247013 0.998686 100.892
0.998749 -0.00168801 0.0499855 -0.483278 0.00174991 0.999998 -0.00119465 -1.71323 -0.0499833 0.00128062 0.998749 102.066
0.998884 -0.00141491 0.0472179 -0.434619 0.00142754 0.999999 -0.000233716 -1.73553 -0.0472175 0.00030086 0.998885 103.257
0.998999 -0.00127863 0.0447072 -0.385087 0.00125416 0.999999 0.000575281 -1.76293 -0.0447079 -0.000518635 0.999 104.452
0.999102 -0.000494552 0.0423577 -0.347609 0.000461527 1 0.000789435 -1.78642 -0.0423581 -0.000769177 0.999102 105.634
0.999281 0.000924151 0.0378955 -0.307002 -0.00094326 0.999999 0.000486378 -1.80636 -0.0378951 -0.000521773 0.999282 106.829
0.9994 0.00103666 0.0346132 -0.278352 -0.00106906 0.999999 0.000917584 -1.82927 -0.0346122 -0.000954037 0.9994 108.015
0.999543 0.00162357 0.0301987 -0.247857 -0.0016799 0.999997 0.00184005 -1.84823 -0.0301956 -0.00188994 0.999542 109.219
0.999675 0.00191838 0.0254034 -0.222147 -0.00199116 0.999994 0.0028398 -1.87305 -0.0253978 -0.00288946 0.999673 110.435
0.999758 0.00186291 0.0219196 -0.208924 -0.00194638 0.999991 0.00378707 -1.8949 -0.0219123 -0.00382882 0.999753 111.624
0.999867 0.00229686 0.0161613 -0.192171 -0.00236159 0.999989 0.00398708 -1.91457 -0.016152 -0.00402471 0.999861 112.851
0.999927 0.00314396 0.0117083 -0.182763 -0.00319007 0.999987 0.00392163 -1.93544 -0.0116958 -0.00395869 0.999924 114.05
0.999971 0.0038649 0.00650494 -0.183484 -0.00388863 0.999986 0.00363976 -1.95498 -0.00649078 -0.00366496 0.999972 115.263
0.999987 0.00484813 0.0012978 -0.187812 -0.00485239 0.999983 0.00329679 -1.98003 -0.00128179 -0.00330304 0.999994 116.485
0.999977 0.00665928 -0.00150186 -0.196171 -0.00665427 0.999972 0.00331876 -2.00318 0.00152392 -0.00330869 0.999993 117.686
0.999949 0.00884612 -0.00485203 -0.2044 -0.00883184 0.999957 0.00295564 -2.015 0.00487796 -0.00291264 0.999984 118.935
0.999943 0.00976333 -0.00428145 -0.232243 -0.00975019 0.999948 0.00308029 -2.04115 0.0043113 -0.00303837 0.999986 120.138
0.999913 0.0118515 -0.00580359 -0.242622 -0.0118305 0.999923 0.0036385 -2.06639 0.00584627 -0.00356952 0.999977 121.36
0.999881 0.0135546 -0.00734121 -0.258511 -0.0135219 0.999898 0.00449327 -2.08374 0.00740137 -0.00439347 0.999963 122.608
0.999879 0.0136641 -0.00739104 -0.276544 -0.0136264 0.999894 0.00512603 -2.10908 0.0074603 -0.0050247 0.99996 123.827
0.999822 0.016792 -0.00860972 -0.300887 -0.0167308 0.999835 0.00712688 -2.12574 0.00872798 -0.00698156 0.999938 125.079
0.999785 0.0182919 -0.00976205 -0.323275 -0.0181957 0.999786 0.00985971 -2.12987 0.00994031 -0.00967996 0.999904 126.331
0.999814 0.0168679 -0.00934249 -0.345621 -0.0167763 0.999811 0.00980286 -2.14712 0.00950608 -0.00964431 0.999908 127.561
0.999799 0.0168799 -0.0107748 -0.361048 -0.0167912 0.999825 0.00827374 -2.16016 0.0109125 -0.00809116 0.999908 128.811
0.999827 0.0146649 -0.0114623 -0.374534 -0.0145572 0.99985 0.00941917 -2.17673 0.0115987 -0.00925067 0.99989 130.051
0.999861 0.0117143 -0.011825 -0.398475 -0.0115831 0.999871 0.0111003 -2.19186 0.0119535 -0.0109618 0.999868 131.292
0.999882 0.00927577 -0.0122083 -0.416784 -0.00911345 0.99987 0.0132857 -2.20456 0.0123299 -0.0131729 0.999837 132.543
0.999912 0.00700061 -0.0112711 -0.441562 -0.00684128 0.999877 0.0141134 -2.20988 0.0113685 -0.0140351 0.999837 133.786
0.999923 0.00326741 -0.0119556 -0.45063 -0.00311528 0.999914 0.0127207 -2.22544 0.0119961 -0.0126825 0.999848 135.041
0.999931 0.00117566 -0.0117284 -0.46663 -0.00103729 0.99993 0.0117973 -2.23331 0.0117415 -0.0117843 0.999862 136.31
0.999939 -0.000818921 -0.0110538 -0.489765 0.000943799 0.999936 0.0112968 -2.24793 0.0110439 -0.0113066 0.999875 137.576
0.999936 -0.00120986 -0.0112879 -0.508603 0.00133975 0.999933 0.0115067 -2.25673 0.0112732 -0.0115211 0.99987 138.831
0.999959 -0.000848328 -0.00905655 -0.536271 0.000970638 0.999908 0.0135093 -2.26963 0.00904426 -0.0135175 0.999868 140.082
0.999957 0.00157177 -0.00913574 -0.550333 -0.00143244 0.999883 0.0152385 -2.27947 0.00915862 -0.0152248 0.999842 141.347
0.999965 0.00155753 -0.00826238 -0.570841 -0.00144151 0.999901 0.0140294 -2.29356 0.00828341 -0.014017 0.999867 142.591
0.999967 0.00264887 -0.00761708 -0.587661 -0.00255514 0.999921 0.0122883 -2.30253 0.00764903 -0.0122684 0.999895 143.849
0.999971 0.0026738 -0.00716523 -0.602601 -0.00260215 0.999947 0.00999088 -2.31914 0.00719157 -0.00997194 0.999924 145.107
0.999982 0.00143519 -0.00585501 -0.620857 -0.0013998 0.999981 0.00604315 -2.34291 0.00586357 -0.00603484 0.999965 146.357
0.999982 0.00209948 -0.00556393 -0.631206 -0.00208663 0.999995 0.00231389 -2.36143 0.00556876 -0.00230224 0.999982 147.611
0.999983 0.00157146 -0.00554039 -0.646299 -0.00156305 0.999998 0.00152251 -2.38674 0.00554277 -0.00151383 0.999983 148.874
0.999986 0.000998092 -0.00521395 -0.663952 -0.000990269 0.999998 0.00150261 -2.41146 0.00521545 -0.00149743 0.999985 150.138
0.99998 0.00150547 -0.00615802 -0.669006 -0.00149304 0.999997 0.0020235 -2.43538 0.00616105 -0.00201426 0.999979 151.402
0.999979 0.00222409 -0.00604145 -0.694033 -0.00220515 0.999993 0.00314105 -2.46217 0.00604839 -0.00312767 0.999977 152.646
0.99997 0.00260046 -0.00725976 -0.705119 -0.00257303 0.99999 0.00378488 -2.48886 0.00726952 -0.00376609 0.999966 153.886
0.999957 0.0026695 -0.00887186 -0.722456 -0.00263883 0.999991 0.00346607 -2.51119 0.00888103 -0.00344251 0.999955 155.127
0.999951 0.00318335 -0.00942026 -0.748796 -0.00314599 0.999987 0.00397848 -2.5358 0.00943281 -0.00394865 0.999948 156.383
0.999946 0.00300548 -0.00998006 -0.766145 -0.00295856 0.999985 0.00471263 -2.55262 0.00999407 -0.00468285 0.999939 157.624
0.999933 0.00355286 -0.0110513 -0.778513 -0.00349409 0.99998 0.00533224 -2.57644 0.01107 -0.00529327 0.999925 158.876
0.999935 0.00383588 -0.0107507 -0.803294 -0.0037895 0.999983 0.0043313 -2.59791 0.0107671 -0.00429028 0.999933 160.125
0.999913 0.00444402 -0.012455 -0.818634 -0.00440064 0.999984 0.0035082 -2.6225 0.0124704 -0.00345308 0.999916 161.373
0.999901 0.0048758 -0.0131803 -0.84459 -0.00483373 0.999983 0.00322221 -2.64133 0.0131958 -0.00315819 0.999908 162.623
0.999877 0.00485834 -0.0149149 -0.863071 -0.00481887 0.999985 0.00268122 -2.66797 0.0149277 -0.00260902 0.999885 163.87
0.999866 0.00514583 -0.0155528 -0.893625 -0.00511751 0.999985 0.0018601 -2.69476 0.0155621 -0.00178026 0.999877 165.105
0.999867 0.00562788 -0.0152823 -0.928512 -0.00560201 0.999983 0.00173511 -2.71763 0.0152918 -0.00164927 0.999882 166.354
0.999829 0.00538473 -0.0176961 -0.943047 -0.00533058 0.999981 0.0031056 -2.74452 0.0177125 -0.00301074 0.999839 167.623
0.999827 0.00577638 -0.0177049 -0.979755 -0.00571198 0.999977 0.00368623 -2.76733 0.0177258 -0.00358446 0.999836 168.877
0.999809 0.00596832 -0.0186129 -1.01545 -0.0058871 0.999973 0.00441501 -2.79247 0.0186387 -0.00430459 0.999817 170.125
0.999818 0.00615941 -0.018033 -1.05036 -0.006077 0.999971 0.00462112 -2.81297 0.018061 -0.00451069 0.999827 171.377
0.999802 0.00648136 -0.0187925 -1.08068 -0.00641331 0.999973 0.00367929 -2.83337 0.0188158 -0.00355804 0.999817 172.64
0.999776 0.00764684 -0.0197591 -1.11281 -0.00758196 0.999966 0.00335643 -2.85587 0.0197841 -0.00320586 0.999799 173.89
0.999791 0.00763142 -0.0189691 -1.15354 -0.00756561 0.999965 0.00353858 -2.87609 0.0189954 -0.00339433 0.999814 175.141
0.999785 0.00719493 -0.0194509 -1.18882 -0.00714175 0.999971 0.00280221 -2.90191 0.0194705 -0.00266269 0.999807 176.392
0.999802 0.00639599 -0.0188287 -1.21254 -0.0063797 0.999979 0.000924878 -2.92529 0.0188343 -0.000804574 0.999822 177.647
0.999801 0.00384426 -0.0195953 -1.23675 -0.00382222 0.999992 0.00116233 -2.95654 0.0195996 -0.0010872 0.999807 178.9
0.999783 0.00409677 -0.0204291 -1.26476 -0.00400317 0.999981 0.00462085 -2.97995 0.0204476 -0.00453807 0.999781 180.146
0.999798 0.0025347 -0.0199307 -1.30467 -0.00234702 0.999953 0.00943482 -2.99861 0.0199537 -0.00938614 0.999757 181.391
0.999787 0.00328818 -0.0203901 -1.33462 -0.0031089 0.999956 0.00881821 -3.01687 0.0204182 -0.00875294 0.999753 182.633
0.999774 0.0049205 -0.0206601 -1.3662 -0.00480406 0.999972 0.00568161 -3.03484 0.0206875 -0.00558108 0.99977 183.847
0.999783 0.00597793 -0.0199785 -1.40574 -0.00589907 0.999975 0.00400417 -3.05934 0.020002 -0.00388544 0.999792 185.071
0.999779 0.00552327 -0.020289 -1.43364 -0.00544463 0.999977 0.00392892 -3.08025 0.0203102 -0.00381759 0.999786 186.295
0.99977 0.00570067 -0.0206821 -1.4668 -0.00559425 0.999971 0.0051995 -3.10271 0.0207111 -0.00508261 0.999773 187.556
0.999779 0.00508164 -0.0204011 -1.49914 -0.00493567 0.999962 0.00719909 -3.12201 0.0204369 -0.00709681 0.999766 188.777
0.999792 0.00438229 -0.0199221 -1.53157 -0.00422329 0.999959 0.00801601 -3.14275 0.0199564 -0.00793021 0.999769 190.007
0.99982 0.00465093 -0.0184011 -1.56198 -0.0045083 0.99996 0.00778511 -3.16079 0.0184366 -0.00770075 0.9998 191.216
0.999842 0.00348589 -0.0174043 -1.57869 -0.00338051 0.999976 0.00608031 -3.18284 0.017425 -0.00602051 0.99983 192.441
0.999862 0.0037771 -0.0162008 -1.60971 -0.00369951 0.999982 0.00481647 -3.20457 0.0162187 -0.00475587 0.999857 193.643
0.999888 0.00275278 -0.0147414 -1.63392 -0.0026929 0.999988 0.00408048 -3.22858 0.0147525 -0.00404033 0.999883 194.853
0.999909 0.00307858 -0.0131344 -1.66219 -0.00301515 0.999984 0.00484629 -3.25056 0.0131491 -0.00480625 0.999902 196.057
0.999918 0.00305748 -0.0124744 -1.67484 -0.00297306 0.999973 0.00678016 -3.27199 0.0124947 -0.00674251 0.999899 197.255
0.999934 0.00313507 -0.0110479 -1.704 -0.00305499 0.999969 0.00725763 -3.29364 0.0110703 -0.0072234 0.999913 198.443
0.999946 0.00315209 -0.00994155 -1.72746 -0.00308028 0.999969 0.00722987 -3.31156 0.00996403 -0.00719886 0.999924 199.64
0.999946 0.00366036 -0.00972514 -1.74061 -0.00358605 0.999964 0.00764786 -3.33402 0.00975279 -0.00761257 0.999923 200.815
0.999965 0.00342157 -0.00768662 -1.76194 -0.00336156 0.999964 0.00780647 -3.3518 0.00771305 -0.00778035 0.99994 202.003
0.999967 0.00401211 -0.00711857 -1.77463 -0.00395679 0.999962 0.00776731 -3.37171 0.00714947 -0.00773889 0.999944 203.166
0.999972 0.00396302 -0.00629482 -1.7933 -0.00391298 0.999961 0.00794199 -3.39217 0.00632605 -0.00791714 0.999949 204.324
0.999982 0.00250883 -0.00550346 -1.80121 -0.00246425 0.999964 0.00809235 -3.41164 0.00552356 -0.00807864 0.999952 205.47
0.999981 0.0027611 -0.00559184 -1.81043 -0.0027131 0.99996 0.00857417 -3.42883 0.00561529 -0.00855883 0.999948 206.603
0.999975 0.00221679 -0.00667832 -1.81649 -0.00215021 0.999948 0.00996034 -3.45352 0.00670006 -0.00994573 0.999928 207.721
0.999977 0.00254871 -0.0062852 -1.83688 -0.00248763 0.99995 0.00970724 -3.46585 0.00630962 -0.00969138 0.999933 208.822
0.999965 0.0026814 -0.00790293 -1.85065 -0.00260877 0.999954 0.00918593 -3.48908 0.0079272 -0.00916499 0.999927 209.905
0.999953 0.0030135 -0.00922149 -1.86098 -0.00293699 0.999961 0.00829946 -3.50574 0.00924615 -0.00827198 0.999923 210.969
0.999947 0.00274479 -0.00990842 -1.87227 -0.00266486 0.999964 0.00807077 -3.52456 0.00993022 -0.00804394 0.999918 212.024
0.999933 0.0020958 -0.0114281 -1.88601 -0.00200638 0.999967 0.00783089 -3.54189 0.0114441 -0.00780743 0.999904 213.084
0.999916 0.00180996 -0.0128339 -1.91005 -0.00169343 0.999957 0.00908507 -3.56403 0.0128498 -0.00906257 0.999876 214.106
0.999892 0.00103275 -0.0146375 -1.92884 -0.000875949 0.999942 0.0107144 -3.58341 0.0146477 -0.0107005 0.999835 215.124
0.999861 0.00122293 -0.016607 -1.94901 -0.00101963 0.999925 0.0122444 -3.59627 0.0166207 -0.0122258 0.999787 216.156
0.99982 0.0012986 -0.0189219 -1.97422 -0.00106341 0.999922 0.0124346 -3.61221 0.0189366 -0.0124122 0.999744 217.143
0.999762 0.00158036 -0.0217777 -2.00079 -0.00131252 0.999923 0.012308 -3.62947 0.0217955 -0.0122765 0.999687 218.12
0.999682 0.0016827 -0.0251758 -2.02501 -0.00136266 0.999918 0.0127239 -3.64532 0.0251951 -0.0126856 0.999602 219.079
0.99961 0.00234016 -0.0278146 -2.05151 -0.00197091 0.99991 0.0132954 -3.65968 0.0278432 -0.0132354 0.999525 220.009
0.999526 0.00256417 -0.0306916 -2.08887 -0.00216583 0.999913 0.013005 -3.67316 0.0307223 -0.0129323 0.999444 220.911
0.999445 0.00225123 -0.0332351 -2.13047 -0.00183541 0.99992 0.0125368 -3.68511 0.0332607 -0.0124688 0.999369 221.806
0.999336 0.00202954 -0.0363739 -2.17083 -0.00160443 0.99993 0.0117125 -3.69858 0.0363951 -0.0116464 0.99927 222.659
0.999245 0.00312135 -0.0387357 -2.21843 -0.00267909 0.999931 0.0114643 -3.70934 0.0387688 -0.0113518 0.999184 223.491
0.99912 0.00336009 -0.0418092 -2.25773 -0.00289963 0.999935 0.011069 -3.72627 0.0418437 -0.0109381 0.999064 224.315
0.998963 0.0050782 -0.045252 -2.29841 -0.00458272 0.999928 0.0110464 -3.73719 0.0453049 -0.0108276 0.998915 225.117
0.998924 0.00589655 -0.0459939 -2.33826 -0.00536176 0.999917 0.011742 -3.74919 0.0460593 -0.0114828 0.998873 225.887
0.998991 0.00600115 -0.0445094 -2.38461 -0.00544634 0.999906 0.012576 -3.7624 0.0445807 -0.0123209 0.99893 226.649
0.998981 0.0061014 -0.0447102 -2.42151 -0.00551926 0.999899 0.0131324 -3.77145 0.0447858 -0.0128722 0.998914 227.399
0.998964 0.0057791 -0.0451316 -2.45199 -0.0052004 0.999903 0.0129295 -3.78453 0.0452019 -0.0126814 0.998897 228.134
0.999031 0.00611312 -0.0435891 -2.49946 -0.00563196 0.999922 0.0111527 -3.79646 0.0436538 -0.0108964 0.998987 228.848
0.999071 0.00628475 -0.042626 -2.53711 -0.00589945 0.999941 0.00915895 -3.80701 0.042681 -0.00889898 0.999049 229.563
0.999075 0.00634112 -0.0425347 -2.55933 -0.00602384 0.999953 0.00758332 -3.82041 0.0425808 -0.00732008 0.999066 230.285
0.999162 0.00717703 -0.0402891 -2.59853 -0.00688876 0.99995 0.00728923 -3.82822 0.0403394 -0.00700558 0.999161 230.989
0.999226 0.00642895 -0.0388134 -2.62763 -0.00616755 0.999958 0.00685083 -3.84097 0.0388558 -0.00660615 0.999223 231.703
0.999266 0.00623539 -0.037798 -2.65412 -0.00597178 0.999957 0.0070831 -3.85568 0.0378406 -0.00685218 0.99926 232.418
0.999353 0.00616138 -0.0354429 -2.6849 -0.00592643 0.99996 0.0067302 -3.86507 0.0354829 -0.00651579 0.999349 233.109
0.999427 0.00607344 -0.0332899 -2.71242 -0.00586054 0.999962 0.00648931 -3.8787 0.0333281 -0.0062905 0.999425 233.814
0.999488 0.00624365 -0.0313842 -2.72991 -0.0060332 0.999959 0.0067958 -3.88896 0.0314253 -0.00660298 0.999484 234.503
0.999606 0.00536552 -0.0275687 -2.75842 -0.00516476 0.99996 0.00734855 -3.89842 0.027607 -0.00720326 0.999593 235.187
0.999683 0.00416421 -0.0248321 -2.779 -0.00397133 0.999962 0.00781165 -3.91514 0.0248637 -0.00771055 0.999661 235.878
0.999752 0.00406412 -0.0218959 -2.79706 -0.00390067 0.999964 0.00750281 -3.92544 0.0219256 -0.00741554 0.999732 236.573
0.999823 0.00354908 -0.0184743 -2.81554 -0.003413 0.999967 0.00739215 -3.93654 0.0185 -0.00732779 0.999802 237.247
0.999869 0.00335331 -0.015804 -2.82723 -0.00323879 0.999968 0.00726658 -3.94802 0.0158278 -0.00721445 0.999849 237.929
0.999908 0.00408582 -0.012947 -2.84139 -0.00400236 0.999971 0.0064657 -3.95778 0.0129731 -0.00641329 0.999895 238.601
0.999942 0.00423453 -0.0098905 -2.84872 -0.00417772 0.999975 0.00575796 -3.96881 0.00991463 -0.0057163 0.999935 239.295
0.999971 0.00422032 -0.00631131 -2.85846 -0.00417863 0.999969 0.0066038 -3.97967 0.00633899 -0.00657724 0.999958 239.986
0.999984 0.00465477 -0.0033524 -2.86313 -0.00463093 0.999964 0.00708391 -3.98581 0.00338525 -0.00706827 0.999969 240.665
0.999988 0.00410203 -0.00251395 -2.86038 -0.00408344 0.999965 0.00735533 -3.99646 0.00254403 -0.00734498 0.99997 241.355
0.999991 0.00401551 0.00114978 -2.87207 -0.00402167 0.999977 0.00540047 -4.00693 -0.00112807 -0.00540504 0.999985 242.052
0.999988 0.00448889 0.00169777 -2.86739 -0.0044938 0.999986 0.00289984 -4.01763 -0.00168473 -0.00290744 0.999994 242.755
0.999988 0.00341319 0.00357955 -2.87353 -0.00341864 0.999993 0.00151902 -4.02942 -0.00357434 -0.00153124 0.999992 243.469
0.999992 0.00304301 0.00261635 -2.86695 -0.00304482 0.999995 0.000688031 -4.03792 -0.00261425 -0.000695992 0.999996 244.177
0.999989 0.00236104 0.00394817 -2.87581 -0.00236234 0.999997 0.000325701 -4.05314 -0.00394739 -0.000335025 0.999992 244.885
0.999992 0.0031078 0.00260385 -2.87007 -0.00310787 0.999995 2.41328e-05 -4.06829 -0.00260376 -3.2225e-05 0.999997 245.617
0.999989 0.00386451 0.00252419 -2.86709 -0.00386349 0.999992 -0.000406997 -4.07769 -0.00252574 0.00039724 0.999997 246.335
0.999992 0.00317925 0.00258054 -2.87116 -0.00317416 0.999993 -0.00197558 -4.09101 -0.0025868 0.00196738 0.999995 247.072
0.999996 -0.00100066 0.0028116 -2.86189 0.00101194 0.999991 -0.00401341 -4.11003 -0.00280756 0.00401624 0.999988 247.814
0.999989 -0.00261571 0.00390953 -2.86218 0.00263321 0.999987 -0.00447869 -4.13626 -0.00389777 0.00448894 0.999982 248.554
0.99999 -0.00196353 0.00412452 -2.8682 0.0019692 0.999997 -0.00137041 -4.14435 -0.00412182 0.00137852 0.999991 249.324
0.999984 0.00287587 0.00488913 -2.8749 -0.00290012 0.999983 0.00496051 -4.15095 -0.00487478 -0.00497461 0.999976 250.094
0.999983 0.00161843 0.00561996 -2.8701 -0.00166614 0.999963 0.00849515 -4.16286 -0.005606 -0.00850437 0.999948 250.857
0.999975 -0.000303345 0.00705466 -2.85907 0.000255576 0.999977 0.00677115 -4.17675 -0.00705655 -0.00676918 0.999952 251.654
0.999934 0.0019073 0.0113275 -2.85464 -0.00191174 0.999998 0.000380974 -4.18798 -0.0113268 -0.000402604 0.999936 252.428
0.999862 0.00460613 0.0159653 -2.85931 -0.00455167 0.999984 -0.00344579 -4.20114 -0.0159809 0.00337265 0.999867 253.232
0.999803 0.00547234 0.019104 -2.8493 -0.005405 0.999979 -0.00357471 -4.21019 -0.0191232 0.00347074 0.999811 254.05
0.999744 0.00445668 0.0221695 -2.82933 -0.00443692 0.99999 -0.000940191 -4.22925 -0.0221735 0.000841586 0.999754 254.874
0.999706 0.000962493 0.0242199 -2.80161 -0.00101755 0.999997 0.0022608 -4.24483 -0.0242176 -0.00228478 0.999704 255.724
0.999621 -0.00164592 0.0274725 -2.78186 0.00153114 0.99999 0.00419821 -4.25927 -0.0274792 -0.00415455 0.999614 256.54
0.999529 -0.00240129 0.0305978 -2.7642 0.00225073 0.999985 0.00495397 -4.27552 -0.0306093 -0.00488277 0.999519 257.362
0.999437 6.35211e-05 0.0335568 -2.74819 -0.000152629 0.999996 0.00265288 -4.28548 -0.0335566 -0.00265651 0.999433 258.193
0.999391 0.000741347 0.0348835 -2.72008 -0.000762713 1 0.000599169 -4.30069 -0.034883 -0.00062541 0.999391 259.006
0.999298 0.00128962 0.0374447 -2.69218 -0.00130703 0.999999 0.000440467 -4.31638 -0.0374441 -0.000489099 0.999299 259.836
0.999236 0.00199026 0.0390271 -2.6512 -0.0020929 0.999994 0.00258928 -4.33384 -0.0390217 -0.00266898 0.999235 260.687
0.999085 0.00280405 0.0426735 -2.62961 -0.00298604 0.999987 0.00420156 -4.34771 -0.0426612 -0.00432514 0.99908 261.506
0.998944 0.00361883 0.0457975 -2.60143 -0.00379952 0.999985 0.00385888 -4.35933 -0.0457829 -0.00402881 0.998943 262.342
0.998824 0.00396675 0.0483175 -2.56422 -0.00413744 0.999986 0.00343318 -4.37783 -0.0483032 -0.00362905 0.998826 263.175
0.998703 0.00234503 0.0508652 -2.52373 -0.0025231 0.999991 0.00343687 -4.39565 -0.0508567 -0.00356075 0.9987 264.005
0.998623 -2.59501e-05 0.052465 -2.47812 -0.000191146 0.999991 0.00413289 -4.41171 -0.0524647 -0.00413723 0.998614 264.842
0.998604 -0.00200382 0.0527895 -2.43342 0.00180289 0.999991 0.00385366 -4.42382 -0.0527967 -0.0037531 0.998598 265.686
0.998611 -0.00261088 0.0526156 -2.38685 0.00240507 0.999989 0.0039745 -4.4393 -0.0526255 -0.00384244 0.998607 266.517
0.998558 -0.0025095 0.0536274 -2.35363 0.00230566 0.99999 0.00386268 -4.45192 -0.0536365 -0.00373346 0.998554 267.36
0.998565 -0.00262092 0.0534982 -2.31416 0.00239527 0.999988 0.00428142 -4.46316 -0.0535088 -0.00414713 0.998559 268.199
0.998599 -0.00244394 0.0528631 -2.27583 0.00215398 0.999982 0.00554147 -4.48163 -0.0528757 -0.00541984 0.998586 269.04
0.998669 -0.00217081 0.0515318 -2.23717 0.00192712 0.999987 0.0047781 -4.50004 -0.0515415 -0.00467243 0.99866 269.889
0.99871 -0.00233326 0.0507144 -2.20409 0.00215689 0.999991 0.00353213 -4.51191 -0.0507222 -0.00341819 0.998707 270.733
0.998853 -0.00170498 0.0478484 -2.15985 0.00155846 0.999994 0.00309923 -4.5265 -0.0478534 -0.0030211 0.99885 271.574
0.998931 -0.000877494 0.0462126 -2.12601 0.000741787 0.999995 0.00295364 -4.54155 -0.046215 -0.0029162 0.998927 272.427
0.999043 0.000490275 0.043729 -2.09324 -0.00061179 0.999996 0.00276547 -4.55507 -0.0437274 -0.00278958 0.99904 273.253
0.999139 0.000586356 0.0414793 -2.06285 -0.000728106 0.999994 0.00340233 -4.57292 -0.0414771 -0.00342961 0.999134 274.091
0.999272 0.000748312 0.0381442 -2.03157 -0.000940048 0.999987 0.00500893 -4.59085 -0.0381399 -0.00504114 0.99926 274.935
0.999402 -0.000525633 0.034575 -2.01087 0.000284616 0.999976 0.00697539 -4.60228 -0.0345779 -0.00696138 0.999378 275.775
0.999567 -0.00238622 0.0293382 -1.98826 0.00213202 0.99996 0.00869265 -4.61435 -0.0293578 -0.00862634 0.999532 276.6
0.999687 -0.00283096 0.0248652 -1.96901 0.00257618 0.999944 0.0102725 -4.62464 -0.0248928 -0.0102052 0.999638 277.424
0.999794 -0.003021 0.0200908 -1.9542 0.0027972 0.999934 0.0111583 -4.63885 -0.0201232 -0.0110998 0.999736 278.231
0.999885 -0.00332653 0.0148204 -1.94249 0.00315201 0.999926 0.0117835 -4.65087 -0.0148585 -0.0117354 0.999821 279.043
0.999941 -0.00411721 0.0100508 -1.94016 0.00399611 0.99992 0.0120386 -4.66245 -0.0100996 -0.0119977 0.999877 279.829
0.999971 -0.00422553 0.00628841 -1.94141 0.00415115 0.999922 0.0117939 -4.67535 -0.00633776 -0.0117674 0.999911 280.59
0.999989 -0.00388025 0.00252417 -1.9444 0.00385163 0.999929 0.0112469 -4.684 -0.00256764 -0.0112371 0.999934 281.344
0.999994 -0.00350633 -0.000230846 -1.96131 0.00350869 0.999932 0.0111591 -4.69456 0.000191703 -0.0111598 0.999938 282.078
0.999984 -0.0036851 -0.00437886 -1.96496 0.0037345 0.999929 0.0113261 -4.70672 0.00433681 -0.0113423 0.999926 282.801
0.999952 -0.00481934 -0.00853389 -1.97981 0.0049058 0.999937 0.0101391 -4.71427 0.00848449 -0.0101804 0.999912 283.504
0.999906 -0.00378227 -0.0131894 -1.99554 0.00389737 0.999954 0.00871184 -4.72587 0.0131558 -0.00876243 0.999875 284.188
0.999828 -0.00230952 -0.0184251 -2.02594 0.00244165 0.999971 0.00715231 -4.74137 0.018408 -0.00719606 0.999805 284.834
0.999625 -0.0015895 -0.0273478 -2.05123 0.0017322 0.999985 0.00519518 -4.75097 0.0273391 -0.0052406 0.999612 285.491
0.999265 -0.00118421 -0.0383082 -2.08072 0.00134621 0.99999 0.00420335 -4.76619 0.0383028 -0.00425183 0.999257 286.128
0.998683 -0.000888848 -0.0512968 -2.12854 0.00109726 0.999991 0.00403486 -4.78035 0.0512928 -0.00408583 0.998675 286.739
0.997645 9.56202e-06 -0.0685933 -2.183 0.000296511 0.99999 0.00445197 -4.7936 0.0685926 -0.00446182 0.997635 287.35
0.996115 0.00261575 -0.0880238 -2.25872 -0.00211811 0.999981 0.00574644 -4.80599 0.0880371 -0.00553767 0.996102 287.94
0.993827 0.00416525 -0.110865 -2.34159 -0.00356702 0.999978 0.00559377 -4.81499 0.110886 -0.00516378 0.99382 288.508
0.990719 0.00598931 -0.135795 -2.44527 -0.00523019 0.999969 0.00594624 -4.82839 0.135827 -0.00518081 0.990719 289.062
0.986368 0.00756847 -0.16438 -2.55103 -0.00665475 0.999959 0.00610856 -4.8359 0.16442 -0.00493138 0.986378 289.607
0.980989 0.00911879 -0.19385 -2.69037 -0.00770979 0.999938 0.0080217 -4.84834 0.193911 -0.00637466 0.980998 290.111
0.973691 0.00907464 -0.227691 -2.8365 -0.00706449 0.999929 0.00964182 -4.85306 0.227763 -0.00777963 0.973686 290.643
0.964507 0.00953211 -0.263885 -2.99751 -0.00666871 0.999909 0.0117446 -4.86264 0.263973 -0.00956797 0.964483 291.138
0.953593 0.0110521 -0.300896 -3.17682 -0.00702621 0.999871 0.0144584 -4.86897 0.301017 -0.0116733 0.953547 291.603
0.940752 0.012939 -0.338849 -3.38042 -0.00750778 0.999822 0.0173344 -4.87622 0.339013 -0.0137633 0.940681 292.054
0.925262 0.0139757 -0.379072 -3.58885 -0.00712654 0.999785 0.0194655 -4.8766 0.379262 -0.0153092 0.925162 292.498
0.907941 0.0144709 -0.418848 -3.83104 -0.00598418 0.999749 0.0215688 -4.88123 0.419055 -0.0170767 0.9078 292.92
0.887551 0.0146363 -0.460477 -4.08346 -0.00452867 0.999724 0.0230474 -4.88158 0.460687 -0.0183704 0.887372 293.335
0.865038 0.0141907 -0.501505 -4.34543 -0.00233351 0.999703 0.0242628 -4.88153 0.5017 -0.019818 0.864815 293.708
0.83835 0.0141351 -0.544949 -4.6298 -0.000327724 0.999677 0.0254259 -4.87951 0.545133 -0.0211372 0.838083 294.091
0.809355 0.0149505 -0.58713 -4.93405 0.00145783 0.999622 0.0274636 -4.88083 0.587318 -0.0230837 0.809027 294.437
0.777382 0.0165102 -0.628812 -5.23697 0.00174389 0.999595 0.0284014 -4.88028 0.629027 -0.0231753 0.777038 294.75
0.741816 0.0166924 -0.670396 -5.57867 0.00358302 0.999577 0.0288536 -4.87802 0.670594 -0.0238061 0.741442 295.061
0.702933 0.0166162 -0.711062 -5.92272 0.00816027 0.999473 0.0314228 -4.87478 0.71121 -0.0278906 0.702427 295.329
0.659164 0.0165411 -0.751817 -6.28474 0.0145146 0.999292 0.0347118 -4.87332 0.751859 -0.0337931 0.658458 295.596
0.611468 0.0176372 -0.791073 -6.65556 0.0193497 0.999119 0.0372323 -4.87148 0.791033 -0.0380734 0.610588 295.822
0.559912 0.0220696 -0.828258 -7.01393 0.0195413 0.999015 0.0398297 -4.87172 0.828322 -0.0384863 0.558929 296
0.507776 0.0286781 -0.861012 -7.43558 0.015768 0.998969 0.0425722 -4.86572 0.861345 -0.0351936 0.5068 296.151
0.451582 0.0333818 -0.891605 -7.82515 0.0134116 0.998933 0.044193 -4.85186 0.892129 -0.0319146 0.450652 296.297
0.393925 0.0366704 -0.918411 -8.1935 0.0129705 0.998883 0.0454468 -4.84792 0.919051 -0.0298149 0.393009 296.392
0.336562 0.0384771 -0.940875 -8.63125 0.0150058 0.998819 0.0462145 -4.82299 0.941542 -0.0296725 0.335587 296.479
0.276508 0.0434222 -0.96003 -9.00625 0.0179815 0.99857 0.0503444 -4.83371 0.960844 -0.0311833 0.275331 296.536
0.217478 0.0469166 -0.974937 -9.44072 0.020464 0.998405 0.0526108 -4.80895 0.975851 -0.0313929 0.216171 296.575
0.155464 0.0503381 -0.986558 -9.8727 0.023459 0.998231 0.0546304 -4.79835 0.987563 -0.0316367 0.154008 296.59
0.0897749 0.0549306 -0.994446 -10.2553 0.0242949 0.99806 0.0573235 -4.78102 0.995666 -0.0293062 0.0882662 296.574
0.0235333 0.0608874 -0.997867 -10.6985 0.0272754 0.997733 0.0615224 -4.76471 0.999351 -0.028665 0.0218192 296.52
-0.043685 0.0673686 -0.996771 -11.1357 0.0295848 0.997373 0.0661127 -4.74048 0.998607 -0.0266012 -0.0455634 296.445
-0.110056 0.0741401 -0.991156 -11.5413 0.0323617 0.996953 0.0709803 -4.71926 0.993398 -0.0242637 -0.112119 296.35
-0.178256 0.0807425 -0.980666 -11.9864 0.0353975 0.996509 0.0756127 -4.69695 0.983347 -0.0212347 -0.180491 296.213
-0.241158 0.0860117 -0.966667 -12.424 0.039643 0.996107 0.0787413 -4.66254 0.969676 -0.0193324 -0.243629 296.038
-0.30406 0.0915006 -0.948249 -12.8644 0.0444006 0.995656 0.081838 -4.64408 0.951618 -0.0172192 -0.306801 295.82
-0.366215 0.0947072 -0.925698 -13.3068 0.0489979 0.99539 0.0824533 -4.61712 0.92924 -0.0151616 -0.369167 295.588
-0.424995 0.0955672 -0.900137 -13.7226 0.0531789 0.99533 0.0805656 -4.58577 0.903632 -0.0136283 -0.428092 295.335
-0.481333 0.0954314 -0.871327 -14.1684 0.0565148 0.995366 0.077797 -4.54888 0.874714 -0.0117966 -0.484496 295.036
-0.532745 0.0962818 -0.840781 -14.5981 0.0589395 0.995316 0.0766324 -4.52148 0.844221 -0.00872962 -0.535924 294.729
-0.579153 0.096138 -0.80953 -15.0375 0.0610872 0.995348 0.0745025 -4.4832 0.812927 -0.0063036 -0.582331 294.358
-0.619777 0.0977027 -0.778673 -15.4622 0.0629464 0.995212 0.0747711 -4.45054 0.78225 -0.0026732 -0.622959 293.956
-0.655444 0.10077 -0.748491 -15.8827 0.0674065 0.994909 0.0749189 -4.40888 0.75223 -0.00134805 -0.658899 293.546
-0.691491 0.107551 -0.714334 -16.3065 0.0754112 0.994199 0.0766883 -4.37942 0.718438 -0.000839521 -0.69559 293.08
-0.725799 0.113651 -0.678454 -16.7307 0.0827788 0.993521 0.0778738 -4.34278 0.682908 0.000359053 -0.730504 292.59
-0.758503 0.116095 -0.641245 -17.1446 0.0870188 0.993235 0.0768907 -4.30524 0.645834 0.00252145 -0.763474 292.059
-0.788418 0.112968 -0.604678 -17.5356 0.0872365 0.993591 0.0718808 -4.26232 0.608923 0.00392213 -0.79322 291.493
-0.814142 0.109631 -0.570223 -17.9185 0.0878789 0.993967 0.0656298 -4.2321 0.573978 0.00332134 -0.818864 290.875
-0.839898 0.105111 -0.532468 -18.3095 0.0871523 0.994456 0.0588383 -4.18997 0.535701 0.00301237 -0.844402 290.22
-0.861566 0.101286 -0.497439 -18.6694 0.0867251 0.994855 0.0523595 -4.15245 0.500183 0.00197068 -0.865917 289.543
-0.881784 0.100382 -0.460848 -19.024 0.0870153 0.99494 0.0502232 -4.11713 0.463558 0.00418509 -0.886057 288.804
-0.900371 0.097562 -0.424045 -19.3437 0.0853318 0.995206 0.0477875 -4.08685 0.426675 0.00684189 -0.904379 288.058
-0.91677 0.0960749 -0.387688 -19.6452 0.0854659 0.995344 0.0445591 -4.05624 0.390164 0.00771641 -0.920713 287.251
-0.932309 0.097762 -0.3482 -19.9228 0.0882823 0.995166 0.0430301 -4.02926 0.350723 0.00937748 -0.936432 286.452
-0.944931 0.101342 -0.311184 -20.1767 0.0928501 0.994793 0.0420242 -4.01375 0.313823 0.0108165 -0.94942 285.593
-0.956337 0.10179 -0.273967 -20.4045 0.0938129 0.994699 0.0420985 -3.97946 0.2768 0.0145588 -0.960817 284.693
-0.966026 0.105179 -0.236075 -20.6157 0.0979412 0.994297 0.0422127 -3.95966 0.239169 0.017657 -0.970817 283.777
-0.974163 0.10529 -0.199802 -20.7931 0.0991341 0.994246 0.0405959 -3.93252 0.202927 0.0197399 -0.978995 282.828
-0.980967 0.10284 -0.164705 -20.9485 0.0983292 0.994526 0.0353337 -3.90686 0.167438 0.0184658 -0.98571 281.859
-0.986145 0.101445 -0.131251 -21.0706 0.0982009 0.994684 0.030974 -3.89261 0.133696 0.0176559 -0.990865 280.844
-0.989927 0.100444 -0.0997744 -21.1606 0.09796 0.994753 0.0295081 -3.8764 0.102215 0.019437 -0.994572 279.814
-0.992646 0.0991369 -0.0694742 -21.2127 0.097375 0.994845 0.0283124 -3.85612 0.0719229 0.0213391 -0.997182 278.772
-0.994377 0.0976899 -0.0408802 -21.2442 0.0966722 0.994972 0.0261766 -3.84087 0.0432319 0.0220774 -0.998821 277.693
-0.995177 0.0969827 -0.0147392 -21.2475 0.096604 0.99502 0.0245376 -3.82888 0.0170455 0.0229954 -0.99959 276.588
