1.000000e+00 -1.734723e-18 -6.776264e-21 0.000000e+00 0.000000e+00 1.000000e+00 8.673617e-19 0.000000e+00 -2.168404e-19 -8.673617e-19 1.000000e+00 0.000000e+00
9.999915e-01 1.113846e-03 3.960622e-03 1.379578e-02 -1.111966e-03 9.999993e-01 -4.768100e-04 -7.721286e-03 -3.961150e-03 4.724019e-04 9.999920e-01 3.409469e-01
9.999855e-01 1.837487e-03 5.065996e-03 -5.170870e-03 -1.836531e-03 9.999983e-01 -1.933762e-04 -3.309964e-02 -5.066343e-03 1.840695e-04 9.999871e-01 1.532821e+00
9.999820e-01 1.272057e-03 5.864748e-03 -2.451298e-02 -1.273382e-03 9.999992e-01 2.221678e-04 -6.552976e-02 -5.864461e-03 -2.296318e-04 9.999828e-01 3.118594e+00
9.999799e-01 8.667750e-04 6.281375e-03 -3.543321e-02 -8.689955e-04 9.999996e-01 3.507749e-04 -9.814777e-02 -6.281069e-03 -3.562264e-04 9.999802e-01 4.502937e+00
9.999781e-01 3.370981e-04 6.606376e-03 -3.585579e-02 -3.389548e-04 9.999999e-01 2.799239e-04 -1.219711e-01 -6.606281e-03 -2.821570e-04 9.999781e-01 5.753263e+00
9.999737e-01 8.126703e-04 7.211537e-03 -4.012680e-02 -8.128807e-04 9.999997e-01 2.622844e-05 -1.529879e-01 -7.211514e-03 -3.208987e-05 9.999740e-01 6.980891e+00
9.999646e-01 6.447145e-04 8.392784e-03 -3.395226e-02 -6.422017e-04 9.999997e-01 -3.020968e-04 -1.765505e-01 -8.392977e-03 2.966962e-04 9.999647e-01 8.171733e+00
9.999660e-01 8.775131e-04 8.202850e-03 -3.566152e-02 -8.850123e-04 9.999992e-01 9.106284e-04 -2.061692e-01 -8.202045e-03 -9.178571e-04 9.999659e-01 9.393703e+00
9.999716e-01 1.207084e-03 7.433685e-03 -2.841011e-02 -1.218163e-03 9.999982e-01 1.485966e-03 -2.287950e-01 -7.431879e-03 -1.494979e-03 9.999713e-01 1.058881e+01
9.999877e-01 -8.388671e-04 4.890392e-03 -3.419992e-02 8.310601e-04 9.999984e-01 1.598220e-03 -2.535784e-01 -4.891725e-03 -1.594137e-03 9.999868e-01 1.179693e+01
9.999939e-01 -6.688005e-04 3.427179e-03 -3.951191e-02 6.646523e-04 9.999990e-01 1.211405e-03 -2.769589e-01 -3.427986e-03 -1.209120e-03 9.999934e-01 1.297936e+01
9.999990e-01 -1.850623e-04 1.429124e-03 -4.795598e-02 1.835106e-04 9.999994e-01 1.085798e-03 -3.049381e-01 -1.429325e-03 -1.085535e-03 9.999984e-01 1.417774e+01
9.999999e-01 5.155310e-04 2.201658e-05 -5.524493e-02 -5.155544e-04 9.999993e-01 1.076973e-03 -3.263966e-01 -2.146136e-05 -1.076985e-03 9.999994e-01 1.538042e+01
9.999995e-01 9.505836e-04 2.139593e-04 -5.425964e-02 -9.508243e-04 9.999989e-01 1.127443e-03 -3.498996e-01 -2.128874e-04 -1.127646e-03 9.999993e-01 1.657591e+01
9.999995e-01 8.263460e-04 5.271714e-04 -5.407853e-02 -8.271173e-04 9.999986e-01 1.464557e-03 -3.733256e-01 -5.259605e-04 -1.464992e-03 9.999988e-01 1.776934e+01
9.999995e-01 -2.290501e-04 -9.424940e-04 -5.936795e-02 2.309667e-04 9.999979e-01 2.033931e-03 -3.957946e-01 9.420262e-04 -2.034147e-03 9.999975e-01 1.897107e+01
9.999991e-01 -8.835947e-04 -1.018824e-03 -7.318891e-02 8.852550e-04 9.999983e-01 1.630303e-03 -4.192559e-01 1.017382e-03 -1.631204e-03 9.999982e-01 2.017534e+01
9.999976e-01 3.843449e-05 -2.213217e-03 -7.897777e-02 -3.650292e-05 9.999996e-01 8.727752e-04 -4.402732e-01 2.213249e-03 -8.726923e-04 9.999972e-01 2.138167e+01
9.999963e-01 3.190748e-04 -2.718621e-03 -9.452418e-02 -3.168273e-04 9.999996e-01 8.271280e-04 -4.687200e-01 2.718884e-03 -8.262636e-04 9.999960e-01 2.257638e+01
9.999962e-01 -2.450820e-04 -2.738430e-03 -1.091628e-01 2.488515e-04 9.999990e-01 1.376253e-03 -4.861389e-01 2.738091e-03 -1.376929e-03 9.999953e-01 2.377184e+01
9.999897e-01 4.428030e-04 -4.516873e-03 -1.201069e-01 -4.388973e-04 9.999995e-01 8.656498e-04 -5.130467e-01 4.517255e-03 -8.636585e-04 9.999894e-01 2.496960e+01
9.999903e-01 7.413485e-04 -4.342557e-03 -1.340038e-01 -7.357017e-04 9.999989e-01 1.301797e-03 -5.353425e-01 4.343518e-03 -1.298590e-03 9.999897e-01 2.617159e+01
9.999835e-01 -1.166449e-04 -5.742715e-03 -1.384747e-01 1.348950e-04 9.999949e-01 3.177667e-03 -5.560785e-01 5.742316e-03 -3.178389e-03 9.999785e-01 2.737283e+01
9.999799e-01 -1.220728e-03 -6.215458e-03 -1.624813e-01 1.242713e-03 9.999930e-01 3.534527e-03 -5.766068e-01 6.211100e-03 -3.542180e-03 9.999744e-01 2.857284e+01
9.999786e-01 -2.377690e-03 -6.087803e-03 -1.789348e-01 2.394585e-03 9.999933e-01 2.769384e-03 -5.978257e-01 6.081178e-03 -2.783903e-03 9.999776e-01 2.976825e+01
9.999694e-01 -1.467996e-03 -7.678279e-03 -1.848428e-01 1.484447e-03 9.999966e-01 2.137219e-03 -6.243903e-01 7.675116e-03 -2.148552e-03 9.999682e-01 3.095204e+01
9.999651e-01 -1.346568e-03 -8.246975e-03 -2.065178e-01 1.361211e-03 9.999975e-01 1.770263e-03 -6.436118e-01 8.244571e-03 -1.781427e-03 9.999644e-01 3.215867e+01
9.999519e-01 -1.592643e-03 -9.680652e-03 -2.234743e-01 1.616242e-03 9.999957e-01 2.430440e-03 -6.666151e-01 9.676741e-03 -2.445970e-03 9.999502e-01 3.335586e+01
9.999503e-01 -2.091856e-03 -9.745405e-03 -2.416549e-01 2.119913e-03 9.999936e-01 2.869486e-03 -6.880037e-01 9.739341e-03 -2.890003e-03 9.999484e-01 3.456409e+01
9.999438e-01 -3.009819e-03 -1.016839e-02 -2.631517e-01 3.040753e-03 9.999908e-01 3.028068e-03 -7.098417e-01 1.015919e-02 -3.058818e-03 9.999437e-01 3.576547e+01
9.999363e-01 -2.962376e-03 -1.088958e-02 -2.770776e-01 2.994028e-03 9.999913e-01 2.891481e-03 -7.283229e-01 1.088092e-02 -2.923901e-03 9.999365e-01 3.695785e+01
9.999362e-01 -3.062943e-03 -1.087466e-02 -3.059906e-01 3.100155e-03 9.999894e-01 3.406698e-03 -7.527311e-01 1.086411e-02 -3.440194e-03 9.999351e-01 3.818520e+01
9.999355e-01 -2.778659e-03 -1.101676e-02 -3.200873e-01 2.832350e-03 9.999842e-01 4.860958e-03 -7.744728e-01 1.100308e-02 -4.891848e-03 9.999275e-01 3.936033e+01
9.999391e-01 -2.096395e-03 -1.083322e-02 -3.364171e-01 2.159009e-03 9.999810e-01 5.771325e-03 -7.907434e-01 1.082092e-02 -5.794362e-03 9.999247e-01 4.055879e+01
9.999435e-01 -1.713719e-03 -1.049285e-02 -3.569788e-01 1.772350e-03 9.999829e-01 5.580886e-03 -8.098156e-01 1.048311e-02 -5.599168e-03 9.999294e-01 4.176241e+01
9.999423e-01 -8.916979e-04 -1.070811e-02 -3.754948e-01 9.551968e-04 9.999820e-01 5.926329e-03 -8.324583e-01 1.070263e-02 -5.936215e-03 9.999251e-01 4.295334e+01
9.999522e-01 2.142734e-03 -9.536787e-03 -3.996018e-01 -2.072657e-03 9.999708e-01 7.351883e-03 -8.416641e-01 9.552262e-03 -7.331765e-03 9.999275e-01 4.415681e+01
9.999601e-01 2.579007e-03 -8.551462e-03 -4.195940e-01 -2.489823e-03 9.999426e-01 1.042339e-02 -8.595637e-01 8.577854e-03 -1.040168e-02 9.999091e-01 4.537717e+01
9.999744e-01 2.307991e-03 -6.774890e-03 -4.226976e-01 -2.222682e-03 9.999185e-01 1.257266e-02 -8.685480e-01 6.803356e-03 -1.255728e-02 9.998980e-01 4.657731e+01
9.999858e-01 2.711152e-03 -4.579540e-03 -4.495128e-01 -2.639336e-03 9.998746e-01 1.561579e-02 -8.755121e-01 4.621303e-03 -1.560348e-02 9.998676e-01 4.778607e+01
9.999913e-01 1.683284e-03 -3.811831e-03 -4.522072e-01 -1.614464e-03 9.998369e-01 1.798619e-02 -8.830936e-01 3.841486e-03 -1.797988e-02 9.998310e-01 4.899286e+01
9.999966e-01 1.263073e-03 -2.285537e-03 -4.658259e-01 -1.224419e-03 9.998575e-01 1.683564e-02 -8.835433e-01 2.306476e-03 -1.683278e-02 9.998557e-01 5.020792e+01
9.999983e-01 1.805306e-03 -2.418369e-04 -4.708541e-01 -1.801341e-03 9.998782e-01 1.550214e-02 -8.997294e-01 2.697936e-04 -1.550168e-02 9.998798e-01 5.140795e+01
9.999970e-01 2.387177e-03 -5.066778e-04 -4.815265e-01 -2.379552e-03 9.998913e-01 1.455081e-02 -8.930779e-01 5.413582e-04 -1.454956e-02 9.998940e-01 5.258429e+01
9.999964e-01 2.674193e-03 3.156038e-04 -4.965241e-01 -2.678462e-03 9.998927e-01 1.440201e-02 -9.030752e-01 -2.770562e-04 -1.440280e-02 9.998962e-01 5.381491e+01
9.999990e-01 1.276888e-03 -5.514964e-04 -4.964377e-01 -1.269380e-03 9.999093e-01 1.340700e-02 -9.171799e-01 5.685656e-04 -1.340629e-02 9.999100e-01 5.500047e+01
9.999956e-01 2.098867e-03 -2.111331e-03 -5.113099e-01 -2.069110e-03 9.998999e-01 1.399877e-02 -9.215117e-01 2.140501e-03 -1.399434e-02 9.998998e-01 5.620159e+01
9.999946e-01 2.009414e-03 -2.606325e-03 -5.206629e-01 -1.969990e-03 9.998849e-01 1.504169e-02 -9.280738e-01 2.636250e-03 -1.503648e-02 9.998835e-01 5.741254e+01
9.999875e-01 1.860261e-03 -4.631032e-03 -5.286434e-01 -1.785251e-03 9.998680e-01 1.614902e-02 -9.366923e-01 4.660462e-03 -1.614056e-02 9.998589e-01 5.861542e+01
9.999870e-01 2.035804e-03 -4.678091e-03 -5.415382e-01 -1.963663e-03 9.998799e-01 1.537422e-02 -9.393805e-01 4.708828e-03 -1.536484e-02 9.998709e-01 5.983745e+01
9.999755e-01 3.099781e-03 -6.281180e-03 -5.593610e-01 -3.002327e-03 9.998759e-01 1.546581e-02 -9.505765e-01 6.328341e-03 -1.544657e-02 9.998607e-01 6.103812e+01
9.999809e-01 2.145700e-03 -5.800646e-03 -5.724588e-01 -2.058592e-03 9.998857e-01 1.498137e-02 -9.559720e-01 5.832128e-03 -1.496915e-02 9.998709e-01 6.224268e+01
9.999818e-01 1.449077e-03 -5.860419e-03 -5.860800e-01 -1.363714e-03 9.998933e-01 1.454401e-02 -9.708535e-01 5.880870e-03 -1.453575e-02 9.998771e-01 6.345206e+01
9.999752e-01 2.283855e-03 -6.665403e-03 -5.962950e-01 -2.180132e-03 9.998771e-01 1.552739e-02 -9.807312e-01 6.700046e-03 -1.551248e-02 9.998572e-01 6.465193e+01
9.999766e-01 9.611512e-04 -6.779943e-03 -6.176333e-01 -8.476127e-04 9.998597e-01 1.672929e-02 -9.838045e-01 6.795071e-03 -1.672315e-02 9.998371e-01 6.585625e+01
9.999765e-01 2.924994e-04 -6.851362e-03 -6.271004e-01 -1.811137e-04 9.998679e-01 1.625243e-02 -9.890643e-01 6.855211e-03 -1.625080e-02 9.998444e-01 6.706390e+01
9.999743e-01 2.497111e-03 -6.717327e-03 -6.507381e-01 -2.395469e-03 9.998832e-01 1.509700e-02 -1.002262e+00 6.754241e-03 -1.508052e-02 9.998635e-01 6.825169e+01
9.999633e-01 5.743918e-03 -6.361556e-03 -6.648559e-01 -5.649503e-03 9.998751e-01 1.476137e-02 -1.003923e+00 6.445550e-03 -1.472489e-02 9.998708e-01 6.945148e+01
9.999551e-01 6.085044e-03 -7.259725e-03 -6.876746e-01 -5.971099e-03 9.998602e-01 1.561531e-02 -1.013819e+00 7.353731e-03 -1.557126e-02 9.998517e-01 7.065133e+01
9.999472e-01 7.969079e-03 -6.482597e-03 -7.122301e-01 -7.867116e-03 9.998473e-01 1.560513e-02 -1.013118e+00 6.605967e-03 -1.555331e-02 9.998572e-01 7.183711e+01
9.999445e-01 8.833379e-03 -5.737354e-03 -7.307826e-01 -8.739114e-03 9.998297e-01 1.625248e-02 -1.025081e+00 5.879942e-03 -1.620144e-02 9.998515e-01 7.301572e+01
9.999342e-01 1.080203e-02 -3.854357e-03 -7.409159e-01 -1.073523e-02 9.997987e-01 1.695082e-02 -1.027694e+00 4.036685e-03 -1.690833e-02 9.998489e-01 7.421189e+01
9.999597e-01 8.952053e-03 -7.077710e-04 -7.578444e-01 -8.939590e-03 9.998321e-01 1.599593e-02 -1.031182e+00 8.508486e-04 -1.598896e-02 9.998718e-01 7.538914e+01
9.999811e-01 5.872679e-03 1.810480e-03 -7.518321e-01 -5.894259e-03 9.999088e-01 1.215385e-02 -1.048787e+00 -1.738940e-03 -1.216429e-02 9.999245e-01 7.655667e+01
9.999647e-01 7.186447e-03 4.348670e-03 -7.639273e-01 -7.232200e-03 9.999177e-01 1.059826e-02 -1.067437e+00 -4.272149e-03 -1.062934e-02 9.999344e-01 7.774080e+01
9.999571e-01 6.594660e-03 6.512149e-03 -7.626902e-01 -6.682563e-03 9.998856e-01 1.357005e-02 -1.064903e+00 -6.421914e-03 -1.361299e-02 9.998867e-01 7.891195e+01
9.999361e-01 5.707654e-03 9.753397e-03 -7.585178e-01 -5.857881e-03 9.998636e-01 1.544408e-02 -1.073604e+00 -9.663918e-03 -1.550023e-02 9.998332e-01 8.008530e+01
9.998832e-01 6.292698e-03 1.392608e-02 -7.686496e-01 -6.486237e-03 9.998824e-01 1.389630e-02 -1.078378e+00 -1.383700e-02 -1.398500e-02 9.998065e-01 8.127751e+01
9.998329e-01 5.978557e-03 1.727608e-02 -7.469842e-01 -6.173264e-03 9.999178e-01 1.123907e-02 -1.093527e+00 -1.720747e-02 -1.134384e-02 9.997876e-01 8.242005e+01
9.997538e-01 5.093813e-03 2.159802e-02 -7.402283e-01 -5.276441e-03 9.999507e-01 8.407214e-03 -1.107432e+00 -2.155413e-02 -8.519105e-03 9.997314e-01 8.357845e+01
9.996968e-01 4.256110e-03 2.425373e-02 -7.219897e-01 -4.419653e-03 9.999678e-01 6.693375e-03 -1.124235e+00 -2.422446e-02 -6.798539e-03 9.996834e-01 8.474712e+01
9.995947e-01 4.489165e-03 2.811096e-02 -7.100534e-01 -4.720735e-03 9.999554e-01 8.176750e-03 -1.146677e+00 -2.807300e-02 -8.306141e-03 9.995714e-01 8.591757e+01
9.994852e-01 4.588273e-03 3.175489e-02 -6.831402e-01 -4.880136e-03 9.999465e-01 9.119726e-03 -1.156055e+00 -3.171135e-02 -9.269999e-03 9.994541e-01 8.709111e+01
9.993696e-01 4.130021e-03 3.526003e-02 -6.411812e-01 -4.393882e-03 9.999629e-01 7.409085e-03 -1.174815e+00 -3.522813e-02 -7.559343e-03 9.993507e-01 8.824798e+01
9.992302e-01 4.509366e-03 3.896982e-02 -6.041540e-01 -4.723293e-03 9.999743e-01 5.399244e-03 -1.190925e+00 -3.894448e-02 -5.579153e-03 9.992258e-01 8.938142e+01
9.991250e-01 4.630082e-03 4.156638e-02 -5.562325e-01 -4.828663e-03 9.999774e-01 4.678320e-03 -1.206476e+00 -4.154378e-02 -4.874936e-03 9.991248e-01 9.055304e+01
9.990151e-01 3.150028e-03 4.425930e-02 -5.052775e-01 -3.421792e-03 9.999757e-01 6.065837e-03 -1.228338e+00 -4.423912e-02 -6.211309e-03 9.990017e-01 9.170492e+01
9.988457e-01 2.751294e-03 4.795548e-02 -4.521193e-01 -3.097242e-03 9.999697e-01 7.141122e-03 -1.240299e+00 -4.793438e-02 -7.281409e-03 9.988239e-01 9.284851e+01
9.987433e-01 1.393715e-03 5.009778e-02 -4.135670e-01 -1.860631e-03 9.999553e-01 9.274676e-03 -1.253743e+00 -5.008261e-02 -9.356235e-03 9.987013e-01 9.400238e+01
9.985906e-01 3.429174e-05 5.307346e-02 -3.522199e-01 -5.839974e-04 9.999463e-01 1.034197e-02 -1.269174e+00 -5.307027e-02 -1.035839e-02 9.985371e-01 9.516018e+01
9.985312e-01 -8.310724e-04 5.417395e-02 -3.015777e-01 3.603963e-04 9.999621e-01 8.697428e-03 -1.282438e+00 -5.417913e-02 -8.665129e-03 9.984936e-01 9.634045e+01
9.983490e-01 -2.068717e-03 5.740211e-02 -2.393247e-01 1.764497e-03 9.999841e-01 5.349986e-03 -1.298104e+00 -5.741227e-02 -5.239867e-03 9.983368e-01 9.748849e+01
9.982346e-01 -1.970256e-03 5.936229e-02 -1.800600e-01 1.805644e-03 9.999944e-01 2.826526e-03 -1.312502e+00 -5.936753e-02 -2.714349e-03 9.982325e-01 9.863199e+01
9.981373e-01 -1.068715e-03 6.099837e-02 -1.125603e-01 9.742703e-04 9.999983e-01 1.578045e-03 -1.338041e+00 -6.099996e-02 -1.515677e-03 9.981366e-01 9.980325e+01
9.980873e-01 -1.601695e-03 6.180007e-02 -5.522750e-02 1.497093e-03 9.999974e-01 1.738852e-03 -1.349660e+00 -6.180269e-02 -1.643005e-03 9.980870e-01 1.009616e+02
9.981260e-01 -1.182963e-03 6.118152e-02 1.534395e-02 9.234882e-04 9.999905e-01 4.269173e-03 -1.369112e+00 -6.118600e-02 -4.204672e-03 9.981175e-01 1.021389e+02
9.982145e-01 -1.847651e-03 5.970240e-02 8.459662e-02 1.503732e-03 9.999820e-01 5.804967e-03 -1.390226e+00 -5.971206e-02 -5.704826e-03 9.981993e-01 1.033128e+02
9.982865e-01 -1.468320e-03 5.849686e-02 1.377318e-01 1.101687e-03 9.999796e-01 6.299325e-03 -1.403484e+00 -5.850492e-02 -6.224086e-03 9.982677e-01 1.045103e+02
9.984709e-01 -1.582716e-03 5.525731e-02 1.996468e-01 1.194665e-03 9.999744e-01 7.054942e-03 -1.419663e+00 -5.526706e-02 -6.978140e-03 9.984472e-01 1.057186e+02
9.986036e-01 -7.189901e-04 5.282452e-02 2.473979e-01 3.452666e-04 9.999749e-01 7.083597e-03 -1.434646e+00 -5.282829e-02 -7.055466e-03 9.985787e-01 1.069100e+02
9.988227e-01 7.627647e-04 4.850463e-02 3.031756e-01 -1.085662e-03 9.999774e-01 6.631046e-03 -1.442936e+00 -4.849848e-02 -6.675899e-03 9.988009e-01 1.081305e+02
9.990012e-01 8.825001e-04 4.467395e-02 3.473191e-01 -1.201407e-03 9.999740e-01 7.112195e-03 -1.457986e+00 -4.466652e-02 -7.158763e-03 9.989763e-01 1.093401e+02
9.991411e-01 1.403746e-03 4.141257e-02 3.790079e-01 -1.746092e-03 9.999646e-01 8.231700e-03 -1.469578e+00 -4.139955e-02 -8.296941e-03 9.991082e-01 1.105329e+02
9.993309e-01 1.786770e-03 3.653239e-02 4.163695e-01 -2.126652e-03 9.999548e-01 9.266849e-03 -1.484649e+00 -3.651419e-02 -9.338340e-03 9.992895e-01 1.117682e+02
9.994646e-01 1.670616e-03 3.267473e-02 4.424207e-01 -1.982094e-03 9.999529e-01 9.502624e-03 -1.496356e+00 -3.265732e-02 -9.562302e-03 9.994209e-01 1.129718e+02
9.996292e-01 1.964989e-03 2.715954e-02 4.737970e-01 -2.256108e-03 9.999403e-01 1.069235e-02 -1.509165e+00 -2.713691e-02 -1.074966e-02 9.995739e-01 1.141987e+02
9.997399e-01 2.812918e-03 2.263201e-02 4.987121e-01 -3.051685e-03 9.999400e-01 1.052231e-02 -1.524097e+00 -2.260105e-02 -1.058864e-02 9.996885e-01 1.154061e+02
9.998313e-01 3.655324e-03 1.799783e-02 5.086589e-01 -3.843162e-03 9.999384e-01 1.041315e-02 -1.534495e+00 -1.795866e-02 -1.048056e-02 9.997838e-01 1.166260e+02
9.999060e-01 4.519987e-03 1.294373e-02 5.071546e-01 -4.650651e-03 9.999384e-01 1.008248e-02 -1.546253e+00 -1.289736e-02 -1.014173e-02 9.998654e-01 1.178585e+02
9.999314e-01 6.356584e-03 9.838976e-03 5.173618e-01 -6.452647e-03 9.999315e-01 9.762764e-03 -1.561589e+00 -9.776245e-03 -9.825581e-03 9.999039e-01 1.190861e+02
9.999396e-01 8.639683e-03 6.800763e-03 5.014296e-01 -8.706520e-03 9.999135e-01 9.860280e-03 -1.568916e+00 -6.714986e-03 -9.918896e-03 9.999283e-01 1.203418e+02
9.999348e-01 9.519174e-03 6.314737e-03 4.993418e-01 -9.582158e-03 9.999039e-01 1.001999e-02 -1.580304e+00 -6.218749e-03 -1.007984e-02 9.999299e-01 1.215667e+02
9.999155e-01 1.167251e-02 5.717311e-03 4.980876e-01 -1.172775e-02 9.998839e-01 9.725800e-03 -1.594236e+00 -5.603123e-03 -9.792030e-03 9.999364e-01 1.227890e+02
9.999002e-01 1.357856e-02 3.908142e-03 4.986085e-01 -1.362154e-02 9.998446e-01 1.118812e-02 -1.605623e+00 -3.755617e-03 -1.124024e-02 9.999298e-01 1.240568e+02
9.999035e-01 1.342749e-02 3.556077e-03 4.861973e-01 -1.346808e-02 9.998415e-01 1.164708e-02 -1.616792e+00 -3.399122e-03 -1.169385e-02 9.999258e-01 1.252873e+02
9.998617e-01 1.649933e-02 2.076242e-03 4.788584e-01 -1.652666e-02 9.997666e-01 1.391445e-02 -1.626056e+00 -1.846179e-03 -1.394684e-02 9.999010e-01 1.265590e+02
9.998373e-01 1.796461e-02 1.657121e-03 4.586117e-01 -1.798948e-02 9.997025e-01 1.646966e-02 -1.622256e+00 -1.360758e-03 -1.649679e-02 9.998630e-01 1.278178e+02
9.998565e-01 1.687397e-02 1.510026e-03 4.617950e-01 -1.689743e-02 9.997098e-01 1.717050e-02 -1.630183e+00 -1.219853e-03 -1.719355e-02 9.998514e-01 1.290634e+02
9.998633e-01 1.651068e-02 9.011745e-04 4.615813e-01 -1.652315e-02 9.997315e-01 1.624827e-02 -1.634738e+00 -6.326625e-04 -1.626094e-02 9.998676e-01 1.303239e+02
9.998940e-01 1.453430e-02 8.685013e-04 4.639520e-01 -1.454641e-02 9.997642e-01 1.612120e-02 -1.636706e+00 -6.339862e-04 -1.613212e-02 9.998697e-01 1.315586e+02
9.999334e-01 1.150676e-02 -8.522270e-04 4.544619e-01 -1.148934e-02 9.997681e-01 1.821304e-02 -1.645199e+00 1.061603e-03 -1.820204e-02 9.998338e-01 1.328476e+02
9.999579e-01 9.116910e-03 -1.081686e-03 4.472185e-01 -9.092887e-03 9.997495e-01 2.045232e-02 -1.647093e+00 1.267877e-03 -2.044163e-02 9.997902e-01 1.341059e+02
9.999741e-01 7.192202e-03 -2.507408e-04 4.339010e-01 -7.185220e-03 9.997468e-01 2.132491e-02 -1.644607e+00 4.040504e-04 -2.132255e-02 9.997726e-01 1.353545e+02
9.999932e-01 3.379109e-03 -1.484036e-03 4.363487e-01 -3.347409e-03 9.997766e-01 2.086772e-02 -1.649041e+00 1.554219e-03 -2.086261e-02 9.997811e-01 1.366385e+02
9.999994e-01 1.077582e-03 -3.135447e-04 4.453171e-01 -1.071298e-03 9.998113e-01 1.939627e-02 -1.646246e+00 3.343867e-04 -1.939592e-02 9.998118e-01 1.378903e+02
9.999990e-01 -8.459723e-04 -1.090086e-03 4.263380e-01 8.665281e-04 9.998192e-01 1.899649e-02 -1.652349e+00 1.073818e-03 -1.899742e-02 9.998190e-01 1.391850e+02
9.999984e-01 -1.680145e-03 -5.989524e-04 4.161020e-01 1.691479e-03 9.998093e-01 1.945282e-02 -1.651412e+00 5.661547e-04 -1.945381e-02 9.998106e-01 1.404392e+02
9.999981e-01 -1.422911e-03 1.368280e-03 4.025036e-01 1.393909e-03 9.997792e-01 2.096834e-02 -1.648322e+00 -1.397814e-03 -2.096639e-02 9.997792e-01 1.417070e+02
9.999989e-01 1.192642e-03 8.265807e-04 4.055371e-01 -1.210904e-03 9.997471e-01 2.245631e-02 -1.648096e+00 -7.995893e-04 -2.245728e-02 9.997475e-01 1.430095e+02
9.999974e-01 1.400578e-03 1.789953e-03 3.956142e-01 -1.439247e-03 9.997616e-01 2.178814e-02 -1.649590e+00 -1.759010e-03 -2.179066e-02 9.997610e-01 1.442807e+02
9.999922e-01 2.375589e-03 3.154148e-03 3.887609e-01 -2.438375e-03 9.997959e-01 2.005348e-02 -1.643422e+00 -3.105865e-03 -2.006102e-02 9.997939e-01 1.455537e+02
9.999927e-01 2.768902e-03 2.633690e-03 3.895319e-01 -2.814675e-03 9.998422e-01 1.753771e-02 -1.649385e+00 -2.584714e-03 -1.754500e-02 9.998427e-01 1.468253e+02
9.999914e-01 1.245390e-03 3.951558e-03 3.956280e-01 -1.301316e-03 9.998986e-01 1.418207e-02 -1.663155e+00 -3.933496e-03 -1.418709e-02 9.998916e-01 1.480918e+02
9.999918e-01 2.278731e-03 3.358974e-03 4.006640e-01 -2.315974e-03 9.999354e-01 1.112581e-02 -1.675427e+00 -3.333405e-03 -1.113350e-02 9.999325e-01 1.493724e+02
9.999920e-01 1.805283e-03 3.576980e-03 3.885693e-01 -1.840375e-03 9.999500e-01 9.831714e-03 -1.689149e+00 -3.559052e-03 -9.838218e-03 9.999453e-01 1.506410e+02
9.999902e-01 9.257111e-04 4.338581e-03 3.790181e-01 -9.679754e-04 9.999520e-01 9.749524e-03 -1.703236e+00 -4.329348e-03 -9.753628e-03 9.999431e-01 1.519144e+02
9.999920e-01 1.178146e-03 3.817684e-03 3.823096e-01 -1.218684e-03 9.999427e-01 1.063367e-02 -1.716351e+00 -3.804937e-03 -1.063824e-02 9.999362e-01 1.531685e+02
9.999880e-01 2.330883e-03 4.299101e-03 3.750901e-01 -2.380589e-03 9.999300e-01 1.159329e-02 -1.729228e+00 -4.271778e-03 -1.160338e-02 9.999236e-01 1.544431e+02
9.999926e-01 2.400077e-03 3.017917e-03 3.672615e-01 -2.436227e-03 9.999246e-01 1.203238e-02 -1.741428e+00 -2.988811e-03 -1.203965e-02 9.999231e-01 1.557010e+02
9.999930e-01 2.303881e-03 2.948207e-03 3.668375e-01 -2.339570e-03 9.999233e-01 1.215945e-02 -1.752461e+00 -2.919967e-03 -1.216627e-02 9.999217e-01 1.569635e+02
9.999920e-01 3.026602e-03 2.601199e-03 3.455511e-01 -3.058241e-03 9.999203e-01 1.224634e-02 -1.764930e+00 -2.563928e-03 -1.225420e-02 9.999216e-01 1.582524e+02
9.999950e-01 2.986394e-03 1.062819e-03 3.448227e-01 -3.000399e-03 9.999053e-01 1.342876e-02 -1.772588e+00 -1.022615e-03 -1.343188e-02 9.999093e-01 1.595034e+02
9.999924e-01 3.498734e-03 1.733659e-03 3.420557e-01 -3.522596e-03 9.998964e-01 1.395745e-02 -1.782366e+00 -1.684646e-03 -1.396345e-02 9.999011e-01 1.607616e+02
9.999937e-01 3.555425e-03 1.430763e-04 3.399626e-01 -3.557013e-03 9.999054e-01 1.328719e-02 -1.793791e+00 -9.582115e-05 -1.328762e-02 9.999117e-01 1.620288e+02
9.999908e-01 4.276197e-03 -4.270242e-04 3.340762e-01 -4.270450e-03 9.999108e-01 1.265641e-02 -1.803454e+00 4.811074e-04 -1.265447e-02 9.999198e-01 1.632919e+02
9.999898e-01 4.498287e-03 -2.795012e-04 3.193745e-01 -4.494620e-03 9.999183e-01 1.197035e-02 -1.814413e+00 3.333245e-04 -1.196897e-02 9.999283e-01 1.645613e+02
9.999869e-01 4.797382e-03 -1.788444e-03 3.067300e-01 -4.776523e-03 9.999226e-01 1.149052e-02 -1.823500e+00 1.843430e-03 -1.148183e-02 9.999324e-01 1.658233e+02
9.999867e-01 4.944018e-03 -1.437916e-03 2.995241e-01 -4.928453e-03 9.999313e-01 1.063360e-02 -1.839018e+00 1.490390e-03 -1.062637e-02 9.999424e-01 1.670820e+02
9.999807e-01 5.695457e-03 -2.462440e-03 2.878711e-01 -5.667793e-03 9.999223e-01 1.109899e-02 -1.852150e+00 2.525462e-03 -1.108482e-02 9.999354e-01 1.683474e+02
9.999808e-01 5.186743e-03 -3.402589e-03 2.739545e-01 -5.145290e-03 9.999138e-01 1.208047e-02 -1.863718e+00 3.464954e-03 -1.206273e-02 9.999212e-01 1.696143e+02
9.999754e-01 5.916658e-03 -3.777779e-03 2.631234e-01 -5.868965e-03 9.999045e-01 1.251322e-02 -1.876097e+00 3.851455e-03 -1.249074e-02 9.999146e-01 1.708922e+02
9.999724e-01 5.740477e-03 -4.710996e-03 2.407912e-01 -5.677005e-03 9.998944e-01 1.337764e-02 -1.886725e+00 4.787293e-03 -1.335052e-02 9.998994e-01 1.721480e+02
9.999698e-01 6.081861e-03 -4.840458e-03 2.297830e-01 -6.014525e-03 9.998866e-01 1.380636e-02 -1.896083e+00 4.923878e-03 -1.377683e-02 9.998930e-01 1.734133e+02
9.999626e-01 6.153514e-03 -6.075275e-03 2.075774e-01 -6.072763e-03 9.998941e-01 1.322200e-02 -1.904261e+00 6.155994e-03 -1.318461e-02 9.998941e-01 1.746765e+02
9.999517e-01 7.574992e-03 -6.254536e-03 1.894674e-01 -7.494304e-03 9.998897e-01 1.282490e-02 -1.914895e+00 6.350995e-03 -1.277741e-02 9.998982e-01 1.759465e+02
9.999506e-01 7.617321e-03 -6.377663e-03 1.807606e-01 -7.534498e-03 9.998883e-01 1.291131e-02 -1.923057e+00 6.475301e-03 -1.286262e-02 9.998963e-01 1.772186e+02
9.999504e-01 7.154930e-03 -6.926227e-03 1.516566e-01 -7.070139e-03 9.999007e-01 1.219012e-02 -1.934583e+00 7.012760e-03 -1.214055e-02 9.999017e-01 1.784682e+02
9.999586e-01 6.279518e-03 -6.585310e-03 1.436292e-01 -6.208527e-03 9.999230e-01 1.074589e-02 -1.945172e+00 6.652283e-03 -1.070456e-02 9.999206e-01 1.797486e+02
9.999693e-01 3.958761e-03 -6.759555e-03 1.298933e-01 -3.884087e-03 9.999317e-01 1.102482e-02 -1.962152e+00 6.802738e-03 -1.099823e-02 9.999164e-01 1.809949e+02
9.999657e-01 3.828484e-03 -7.346134e-03 1.170189e-01 -3.721699e-03 9.998880e-01 1.449519e-02 -1.980250e+00 7.400806e-03 -1.446735e-02 9.998680e-01 1.822740e+02
9.999699e-01 2.603141e-03 -7.315386e-03 9.932928e-02 -2.467263e-03 9.998254e-01 1.852232e-02 -1.980737e+00 7.362325e-03 -1.850371e-02 9.998017e-01 1.835403e+02
9.999680e-01 3.110135e-03 -7.368515e-03 7.658269e-02 -2.973479e-03 9.998247e-01 1.848496e-02 -1.983539e+00 7.424715e-03 -1.846246e-02 9.998020e-01 1.847975e+02
9.999665e-01 4.376312e-03 -6.911251e-03 6.019831e-02 -4.266050e-03 9.998647e-01 1.588897e-02 -1.990241e+00 6.979851e-03 -1.585895e-02 9.998499e-01 1.860539e+02
9.999556e-01 5.705154e-03 -7.498298e-03 4.075465e-02 -5.599015e-03 9.998849e-01 1.410067e-02 -2.001352e+00 7.577882e-03 -1.405807e-02 9.998725e-01 1.872904e+02
9.999560e-01 5.349117e-03 -7.711286e-03 2.111953e-02 -5.241450e-03 9.998894e-01 1.391547e-02 -2.014176e+00 7.784869e-03 -1.387444e-02 9.998734e-01 1.885476e+02
9.999541e-01 6.027715e-03 -7.452085e-03 -5.356925e-03 -5.916333e-03 9.998718e-01 1.487928e-02 -2.022419e+00 7.540818e-03 -1.483451e-02 9.998615e-01 1.898097e+02
9.999579e-01 4.525009e-03 -7.977802e-03 -1.832817e-02 -4.386625e-03 9.998411e-01 1.727909e-02 -2.026180e+00 8.054723e-03 -1.724337e-02 9.998189e-01 1.910514e+02
9.999723e-01 4.031074e-03 -6.261385e-03 -3.830224e-02 -3.917000e-03 9.998281e-01 1.812533e-02 -2.034743e+00 6.333374e-03 -1.810030e-02 9.998161e-01 1.922958e+02
9.999731e-01 4.468524e-03 -5.813765e-03 -6.065604e-02 -4.362762e-03 9.998270e-01 1.807898e-02 -2.036581e+00 5.893546e-03 -1.805313e-02 9.998197e-01 1.935450e+02
9.999841e-01 3.387926e-03 -4.498594e-03 -6.115787e-02 -3.311421e-03 9.998516e-01 1.690635e-02 -2.045488e+00 4.555204e-03 -1.689118e-02 9.998470e-01 1.947760e+02
9.999893e-01 3.811797e-03 -2.622454e-03 -6.937504e-02 -3.769801e-03 9.998675e-01 1.583682e-02 -2.057287e+00 2.682473e-03 -1.582677e-02 9.998712e-01 1.959979e+02
9.999950e-01 2.425354e-03 -2.016747e-03 -6.746923e-02 -2.394859e-03 9.998848e-01 1.498794e-02 -2.066737e+00 2.052866e-03 -1.498303e-02 9.998856e-01 1.972188e+02
9.999962e-01 2.747492e-03 1.946785e-04 -8.442653e-02 -2.750158e-03 9.998784e-01 1.535323e-02 -2.075984e+00 -1.524720e-04 -1.535371e-02 9.998821e-01 1.984412e+02
9.999933e-01 3.547824e-03 9.077046e-04 -7.621101e-02 -3.563162e-03 9.998406e-01 1.749422e-02 -2.088398e+00 -8.454936e-04 -1.749733e-02 9.998466e-01 1.996421e+02
9.999934e-01 3.016189e-03 2.009248e-03 -9.449318e-02 -3.052384e-03 9.998286e-01 1.826159e-02 -2.089616e+00 -1.953824e-03 -1.826760e-02 9.998312e-01 2.008578e+02
9.999887e-01 2.843311e-03 3.813030e-03 -1.096903e-01 -2.912173e-03 9.998305e-01 1.817716e-02 -2.097934e+00 -3.760700e-03 -1.818805e-02 9.998275e-01 2.020663e+02
9.999864e-01 3.530549e-03 3.833229e-03 -1.099548e-01 -3.601130e-03 9.998212e-01 1.856475e-02 -2.102823e+00 -3.767000e-03 -1.857830e-02 9.998203e-01 2.032671e+02
9.999770e-01 3.213259e-03 5.966605e-03 -1.106500e-01 -3.324010e-03 9.998206e-01 1.864558e-02 -2.109832e+00 -5.905623e-03 -1.866498e-02 9.998084e-01 2.044561e+02
9.999726e-01 3.722469e-03 6.405832e-03 -1.069115e-01 -3.843685e-03 9.998118e-01 1.901559e-02 -2.113399e+00 -6.333842e-03 -1.903969e-02 9.997987e-01 2.056423e+02
9.999667e-01 3.858787e-03 7.196042e-03 -1.170951e-01 -3.995648e-03 9.998095e-01 1.910261e-02 -2.119409e+00 -7.120959e-03 -1.913073e-02 9.997916e-01 2.068103e+02
9.999640e-01 2.194543e-03 8.201885e-03 -1.028932e-01 -2.358281e-03 9.997971e-01 2.000734e-02 -2.129381e+00 -8.156314e-03 -2.002596e-02 9.997662e-01 2.079692e+02
9.999654e-01 2.578302e-03 7.907638e-03 -9.741205e-02 -2.736827e-03 9.997942e-01 2.010228e-02 -2.132577e+00 -7.854181e-03 -2.012322e-02 9.997667e-01 2.091163e+02
9.999662e-01 2.141807e-03 7.935456e-03 -9.515276e-02 -2.305887e-03 9.997825e-01 2.072571e-02 -2.138549e+00 -7.889341e-03 -2.074331e-02 9.997537e-01 2.102470e+02
9.999737e-01 2.459839e-03 6.829036e-03 -9.632521e-02 -2.603087e-03 9.997751e-01 2.104732e-02 -2.141272e+00 -6.775727e-03 -2.106454e-02 9.997552e-01 2.113655e+02
9.999740e-01 2.525678e-03 6.756447e-03 -1.021047e-01 -2.665741e-03 9.997801e-01 2.080221e-02 -2.149201e+00 -6.702422e-03 -2.081968e-02 9.997608e-01 2.124544e+02
9.999746e-01 3.012014e-03 6.465643e-03 -1.038133e-01 -3.138558e-03 9.998020e-01 1.965151e-02 -2.153923e+00 -6.405173e-03 -1.967131e-02 9.997860e-01 2.135480e+02
9.999809e-01 2.738876e-03 5.539828e-03 -1.028948e-01 -2.848377e-03 9.997988e-01 1.985573e-02 -2.160676e+00 -5.484331e-03 -1.987113e-02 9.997875e-01 2.146084e+02
9.999887e-01 1.992587e-03 4.314841e-03 -1.002728e-01 -2.079309e-03 9.997940e-01 2.018808e-02 -2.166328e+00 -4.273726e-03 -2.019682e-02 9.997869e-01 2.156875e+02
9.999955e-01 1.739014e-03 2.460705e-03 -9.939190e-02 -1.789202e-03 9.997874e-01 2.054260e-02 -2.172226e+00 -2.424458e-03 -2.054691e-02 9.997860e-01 2.167322e+02
9.999994e-01 9.314528e-04 4.842248e-04 -1.010455e-01 -9.418801e-04 9.997575e-01 2.199934e-02 -2.179261e+00 -4.636161e-04 -2.199978e-02 9.997579e-01 2.177668e+02
9.999988e-01 1.372547e-03 -7.104682e-04 -1.048042e-01 -1.355198e-03 9.997142e-01 2.386931e-02 -2.179125e+00 7.430270e-04 -2.386832e-02 9.997148e-01 2.187922e+02
9.999915e-01 1.179948e-03 -3.943023e-03 -1.135822e-01 -1.084264e-03 9.997070e-01 2.418132e-02 -2.179823e+00 3.970401e-03 -2.417684e-02 9.996998e-01 2.197976e+02
9.999836e-01 1.114702e-03 -5.610282e-03 -1.264587e-01 -9.786285e-04 9.997067e-01 2.419890e-02 -2.185749e+00 5.635611e-03 -2.419301e-02 9.996914e-01 2.207817e+02
9.999578e-01 1.334405e-03 -9.088293e-03 -1.444169e-01 -1.111070e-03 9.996984e-01 2.453475e-02 -2.186911e+00 9.118291e-03 -2.452362e-02 9.996577e-01 2.217589e+02
9.999332e-01 2.307541e-03 -1.132514e-02 -1.446295e-01 -2.029682e-03 9.996981e-01 2.448516e-02 -2.188947e+00 1.137823e-02 -2.446054e-02 9.996360e-01 2.227010e+02
9.999027e-01 2.563150e-03 -1.371384e-02 -1.697668e-01 -2.224515e-03 9.996936e-01 2.465148e-02 -2.193622e+00 1.377282e-02 -2.461857e-02 9.996020e-01 2.236107e+02
9.998430e-01 1.941998e-03 -1.761292e-02 -1.949472e-01 -1.511796e-03 9.997010e-01 2.440589e-02 -2.194051e+00 1.765505e-02 -2.437543e-02 9.995470e-01 2.245269e+02
9.997971e-01 1.760113e-03 -2.006491e-02 -2.288373e-01 -1.279411e-03 9.997125e-01 2.394506e-02 -2.197175e+00 2.010128e-02 -2.391453e-02 9.995119e-01 2.253925e+02
9.997142e-01 3.049995e-03 -2.370981e-02 -2.521629e-01 -2.495366e-03 9.997234e-01 2.338689e-02 -2.198070e+00 2.377458e-02 -2.332104e-02 9.994453e-01 2.262460e+02
9.996522e-01 3.194578e-03 -2.617586e-02 -2.825573e-01 -2.595647e-03 9.997348e-01 2.288316e-02 -2.201998e+00 2.624202e-02 -2.280726e-02 9.993954e-01 2.270778e+02
9.995723e-01 4.875947e-03 -2.883550e-02 -3.120993e-01 -4.215283e-03 9.997282e-01 2.292808e-02 -2.202601e+00 2.893946e-02 -2.279672e-02 9.993212e-01 2.278885e+02
9.995385e-01 5.580586e-03 -2.986172e-02 -3.508287e-01 -4.866273e-03 9.997016e-01 2.394013e-02 -2.203685e+00 2.998641e-02 -2.378377e-02 9.992673e-01 2.286778e+02
9.995569e-01 5.864004e-03 -2.918204e-02 -3.733831e-01 -5.159939e-03 9.996952e-01 2.414378e-02 -2.207411e+00 2.931472e-02 -2.398251e-02 9.992825e-01 2.294643e+02
9.995609e-01 6.055933e-03 -2.900407e-02 -3.998162e-01 -5.337091e-03 9.996782e-01 2.479778e-02 -2.209029e+00 2.914491e-02 -2.463210e-02 9.992717e-01 2.302284e+02
9.995778e-01 5.564846e-03 -2.851890e-02 -4.290503e-01 -4.855046e-03 9.996782e-01 2.489786e-02 -2.212227e+00 2.864828e-02 -2.474889e-02 9.992831e-01 2.309635e+02
9.995941e-01 5.889488e-03 -2.787265e-02 -4.596916e-01 -5.232781e-03 9.997084e-01 2.357558e-02 -2.214809e+00 2.800337e-02 -2.342016e-02 9.993334e-01 2.316963e+02
9.996023e-01 6.066182e-03 -2.754046e-02 -4.864763e-01 -5.470737e-03 9.997508e-01 2.164485e-02 -2.213056e+00 2.766490e-02 -2.148557e-02 9.993863e-01 2.324249e+02
9.996476e-01 6.097925e-03 -2.583712e-02 -5.038530e-01 -5.587429e-03 9.997887e-01 1.978458e-02 -2.218646e+00 2.595230e-02 -1.963324e-02 9.994704e-01 2.331594e+02
9.996648e-01 7.305857e-03 -2.483790e-02 -5.256596e-01 -6.816995e-03 9.997825e-01 1.971012e-02 -2.215946e+00 2.497650e-02 -1.953420e-02 9.994972e-01 2.338825e+02
9.997163e-01 6.407809e-03 -2.294216e-02 -5.489040e-01 -5.963190e-03 9.997941e-01 1.939626e-02 -2.218648e+00 2.306172e-02 -1.925394e-02 9.995486e-01 2.345902e+02
9.997625e-01 6.232456e-03 -2.088412e-02 -5.688560e-01 -5.824539e-03 9.997922e-01 1.953668e-02 -2.225411e+00 2.100154e-02 -1.941040e-02 9.995910e-01 2.353100e+02
9.997898e-01 5.997703e-03 -1.960427e-02 -5.848807e-01 -5.620577e-03 9.997992e-01 1.923577e-02 -2.225744e+00 1.971571e-02 -1.912154e-02 9.996228e-01 2.360208e+02
9.998319e-01 6.029110e-03 -1.731278e-02 -6.093985e-01 -5.691797e-03 9.997943e-01 1.946708e-02 -2.230770e+00 1.742659e-02 -1.936527e-02 9.996606e-01 2.367343e+02
9.998727e-01 6.244320e-03 -1.468105e-02 -6.137350e-01 -5.957060e-03 9.997915e-01 1.952978e-02 -2.231993e+00 1.479994e-02 -1.943984e-02 9.997015e-01 2.374239e+02
9.999223e-01 5.452508e-03 -1.120566e-02 -6.264255e-01 -5.229849e-03 9.997902e-01 1.980438e-02 -2.228972e+00 1.131129e-02 -1.974424e-02 9.997411e-01 2.381249e+02
9.999611e-01 4.087952e-03 -7.812201e-03 -6.431094e-01 -3.928373e-03 9.997855e-01 2.033426e-02 -2.237229e+00 7.893651e-03 -2.030278e-02 9.997627e-01 2.388355e+02
9.999747e-01 4.125101e-03 -5.789702e-03 -6.538254e-01 -4.005497e-03 9.997814e-01 2.051972e-02 -2.243351e+00 5.873083e-03 -2.049601e-02 9.997727e-01 2.395374e+02
9.999909e-01 3.429633e-03 -2.518854e-03 -6.549209e-01 -3.377403e-03 9.997851e-01 2.045522e-02 -2.240757e+00 2.588467e-03 -2.044653e-02 9.997876e-01 2.402335e+02
9.999946e-01 3.279799e-03 3.112471e-04 -6.554749e-01 -3.285410e-03 9.997911e-01 2.017226e-02 -2.242884e+00 -2.450212e-04 -2.017317e-02 9.997965e-01 2.409096e+02
9.999860e-01 3.978195e-03 3.491073e-03 -6.639789e-01 -4.045053e-03 9.998044e-01 1.935792e-02 -2.240649e+00 -3.413381e-03 -1.937177e-02 9.998065e-01 2.415958e+02
9.999717e-01 4.127599e-03 6.289674e-03 -6.668150e-01 -4.245172e-03 9.998143e-01 1.879582e-02 -2.242909e+00 -6.210925e-03 -1.882199e-02 9.998036e-01 2.423014e+02
9.999493e-01 4.073012e-03 9.211689e-03 -6.598551e-01 -4.253164e-03 9.997984e-01 1.962259e-02 -2.248761e+00 -9.129910e-03 -1.966078e-02 9.997650e-01 2.430033e+02
9.999174e-01 4.624330e-03 1.199180e-02 -6.554163e-01 -4.864003e-03 9.997875e-01 2.003487e-02 -2.242362e+00 -1.189661e-02 -2.009155e-02 9.997274e-01 2.437013e+02
9.998948e-01 3.904842e-03 1.396804e-02 -6.495804e-01 -4.187764e-03 9.997855e-01 2.028333e-02 -2.239143e+00 -1.388584e-02 -2.033969e-02 9.996967e-01 2.444111e+02
9.998558e-01 4.194392e-03 1.645807e-02 -6.402640e-01 -4.514694e-03 9.998002e-01 1.947305e-02 -2.244750e+00 -1.637310e-02 -1.954454e-02 9.996749e-01 2.451365e+02
9.998277e-01 4.666859e-03 1.796397e-02 -6.343725e-01 -4.974116e-03 9.998415e-01 1.709756e-02 -2.246026e+00 -1.788133e-02 -1.718397e-02 9.996924e-01 2.458307e+02
9.998181e-01 3.393573e-03 1.876805e-02 -6.244095e-01 -3.683718e-03 9.998739e-01 1.544662e-02 -2.240605e+00 -1.871327e-02 -1.551295e-02 9.997045e-01 2.465593e+02
9.998105e-01 3.074426e-03 1.922080e-02 -6.115255e-01 -3.352518e-03 9.998899e-01 1.445284e-02 -2.242693e+00 -1.917425e-02 -1.451454e-02 9.997108e-01 2.472695e+02
9.998179e-01 2.427710e-03 1.892977e-02 -5.978939e-01 -2.695347e-03 9.998966e-01 1.412573e-02 -2.242610e+00 -1.889352e-02 -1.417418e-02 9.997210e-01 2.480095e+02
9.998013e-01 3.061755e-03 1.969981e-02 -5.903260e-01 -3.336420e-03 9.998975e-01 1.392474e-02 -2.251999e+00 -1.965516e-02 -1.398770e-02 9.997090e-01 2.487463e+02
9.997861e-01 3.874025e-03 2.031777e-02 -5.762317e-01 -4.143790e-03 9.999036e-01 1.325202e-02 -2.248801e+00 -2.026447e-02 -1.333338e-02 9.997057e-01 2.494747e+02
9.997930e-01 3.120935e-03 2.010390e-02 -5.756162e-01 -3.366762e-03 9.999198e-01 1.220562e-02 -2.247720e+00 -2.006420e-02 -1.227078e-02 9.997234e-01 2.502223e+02
9.997742e-01 -1.095951e-03 2.122090e-02 -5.488472e-01 8.758516e-04 9.999458e-01 1.037835e-02 -2.256311e+00 -2.123113e-02 -1.035742e-02 9.997209e-01 2.509753e+02
9.997623e-01 -2.725146e-03 2.162961e-02 -5.313361e-01 2.519467e-03 9.999514e-01 9.530724e-03 -2.271238e+00 -2.165454e-02 -9.473964e-03 9.997206e-01 2.517412e+02
9.997563e-01 -1.956442e-03 2.198672e-02 -5.290099e-01 1.690706e-03 9.999254e-01 1.209831e-02 -2.274162e+00 -2.200875e-02 -1.205819e-02 9.996851e-01 2.525222e+02
9.997512e-01 2.587754e-03 2.215421e-02 -5.201467e-01 -2.985654e-03 9.998345e-01 1.794628e-02 -2.270413e+00 -2.210411e-02 -1.800796e-02 9.995935e-01 2.532948e+02
9.997228e-01 1.555176e-03 2.349391e-02 -5.029642e-01 -2.070442e-03 9.997575e-01 2.192349e-02 -2.265460e+00 -2.345412e-02 -2.196605e-02 9.994836e-01 2.540708e+02
9.996807e-01 -2.465533e-04 2.526653e-02 -4.801924e-01 -2.923439e-04 9.997726e-01 2.132259e-02 -2.273521e+00 -2.526604e-02 -2.132316e-02 9.994533e-01 2.548843e+02
9.995769e-01 1.810408e-03 2.903013e-02 -4.612323e-01 -2.247217e-03 9.998847e-01 1.502118e-02 -2.265900e+00 -2.899959e-02 -1.508006e-02 9.994657e-01 2.556631e+02
9.994340e-01 4.551154e-03 3.333096e-02 -4.444976e-01 -4.918345e-03 9.999280e-01 1.094281e-02 -2.273844e+00 -3.327876e-02 -1.110055e-02 9.993845e-01 2.564861e+02
9.993279e-01 5.477398e-03 3.624669e-02 -4.136262e-01 -5.834666e-03 9.999354e-01 9.758130e-03 -2.268096e+00 -3.619090e-02 -9.963059e-03 9.992952e-01 2.573123e+02
9.992174e-01 4.699514e-03 3.927380e-02 -3.820334e-01 -5.218467e-03 9.999003e-01 1.312165e-02 -2.279681e+00 -3.920822e-02 -1.331633e-02 9.991423e-01 2.581508e+02
9.990910e-01 1.329004e-03 4.260796e-02 -3.494298e-01 -2.013384e-03 9.998696e-01 1.602337e-02 -2.282101e+00 -4.258111e-02 -1.609459e-02 9.989634e-01 2.589989e+02
9.989838e-01 -1.513463e-03 4.504598e-02 -3.133039e-01 6.877403e-04 9.998316e-01 1.834051e-02 -2.281494e+00 -4.506615e-02 -1.829089e-02 9.988165e-01 2.598327e+02
9.988068e-01 -2.371070e-03 4.877947e-02 -2.752932e-01 1.461612e-03 9.998246e-01 1.867151e-02 -2.282444e+00 -4.881519e-02 -1.857793e-02 9.986350e-01 2.606509e+02
9.986857e-01 -1.918439e-04 5.125346e-02 -2.441672e-01 -6.644954e-04 9.998605e-01 1.669037e-02 -2.280589e+00 -5.124951e-02 -1.670249e-02 9.985462e-01 2.614972e+02
9.985695e-01 6.010047e-04 5.346517e-02 -2.079266e-01 -1.398941e-03 9.998882e-01 1.488823e-02 -2.282842e+00 -5.345025e-02 -1.494173e-02 9.984587e-01 2.623162e+02
9.984274e-01 1.155036e-03 5.604757e-02 -1.582492e-01 -1.965976e-03 9.998942e-01 1.441580e-02 -2.285002e+00 -5.602499e-02 -1.450332e-02 9.983240e-01 2.631634e+02
9.982880e-01 1.811615e-03 5.846264e-02 -1.200874e-01 -2.736887e-03 9.998722e-01 1.575053e-02 -2.287999e+00 -5.842664e-02 -1.588357e-02 9.981653e-01 2.640131e+02
9.981002e-01 2.727748e-03 6.155048e-02 -7.283559e-02 -3.835693e-03 9.998326e-01 1.788962e-02 -2.291357e+00 -6.149139e-02 -1.809173e-02 9.979436e-01 2.648470e+02
9.979238e-01 3.266327e-03 6.432349e-02 -2.852825e-02 -4.446085e-03 9.998244e-01 1.820641e-02 -2.287894e+00 -6.425273e-02 -1.845460e-02 9.977630e-01 2.657037e+02
9.977190e-01 3.911116e-03 6.739027e-02 2.240148e-02 -5.118007e-03 9.998294e-01 1.774565e-02 -2.299218e+00 -6.730938e-02 -1.805008e-02 9.975689e-01 2.665301e+02
9.975305e-01 2.283958e-03 7.019722e-02 7.812332e-02 -3.523626e-03 9.998399e-01 1.754103e-02 -2.301146e+00 -7.014592e-02 -1.774506e-02 9.973789e-01 2.673740e+02
9.974366e-01 1.794493e-04 7.155577e-02 1.449146e-01 -1.483998e-03 9.998337e-01 1.817847e-02 -2.305208e+00 -7.154062e-02 -1.823806e-02 9.972709e-01 2.682315e+02
9.973360e-01 -2.082246e-03 7.291436e-02 2.001247e-01 7.531447e-04 9.998332e-01 1.825101e-02 -2.303706e+00 -7.294020e-02 -1.814748e-02 9.971712e-01 2.690704e+02
9.973089e-01 -2.978135e-03 7.325315e-02 2.624556e-01 1.622529e-03 9.998265e-01 1.855832e-02 -2.308317e+00 -7.329571e-02 -1.838952e-02 9.971407e-01 2.699229e+02
9.972897e-01 -2.483436e-03 7.353283e-02 3.192848e-01 1.145559e-03 9.998331e-01 1.823086e-02 -2.310005e+00 -7.356585e-02 -1.809722e-02 9.971261e-01 2.707720e+02
