1.000000000 0.000000000 0.000000000 0.000000000 0.000000000 1.000000000 0.000000000 0.000000000 0.000000000 0.000000000 1.000000000 0.000000000
0.999997973 0.000984433 0.001742304 -0.001911395 -0.000983417 0.999999285 -0.000583927 -0.022257194 -0.001742878 0.000582212 0.999998331 1.159476638
0.999994576 0.001095169 0.003090042 -0.004503267 -0.001094294 0.999999285 -0.000284823 -0.039964821 -0.003090352 0.000281440 0.999995172 2.312484980
0.999991298 0.000556687 0.004126640 -0.007307526 -0.000557738 0.999999821 0.000253567 -0.059188399 -0.004126498 -0.000255866 0.999991477 3.456985235
0.999991179 0.000049141 0.004200503 0.014741620 -0.000050977 0.999999881 0.000436910 -0.084895425 -0.004200481 -0.000437120 0.999991059 4.583025932
0.999989688 -0.000323503 0.004522461 0.025372386 0.000320861 0.999999762 0.000585016 -0.102293245 -0.004522650 -0.000583559 0.999989629 5.714097500
0.999986231 -0.000475324 0.005222631 0.043029830 0.000478100 0.999999762 -0.000530180 -0.127717137 -0.005222378 0.000532670 0.999986231 6.862159252
0.999985516 -0.000838142 0.005310571 0.055035681 0.000840271 0.999999523 -0.000398602 -0.149802446 -0.005310235 0.000403059 0.999985814 7.967969418
0.999984980 -0.001540652 0.005257451 0.057995044 0.001537046 0.999998510 0.000689931 -0.165671110 -0.005258507 -0.000681839 0.999985933 9.118963242
0.999990284 -0.001837777 0.004013631 0.055970103 0.001830543 0.999996662 0.001805405 -0.184683904 -0.004016936 -0.001798041 0.999990284 10.263029099
0.999993384 -0.003050973 0.001940898 0.048843510 0.003048436 0.999994516 0.001308540 -0.204332888 -0.001944879 -0.001302615 0.999997258 11.403248787
0.999997020 -0.002444514 -0.000037551 0.046105415 0.002444530 0.999996960 0.000435473 -0.213816777 0.000036486 -0.000435564 0.999999940 12.560708046
0.999996126 -0.002418070 -0.001355186 0.026798930 0.002418760 0.999996901 0.000507037 -0.240741402 0.001353956 -0.000510313 0.999998987 13.694579124
0.999995649 -0.000962419 -0.002787199 0.046634972 0.000962704 0.999999464 0.000100871 -0.252924353 0.002787101 -0.000103554 0.999996126 14.867948532
0.999994814 -0.001204491 -0.002979473 0.034310024 0.001204360 0.999999225 -0.000045949 -0.268073142 0.002979526 0.000042360 0.999995589 16.023731232
0.999989390 -0.001758965 -0.004266148 0.041238122 0.001760720 0.999998331 0.000407700 -0.289403349 0.004265423 -0.000415207 0.999990761 17.180147171
0.999988914 -0.002501069 -0.003985811 0.020006254 0.002506071 0.999996066 0.001250380 -0.316220939 0.003982668 -0.001260354 0.999991298 18.317695618
0.999984682 -0.002437336 -0.004962828 0.009898037 0.002437470 0.999997079 0.000020909 -0.331555247 0.004962763 -0.000033005 0.999987662 19.460857391
0.999984980 -0.002319313 -0.004949627 -0.006404303 0.002317434 0.999997258 -0.000385281 -0.357850522 0.004950508 0.000373804 0.999987602 20.598917007
0.999971330 -0.002635507 -0.007094732 -0.004370362 0.002635499 0.999996543 -0.000010535 -0.377174020 0.007094735 -0.000008163 0.999974787 21.725242615
0.999971032 -0.002021626 -0.007333912 -0.017021894 0.002021197 0.999997973 -0.000065836 -0.397277802 0.007334030 0.000051011 0.999973059 22.932146072
0.999959707 -0.002833743 -0.008524122 -0.026095957 0.002828229 0.999995828 -0.000658733 -0.417423725 0.008525950 0.000634598 0.999963522 24.077968597
0.999951422 -0.001744007 -0.009692847 -0.034817129 0.001743033 0.999998450 -0.000108957 -0.437103689 0.009693022 0.000092057 0.999952972 25.255344391
0.999939799 -0.003041508 -0.010544071 -0.049705073 0.003058414 0.999994040 0.001587563 -0.454919904 0.010539179 -0.001619715 0.999943137 26.389223099
0.999929905 -0.002979896 -0.011457426 -0.062317073 0.002999561 0.999993980 0.001699540 -0.474121034 0.011452292 -0.001733788 0.999932885 27.596603394
0.999911904 -0.004510805 -0.012481412 -0.070049137 0.004520797 0.999989450 0.000772501 -0.489180148 0.012477798 -0.000828859 0.999921799 28.735940933
0.999886930 -0.005309522 -0.014064138 -0.078746647 0.005302925 0.999985874 -0.000506273 -0.501312852 0.014066627 0.000431635 0.999900937 29.849018097
0.999889672 -0.004546227 -0.014141747 -0.114005983 0.004548516 0.999989629 0.000129633 -0.526479542 0.014141008 -0.000193942 0.999899924 31.034175873
0.999866068 -0.005439539 -0.015442098 -0.126303077 0.005446307 0.999985039 0.000396324 -0.540802181 0.015439712 -0.000480373 0.999880672 32.182918549
0.999861658 -0.005400775 -0.015730584 -0.154593378 0.005412089 0.999985039 0.000676758 -0.562042117 0.015726691 -0.000761800 0.999876022 33.342807770
0.999835432 -0.006179626 -0.017056234 -0.166842103 0.006184352 0.999980867 0.000224379 -0.578536630 0.017054522 -0.000329824 0.999854505 34.460941315
0.999830127 -0.006735288 -0.017163847 -0.190022200 0.006747221 0.999977052 0.000637394 -0.608279943 0.017159162 -0.000753094 0.999852479 35.664981842
0.999808609 -0.007493574 -0.018076377 -0.205513149 0.007518006 0.999970913 0.001283973 -0.626597404 0.018066233 -0.001419625 0.999835789 36.795227051
0.999833405 -0.006675564 -0.016988885 -0.240467340 0.006722582 0.999973714 0.002711953 -0.649393618 0.016970335 -0.002825711 0.999852002 37.991687775
0.999830425 -0.006531418 -0.017222596 -0.265690863 0.006584643 0.999973714 0.003035538 -0.657974660 0.017202318 -0.003148428 0.999847114 39.153015137
0.999835014 -0.005970521 -0.017161872 -0.284721851 0.006024607 0.999977052 0.003101492 -0.683976054 0.017142963 -0.003204374 0.999847889 40.311061859
0.999834478 -0.005235244 -0.017421825 -0.304428309 0.005283263 0.999982297 0.002711406 -0.691779852 0.017407322 -0.002803002 0.999844551 41.482978821
0.999867797 -0.001575206 -0.016181706 -0.340382963 0.001646887 0.999988854 0.004417366 -0.702953398 0.016174564 -0.004443432 0.999859333 42.654411316
0.999877810 -0.001949755 -0.015511369 -0.356475592 0.002071236 0.999967337 0.007819525 -0.722969651 0.015495617 -0.007850697 0.999849200 43.808097839
0.999920726 -0.001010813 -0.012544308 -0.389931858 0.001137403 0.999948442 0.010088446 -0.723620236 0.012533465 -0.010101913 0.999870420 44.975257874
0.999943435 -0.000223329 -0.010631925 -0.419911653 0.000368440 0.999906719 0.013648631 -0.730861306 0.010627887 -0.013651776 0.999850273 46.135795593
0.999952734 -0.000837112 -0.009688713 -0.424491167 0.000978492 0.999892950 0.014596689 -0.732809722 0.009675457 -0.014605480 0.999846518 47.300006866
0.999961257 -0.002718484 -0.008382319 -0.437137902 0.002825459 0.999914408 0.012776610 -0.731995583 0.008346869 -0.012799798 0.999883235 48.444408417
0.999973178 -0.001448252 -0.007179333 -0.444323897 0.001530460 0.999933183 0.011458404 -0.740259469 0.007162260 -0.011469083 0.999908566 49.628902435
0.999980330 -0.001448216 -0.006107305 -0.462277770 0.001514077 0.999940753 0.010793066 -0.745210767 0.006091312 -0.010802101 0.999923110 50.804584503
0.999982059 -0.001501112 -0.005801352 -0.481739104 0.001560719 0.999945939 0.010283841 -0.749049723 0.005785600 -0.010292711 0.999930322 51.966651917
0.999972284 -0.002809407 -0.006897324 -0.489370704 0.002873008 0.999953270 0.009228728 -0.763562918 0.006871074 -0.009248287 0.999933600 53.121715546
0.999957561 -0.002189526 -0.008956007 -0.501370132 0.002275234 0.999951601 0.009570881 -0.766828656 0.008934618 -0.009590849 0.999914110 54.297206879
0.999948204 -0.002843188 -0.009773890 -0.519675434 0.002948123 0.999938011 0.010738612 -0.779276907 0.009742753 -0.010766869 0.999894500 55.445690155
0.999926567 -0.003244664 -0.011680262 -0.528099656 0.003374625 0.999932468 0.011124075 -0.786504805 0.011643379 -0.011162675 0.999869883 56.600372314
0.999927282 -0.001099824 -0.012010952 -0.549318671 0.001228598 0.999941707 0.010719307 -0.792581916 0.011998462 -0.010733284 0.999870360 57.771030426
0.999909878 -0.001317208 -0.013360290 -0.562340200 0.001459599 0.999942183 0.010653625 -0.798862696 0.013345481 -0.010672166 0.999853969 58.904254913
0.999914825 -0.001084686 -0.013004876 -0.587856650 0.001217445 0.999947131 0.010204759 -0.806590497 0.012993120 -0.010219724 0.999863386 60.082698822
0.999919653 -0.002292103 -0.012465661 -0.625127375 0.002405255 0.999956012 0.009069587 -0.816050589 0.012444325 -0.009098841 0.999881208 61.222637177
0.999898911 -0.003420933 -0.013794523 -0.619843185 0.003572656 0.999933243 0.010989182 -0.831845701 0.013756009 -0.011037355 0.999844432 62.389396667
0.999895930 -0.003717958 -0.013935641 -0.642723143 0.003890895 0.999915481 0.012403253 -0.837821305 0.013888348 -0.012456185 0.999826014 63.537723541
0.999897003 -0.002617187 -0.014111601 -0.669071436 0.002761738 0.999943733 0.010233711 -0.833212972 0.014084023 -0.010271629 0.999848008 64.727478027
0.999900758 -0.000743353 -0.014067262 -0.698398113 0.000872862 0.999957323 0.009202524 -0.839518726 0.014059819 -0.009213888 0.999858737 65.854721069
0.999897420 0.002102688 -0.014162445 -0.720000982 -0.001977379 0.999958813 0.008856220 -0.840205729 0.014180483 -0.008827308 0.999860466 67.015182495
0.999895751 0.003967769 -0.013878023 -0.747596562 -0.003848068 0.999955297 0.008641290 -0.842265189 0.013911690 -0.008586990 0.999866366 68.172088623
0.999887526 0.005657329 -0.013888608 -0.763952076 -0.005526020 0.999939859 0.009474681 -0.860024929 0.013941374 -0.009396867 0.999858677 69.323204041
0.999903023 0.006398255 -0.012367352 -0.797619820 -0.006271458 0.999927700 0.010264318 -0.869192362 0.012432131 -0.010185763 0.999870896 70.443061829
0.999916136 0.007843240 -0.010308288 -0.815962553 -0.007725250 0.999904692 0.011436711 -0.881574929 0.010397007 -0.011356116 0.999881446 71.596626282
0.999951482 0.006461046 -0.007442032 -0.830502391 -0.006392638 0.999937415 0.009179669 -0.890541255 0.007500876 -0.009131650 0.999930143 72.721847534
0.999974549 0.004649503 -0.005429506 -0.832768559 -0.004629294 0.999982297 0.003728786 -0.899355292 0.005446747 -0.003703556 0.999978304 73.832847595
0.999970794 0.007353785 -0.002079769 -0.856294811 -0.007348425 0.999969721 0.002573259 -0.903844118 0.002098629 -0.002557901 0.999994457 74.934272766
0.999992907 0.003739038 -0.000290093 -0.841937780 -0.003736847 0.999967098 0.007215696 -0.930943310 0.000317064 -0.007214563 0.999973953 76.079795837
0.999987006 0.003554302 0.003645046 -0.845286548 -0.003584848 0.999958217 0.008408155 -0.942464054 -0.003615009 -0.008421113 0.999958038 77.183525085
0.999965429 0.004287796 0.007115437 -0.834468007 -0.004334723 0.999968886 0.006592832 -0.946976662 -0.007086947 -0.006623447 0.999952972 78.307174683
0.999936640 0.003030797 0.010834276 -0.831357002 -0.003067134 0.999989688 0.003338845 -0.959298611 -0.010824046 -0.003371863 0.999935746 79.395256042
0.999898672 0.002548709 0.014005874 -0.809563160 -0.002549017 0.999996722 0.000004171 -0.975117803 -0.014005818 -0.000039872 0.999901891 80.529151917
0.999847412 0.001743995 0.017381907 -0.790935159 -0.001724551 0.999997795 -0.001133509 -0.993068874 -0.017383844 0.001103361 0.999848306 81.607406616
0.999786615 0.000780425 0.020642284 -0.748376369 -0.000795453 0.999999404 0.000719837 -1.015283227 -0.020641711 -0.000736104 0.999786735 82.674934387
0.999680996 0.003615579 0.024997041 -0.760618210 -0.003638736 0.999992967 0.000880971 -1.031509280 -0.024993677 -0.000971648 0.999687135 83.879898071
0.999578238 0.002751446 0.028909825 -0.741869211 -0.002715363 0.999995470 -0.001287303 -1.050134063 -0.028913233 0.001208260 0.999581158 84.990341187
0.999490559 0.002695234 0.031802371 -0.699916363 -0.002589378 0.999991000 -0.003369300 -1.075583339 -0.031811159 0.003285235 0.999488473 86.103469849
0.999404490 0.002100833 0.034442626 -0.658539772 -0.001979287 0.999991715 -0.003562656 -1.100546718 -0.034449827 0.003492362 0.999400258 87.203491211
0.999301970 0.000921326 0.037349284 -0.609487534 -0.000816140 0.999995649 -0.002831435 -1.115990639 -0.037351735 0.002798976 0.999298275 88.324920654
0.999236047 -0.000260687 0.039079815 -0.553318501 0.000322921 0.999998689 -0.001586170 -1.133124471 -0.039079346 0.001597578 0.999234796 89.439201355
0.999097645 -0.000300813 0.042471245 -0.518575191 0.000270344 0.999999702 0.000723143 -1.160764813 -0.042471450 -0.000711009 0.999097407 90.552444458
0.999018550 -0.001692294 0.044261314 -0.465293407 0.001627178 0.999997616 0.001507164 -1.176375508 -0.044263754 -0.001433664 0.999018788 91.658988953
0.998874784 -0.002850802 0.047341559 -0.421475887 0.002883354 0.999995649 -0.000619323 -1.198986769 -0.047339596 0.000755129 0.998878539 92.791343689
0.998767257 -0.004074597 0.049471464 -0.370119572 0.004293607 0.999981403 -0.004321536 -1.212454557 -0.049452931 0.004528620 0.998766184 93.919845581
0.998659313 -0.003880616 0.051619343 -0.312788963 0.004242788 0.999967098 -0.006908485 -1.243694544 -0.051590838 0.007118233 0.998642921 95.045967102
0.998603404 -0.003850260 0.052691672 -0.253548145 0.004256980 0.999962032 -0.007608813 -1.269183636 -0.052660368 0.007822492 0.998581827 96.175537109
0.998580396 -0.003796538 0.053131230 -0.194400787 0.004183494 0.999965549 -0.007173689 -1.291683078 -0.053102154 0.007385778 0.998561740 97.326263428
0.998606741 -0.003433913 0.052655667 -0.138606071 0.003718231 0.999979138 -0.005302560 -1.318618178 -0.052636363 0.005490960 0.998598576 98.457267761
0.998680890 -0.003968708 0.051192947 -0.085202694 0.004198142 0.999981642 -0.004375004 -1.333321333 -0.051174641 0.004584148 0.998679161 99.598640442
0.998823047 -0.003907153 0.048343044 -0.024989128 0.004070292 0.999986410 -0.003276621 -1.355734825 -0.048329588 0.003469535 0.998825312 100.777473450
0.998908997 -0.003455393 0.046569541 0.023817062 0.003572288 0.999990702 -0.002427122 -1.389240742 -0.046560723 0.002590834 0.998912096 101.952911377
0.999057710 -0.003150527 0.043288007 0.073736191 0.003261494 0.999991596 -0.002493076 -1.408340573 -0.043279786 0.002631910 0.999059498 103.114898682
0.999223948 -0.001455570 0.039362561 0.119869947 0.001570499 0.999994576 -0.002888988 -1.426795363 -0.039358146 0.002948566 0.999220729 104.277519226
0.999360144 -0.001208565 0.035746504 0.147616386 0.001298188 0.999996006 -0.002484048 -1.448347092 -0.035743359 0.002528865 0.999357760 105.422927856
0.999510586 -0.000743374 0.031271100 0.196951628 0.000798730 0.999998152 -0.001757736 -1.464562058 -0.031269729 0.001781854 0.999509335 106.626403809
0.999624431 -0.000572045 0.027399331 0.208582163 0.000593152 0.999999642 -0.000762233 -1.488346934 -0.027398882 0.000778199 0.999624252 107.822067261
0.999733806 -0.001207266 0.023044724 0.233162880 0.001196948 0.999999166 0.000461530 -1.517718196 -0.023045264 -0.000433824 0.999734282 108.968360901
0.999838650 -0.000276961 0.017960975 0.256251454 0.000278166 0.999999940 -0.000064633 -1.528026819 -0.017960956 0.000069619 0.999838710 110.183853149
0.999917865 0.000344432 0.012809775 0.269478798 -0.000343944 0.999999940 -0.000040217 -1.545954347 -0.012809787 0.000035808 0.999917924 111.361824036
0.999971032 0.000702892 0.007576732 0.280633569 -0.000699379 0.999999642 -0.000466223 -1.563490629 -0.007577057 0.000460911 0.999971211 112.554306030
0.999992847 0.002202880 0.003071765 0.289384902 -0.002200642 0.999997437 -0.000731527 -1.598405957 -0.003073368 0.000724762 0.999994993 113.717208862
0.999992728 0.003755672 -0.000591549 0.284238547 -0.003756160 0.999992669 -0.000824730 -1.613360763 0.000588447 0.000826946 0.999999523 114.893524170
0.999978244 0.006096477 -0.002516843 0.273155600 -0.006098466 0.999981105 -0.000783070 -1.633349895 0.002512022 0.000798402 0.999996543 116.108467102
0.999968886 0.007105144 -0.003433380 0.258901179 -0.007109205 0.999974072 -0.001171703 -1.651098490 0.003424965 0.001196075 0.999993384 117.296897888
0.999952853 0.008305418 -0.005019846 0.258269548 -0.008306981 0.999965489 -0.000290586 -1.681428909 0.005017259 0.000332273 0.999987364 118.496360779
0.999936104 0.009655014 -0.005880359 0.243714631 -0.009656128 0.999953330 -0.000160657 -1.691806674 0.005878533 0.000217428 0.999982715 119.721527100
0.999933004 0.009469271 -0.006662223 0.238175750 -0.009465425 0.999955058 0.000608248 -1.717954755 0.006667683 -0.000545147 0.999977589 120.900291443
0.999875426 0.013653622 -0.007921558 0.223455369 -0.013633629 0.999903798 0.002572525 -1.734525204 0.007955919 -0.002464204 0.999965310 122.136810303
0.999851465 0.015443954 -0.007641031 0.186611235 -0.015401367 0.999865711 0.005601328 -1.740998983 0.007726512 -0.005482814 0.999955058 123.356208801
0.999863148 0.014365121 -0.008205995 0.163023114 -0.014324843 0.999885142 0.004946316 -1.749990582 0.008276108 -0.004828089 0.999954045 124.561187744
0.999857306 0.013848125 -0.009664100 0.157634497 -0.013817943 0.999899507 0.003183001 -1.758350730 0.009707207 -0.003049008 0.999948204 125.802696228
0.999895930 0.010586680 -0.009802783 0.147076130 -0.010541134 0.999933481 0.004686303 -1.781010866 0.009851744 -0.004582483 0.999940932 126.995124817
0.999903977 0.008432081 -0.011004614 0.136096478 -0.008360281 0.999943554 0.006554450 -1.793124914 0.011059260 -0.006461820 0.999917924 128.205474854
0.999923706 0.005018072 -0.011287956 0.132242441 -0.004922811 0.999952137 0.008451192 -1.806119800 0.011329823 -0.008394977 0.999900579 129.426300049
0.999933243 0.003479559 -0.011015501 0.104950666 -0.003376779 0.999950767 0.009335379 -1.812081099 0.011047442 -0.009297557 0.999895751 130.646484375
0.999931574 -0.000946311 -0.011657720 0.102232933 0.001035843 0.999970078 0.007676359 -1.824615479 0.011650105 -0.007687910 0.999902666 131.867965698
0.999922574 -0.004532781 -0.011586307 0.087975979 0.004608677 0.999967992 0.006532097 -1.833229065 0.011556327 -0.006584988 0.999911547 133.127548218
0.999921918 -0.005385957 -0.011273034 0.075249910 0.005454065 0.999967039 0.006019660 -1.839305639 0.011240240 -0.006080674 0.999918342 134.355117798
0.999930739 -0.005319444 -0.010494852 0.046441913 0.005388746 0.999963939 0.006586215 -1.857177615 0.010459436 -0.006642313 0.999923229 135.569229126
0.999945045 -0.004418219 -0.009517083 0.019244313 0.004500318 0.999952734 0.008622371 -1.868620276 0.009478536 -0.008664725 0.999917507 136.795745850
0.999952853 -0.001603528 -0.009586640 0.011530757 0.001702842 0.999944866 0.010360506 -1.885678530 0.009569498 -0.010376344 0.999900341 138.009872437
0.999961734 -0.001923240 -0.008531968 -0.013982534 0.001995243 0.999962270 0.008438727 -1.890489578 0.008515418 -0.008455428 0.999928057 139.231857300
0.999962628 -0.002120806 -0.008381383 -0.023495078 0.002179106 0.999973416 0.006952893 -1.909125447 0.008366416 -0.006970897 0.999940634 140.477264404
0.999966681 -0.002226568 -0.007855080 -0.036439300 0.002259846 0.999988556 0.004230253 -1.917302370 0.007845570 -0.004247862 0.999960244 141.713912964
0.999968469 -0.002660921 -0.007481389 -0.049968839 0.002661334 0.999996483 0.000045375 -1.936340213 0.007481241 -0.000065284 0.999971986 142.921646118
0.999974310 -0.002631689 -0.006660163 -0.069699526 0.002608044 0.999990284 -0.003556507 -1.958095193 0.006669458 0.003539046 0.999971449 144.134094238
0.999973536 -0.002904146 -0.006659873 -0.074292302 0.002875883 0.999986827 -0.004249416 -1.984348178 0.006672126 0.004230151 0.999968708 145.376281738
0.999975502 -0.003012234 -0.006319780 -0.094336569 0.002986925 0.999987483 -0.004010391 -2.009373188 0.006331781 0.003991417 0.999971926 146.601593018
0.999970436 -0.003019329 -0.007072125 -0.091545343 0.002996256 0.999990106 -0.003270911 -2.040300369 0.007081931 0.003249624 0.999969602 147.843872070
0.999974549 -0.002621435 -0.006633896 -0.121519625 0.002607458 0.999994338 -0.002114681 -2.064719200 0.006639402 0.002097329 0.999975801 149.067840576
0.999969661 -0.001987701 -0.007529930 -0.124760032 0.001974680 0.999996543 -0.001736173 -2.091946363 0.007533356 0.001721251 0.999970078 150.280960083
0.999960363 -0.002039131 -0.008657279 -0.134755731 0.002021563 0.999995828 -0.002037526 -2.117176533 0.008661400 0.002019944 0.999960423 151.477432251
0.999961257 -0.001321223 -0.008704415 -0.156641960 0.001308212 0.999998033 -0.001500358 -2.141045332 0.008706381 0.001488913 0.999960959 152.713348389
0.999953389 -0.001794388 -0.009486237 -0.171672821 0.001786720 0.999998033 -0.000816738 -2.153035402 0.009487683 0.000799751 0.999954700 153.922882080
0.999947965 -0.000848989 -0.010163845 -0.181410313 0.000847663 0.999999642 -0.000134737 -2.185369492 0.010163954 0.000126115 0.999948323 155.154418945
0.999943316 -0.000414580 -0.010635217 -0.206777811 0.000399388 0.999998927 -0.001430543 -2.199713707 0.010635796 0.001426214 0.999942422 156.368347168
0.999932647 -0.000104496 -0.011605875 -0.216370106 0.000077978 0.999997377 -0.002285338 -2.231173038 0.011606085 0.002284278 0.999930024 157.569351196
0.999921739 0.000454448 -0.012503150 -0.230829120 -0.000485290 0.999996841 -0.002463875 -2.248880625 0.012501990 0.002469750 0.999918699 158.794723511
0.999909878 -0.000281795 -0.013419514 -0.247688413 0.000237991 0.999994576 -0.003265697 -2.278418303 0.013420357 0.003262209 0.999904633 159.999664307
0.999890089 0.000461008 -0.014821927 -0.271525621 -0.000520399 0.999991894 -0.004003373 -2.302696705 0.014819961 0.004010646 0.999882162 161.197753906
0.999895036 0.000367698 -0.014481530 -0.312243700 -0.000431973 0.999990106 -0.004435599 -2.324881077 0.014479756 0.004441389 0.999885321 162.406768799
0.999872804 -0.000181695 -0.015948046 -0.305407763 0.000141469 0.999996781 -0.002523385 -2.360852242 0.015948454 0.002520808 0.999869645 163.680068970
0.999865472 0.000086312 -0.016405450 -0.336558342 -0.000122459 0.999997616 -0.002202403 -2.380097628 0.016405221 0.002204116 0.999862909 164.893692017
0.999856055 0.000776688 -0.016945802 -0.364963293 -0.000806816 0.999998093 -0.001771171 -2.406789064 0.016944392 0.001784589 0.999854863 166.123382568
0.999855280 0.001619185 -0.016933244 -0.407959938 -0.001645999 0.999997497 -0.001569716 -2.426113605 0.016930660 0.001597361 0.999855459 167.339233398
0.999840617 0.002595235 -0.017664025 -0.424435377 -0.002643717 0.999992788 -0.002721815 -2.446992397 0.017656835 0.002768080 0.999840379 168.603164673
0.999815881 0.003026632 -0.018946968 -0.447677851 -0.003084976 0.999990582 -0.003050889 -2.470061779 0.018937556 0.003108779 0.999815822 169.818862915
0.999815106 0.003090873 -0.018978672 -0.488295555 -0.003143823 0.999991298 -0.002760831 -2.492638588 0.018969974 0.002819987 0.999816060 171.026733398
0.999804258 0.002773190 -0.019594725 -0.500133276 -0.002842339 0.999989808 -0.003501975 -2.526706934 0.019584812 0.003556984 0.999801874 172.266387939
0.999811947 0.000786711 -0.019377135 -0.530554056 -0.000893248 0.999984503 -0.005490066 -2.549809217 0.019372512 0.005506342 0.999797165 173.484909058
0.999794543 -0.002197058 -0.020151725 -0.539044380 0.002091041 0.999983847 -0.005280529 -2.577551842 0.020163001 0.005237306 0.999782979 174.736145020
0.999793589 -0.000901797 -0.020298250 -0.585013390 0.000874932 0.999998748 -0.001332392 -2.601172686 0.020299423 0.001314357 0.999793053 175.913619995
0.999785602 -0.002441550 -0.020564707 -0.611763000 0.002514992 0.999990582 0.003546186 -2.630018950 0.020555861 -0.003597146 0.999782145 177.115737915
0.999781549 -0.001634128 -0.020843195 -0.629856110 0.001685193 0.999995649 0.002432622 -2.642869711 0.020839129 -0.002467215 0.999779761 178.314285278
0.999776542 -0.001006768 -0.021116011 -0.658652306 0.000992509 0.999999344 -0.000685749 -2.665743589 0.021116685 0.000664638 0.999776840 179.470794678
0.999782443 0.000032537 -0.020857202 -0.704387426 -0.000082137 0.999997199 -0.002377221 -2.686949253 0.020857066 0.002378417 0.999779642 180.668014526
0.999773562 -0.001215589 -0.021246092 -0.715091944 0.001176414 0.999997616 -0.001856228 -2.714608669 0.021248300 0.001830813 0.999772549 181.839950562
0.999770880 -0.000070599 -0.021404553 -0.747148991 0.000047516 0.999999404 -0.001078926 -2.734159946 0.021404613 0.001077662 0.999770343 183.087265015
0.999776423 -0.000188031 -0.021143995 -0.778795004 0.000203482 0.999999702 0.000728590 -2.751986265 0.021143850 -0.000732729 0.999776185 184.297454834
0.999786317 -0.000845050 -0.020655699 -0.790732861 0.000885187 0.999997854 0.001934087 -2.779286385 0.020654019 -0.001951958 0.999784768 185.464416504
0.999821007 -0.000611779 -0.018914713 -0.824630737 0.000633178 0.999999166 0.001125417 -2.794409990 0.018914010 -0.001137192 0.999820530 186.636856079
0.999836266 -0.001985496 -0.017981827 -0.840432405 0.001976503 0.999997914 -0.000517882 -2.813869238 0.017982818 0.000482256 0.999838114 187.825271606
0.999856591 -0.002304904 -0.016775891 -0.868442535 0.002271426 0.999995351 -0.002014368 -2.835364819 0.016780462 0.001975973 0.999857247 188.995620728
0.999879837 -0.002812456 -0.015242373 -0.900230527 0.002774616 0.999993026 -0.002503071 -2.863128424 0.015249305 0.002460479 0.999880612 190.181457520
0.999902666 -0.002544729 -0.013717729 -0.927032471 0.002521654 0.999995410 -0.001699114 -2.887509823 0.013721988 0.001664357 0.999904454 191.358200073
0.999913037 -0.003217375 -0.012798780 -0.934309959 0.003220849 0.999994755 0.000250742 -2.913592100 0.012797909 -0.000291943 0.999918044 192.520645142
0.999930978 -0.002574929 -0.011466154 -0.958206177 0.002577464 0.999996662 0.000206283 -2.931966543 0.011465585 -0.000235823 0.999934196 193.691497803
0.999944627 -0.002221661 -0.010284627 -0.976905107 0.002226039 0.999997556 0.000414255 -2.952945232 0.010283682 -0.000437126 0.999947011 194.861801147
0.999944389 -0.002145028 -0.010326079 -0.979872108 0.002150456 0.999997556 0.000514587 -2.976792574 0.010324950 -0.000536764 0.999946535 196.006195068
0.999961913 -0.002055885 -0.008475093 -0.993538916 0.002062906 0.999997556 0.000819787 -2.999308348 0.008473386 -0.000837240 0.999963760 197.171813965
0.999969900 -0.001630883 -0.007586792 -1.009742737 0.001635166 0.999998569 0.000558346 -3.017426968 0.007585871 -0.000570735 0.999971092 198.299743652
0.999972165 -0.002140111 -0.007163445 -1.010858178 0.002144182 0.999997556 0.000560659 -3.040258884 0.007162228 -0.000576003 0.999974191 199.446502686
0.999975801 -0.003223269 -0.006159305 -1.027937889 0.003226004 0.999994636 0.000434080 -3.058119297 0.006157873 -0.000453939 0.999980986 200.559005737
0.999975801 -0.003042982 -0.006249539 -1.033365130 0.003049320 0.999994814 0.001004894 -3.076077461 0.006246448 -0.001023927 0.999979973 201.666946411
0.999967098 -0.003980014 -0.007069957 -1.029390574 0.004000094 0.999988019 0.002828333 -3.109275341 0.007058617 -0.002856520 0.999971032 202.739257812
0.999971628 -0.003358718 -0.006743916 -1.052512646 0.003375367 0.999991298 0.002458913 -3.122807741 0.006735598 -0.002481606 0.999974310 203.829925537
0.999958992 -0.003309055 -0.008429477 -1.053627372 0.003324948 0.999992728 0.001872109 -3.152489662 0.008423221 -0.001900060 0.999962747 204.891296387
0.999951363 -0.002724098 -0.009471050 -1.051798701 0.002732265 0.999996006 0.000849426 -3.168199539 0.009468698 -0.000875262 0.999954700 205.894073486
0.999944925 -0.003794079 -0.009782364 -1.068544865 0.003801293 0.999992549 0.000718967 -3.187735558 0.009779563 -0.000756113 0.999951839 206.915191650
0.999932587 -0.003687341 -0.011018750 -1.083208680 0.003695110 0.999992907 0.000684719 -3.209153891 0.011016149 -0.000725388 0.999939024 207.928131104
0.999905765 -0.004434639 -0.012986751 -1.096411943 0.004459254 0.999988317 0.001867022 -3.233440161 0.012978319 -0.001924757 0.999913931 208.933609009
0.999878049 -0.004973246 -0.014802837 -1.120376825 0.005026650 0.999980986 0.003572717 -3.252949238 0.014784789 -0.003646690 0.999884009 209.910430908
0.999851406 -0.004925406 -0.016515516 -1.143933296 0.005007627 0.999975264 0.004940777 -3.272213936 0.016490771 -0.005022746 0.999851406 210.931823730
0.999805331 -0.004549510 -0.019200101 -1.164947987 0.004647163 0.999976456 0.005044539 -3.288271427 0.019176701 -0.005132782 0.999802887 211.893432617
0.999746084 -0.004388387 -0.022101266 -1.185489893 0.004497501 0.999977946 0.004889708 -3.311311245 0.022079319 -0.004987867 0.999743760 212.853912354
0.999680281 -0.003952303 -0.024975341 -1.210247040 0.004079641 0.999978900 0.005049626 -3.327697515 0.024954861 -0.005149903 0.999675333 213.760345459
0.999602020 -0.003830793 -0.027950652 -1.233392715 0.003989058 0.999976218 0.005608744 -3.344766617 0.027928503 -0.005718008 0.999593616 214.673767090
0.999518514 -0.003386726 -0.030843478 -1.262920856 0.003544637 0.999980927 0.005066543 -3.357579708 0.030825730 -0.005173433 0.999511421 215.545715332
0.999425709 -0.002948946 -0.033761449 -1.301765442 0.003110232 0.999984026 0.004725691 -3.376613140 0.033746973 -0.004827983 0.999418676 216.399536133
0.999303758 -0.002917976 -0.037196185 -1.333379745 0.003062172 0.999988019 0.003820240 -3.387823343 0.037184592 -0.003931481 0.999300659 217.241729736
0.999217510 -0.001978184 -0.039504200 -1.391517162 0.002122200 0.999991298 0.003604003 -3.404351950 0.039496727 -0.003685018 0.999212861 218.036483765
0.999090731 -0.001862122 -0.042592518 -1.425376415 0.002001579 0.999992728 0.003231802 -3.425191402 0.042586196 -0.003314116 0.999087274 218.837234497
0.998945653 -0.000739593 -0.045899309 -1.445958138 0.000879168 0.999994993 0.003020786 -3.440833092 0.045896843 -0.003057955 0.998941481 219.610214233
0.998904228 -0.000235060 -0.046801146 -1.478473663 0.000396826 0.999993861 0.003447185 -3.453391314 0.046800055 -0.003461979 0.998898268 220.376708984
0.998974264 0.000137701 -0.045281824 -1.542551994 0.000065057 0.999989986 0.004476195 -3.469749928 0.045281995 -0.004474550 0.998964250 221.091522217
0.998922467 0.000100650 -0.046409711 -1.557660103 0.000132175 0.999987423 0.005013633 -3.478037834 0.046409622 -0.005014364 0.998910010 221.853179932
0.998915613 0.000371785 -0.046557050 -1.579976082 -0.000151673 0.999988854 0.004731221 -3.490885258 0.046558294 -0.004719030 0.998904407 222.573898315
0.998988807 0.001014040 -0.044948403 -1.640758514 -0.000887495 0.999995589 0.002835218 -3.507276535 0.044951081 -0.002792460 0.998985231 223.248489380
0.999008656 0.000572623 -0.044512618 -1.667779922 -0.000545277 0.999999642 0.000626471 -3.520295858 0.044512969 -0.000601578 0.999008596 223.938644409
0.999030292 0.000601185 -0.044022009 -1.684336662 -0.000624063 0.999999642 -0.000505963 -3.535057783 0.044021692 0.000532945 0.999030352 224.638763428
0.999128520 0.001400661 -0.041716147 -1.733040333 -0.001436706 0.999998569 -0.000834078 -3.548184872 0.041714922 0.000893285 0.999129176 225.308425903
0.999180019 0.000668839 -0.040482093 -1.754691601 -0.000717009 0.999999046 -0.001175403 -3.564022303 0.040481269 0.001203465 0.999179602 226.025177002
0.999230742 0.000475163 -0.039212655 -1.771168709 -0.000523484 0.999999106 -0.001222020 -3.578223467 0.039212037 0.001241607 0.999230206 226.723602295
0.999322355 0.000511932 -0.036806043 -1.807679653 -0.000572732 0.999998510 -0.001641381 -3.586668968 0.036805153 0.001661349 0.999321103 227.382797241
0.999386847 0.000031817 -0.035013098 -1.824519634 -0.000096540 0.999998271 -0.001846821 -3.605239868 0.035012983 0.001849069 0.999385059 228.072204590
0.999474287 0.000056502 -0.032420117 -1.842639923 -0.000113026 0.999998450 -0.001741660 -3.614153862 0.032419965 0.001744409 0.999472737 228.761520386
0.999591172 -0.000792238 -0.028579561 -1.876685143 0.000762210 0.999999106 -0.001061547 -3.627195358 0.028580379 0.001039330 0.999590874 229.408950806
0.999657869 -0.001555331 -0.026115568 -1.882565022 0.001552632 0.999998808 -0.000123624 -3.650512218 0.026115729 0.000083034 0.999658942 230.069824219
0.999727905 -0.001992089 -0.023241451 -1.893517733 0.001982213 0.999997914 -0.000447948 -3.657806873 0.023242293 0.000401757 0.999729753 230.755828857
0.999790907 -0.002201349 -0.020329565 -1.911738396 0.002188682 0.999997377 -0.000645293 -3.672572613 0.020330928 0.000600663 0.999793112 231.370666504
0.999849558 -0.002092113 -0.017216409 -1.925757170 0.002081775 0.999997616 -0.000618350 -3.687136173 0.017217666 0.000582416 0.999851525 232.057998657
0.999889076 -0.001546993 -0.014814974 -1.922904372 0.001522686 0.999997437 -0.001651880 -3.696612835 0.014817492 0.001629138 0.999888837 232.696289062
0.999926627 -0.001660709 -0.012001216 -1.918413877 0.001635997 0.999996543 -0.002068660 -3.708263874 0.012004610 0.002048874 0.999925852 233.367797852
0.999963701 -0.001466288 -0.008393046 -1.940030813 0.001456241 0.999998271 -0.001203079 -3.720233917 0.008394795 0.001190813 0.999964058 234.050476074
0.999978840 -0.001001127 -0.006415422 -1.940011978 0.000995687 0.999999285 -0.000851049 -3.732857466 0.006416268 0.000844644 0.999979079 234.679489136
0.999987185 -0.001742987 -0.004755000 -1.925507784 0.001741288 0.999998510 -0.000361331 -3.749218941 0.004755622 0.000353046 0.999988675 235.345550537
0.999998748 -0.001107309 -0.001129207 -1.959050536 0.001103943 0.999994934 -0.002977590 -3.754768848 0.001132498 0.002976339 0.999994874 236.027359009
0.999999523 -0.000531876 -0.000791308 -1.934195161 0.000527838 0.999986887 -0.005095489 -3.768672466 0.000794007 0.005095069 0.999986768 236.705276489
0.999997020 -0.001748303 0.001660157 -1.959650517 0.001759553 0.999975324 -0.006798954 -3.780325890 -0.001648229 0.006801857 0.999975502 237.367126465
0.999997437 -0.001995235 0.001053396 -1.942236781 0.002003005 0.999970317 -0.007427913 -3.794917345 -0.001038545 0.007430005 0.999971807 238.074615479
0.999995410 -0.002342960 0.001874438 -1.963135123 0.002357142 0.999968350 -0.007599652 -3.812832117 -0.001856573 0.007604036 0.999969363 238.747787476
0.999997318 -0.001845847 0.001348418 -1.947715044 0.001856247 0.999968231 -0.007752800 -3.829965115 -0.001334064 0.007755285 0.999969065 239.435104370
0.999997914 -0.001284522 0.001577645 -1.940655828 0.001297313 0.999966025 -0.008133218 -3.847025394 -0.001567144 0.008135247 0.999965608 240.131652832
0.999995828 -0.002544641 0.001372098 -1.928680062 0.002558418 0.999945402 -0.010133787 -3.860243797 -0.001346236 0.010137258 0.999947667 240.858169556
0.999978960 -0.006274944 0.001630094 -1.916526675 0.006295062 0.999900281 -0.012644522 -3.870832920 -0.001550588 0.012654519 0.999918699 241.598571777
0.999951601 -0.009577285 0.002262641 -1.920819521 0.009605931 0.999869168 -0.013008093 -3.897351503 -0.002137763 0.013029197 0.999912858 242.292968750
0.999970138 -0.007176205 0.002880107 -1.917024016 0.007202707 0.999930680 -0.009299583 -3.908349037 -0.002813172 0.009320049 0.999952614 243.038116455
0.999989271 -0.002991460 0.003551228 -1.928418159 0.003001139 0.999991775 -0.002723329 -3.925316334 -0.003543053 0.002733958 0.999990046 243.800064087
0.999982536 -0.004185878 0.004169558 -1.928060055 0.004182877 0.999991000 0.000728010 -3.949451923 -0.004172567 -0.000710557 0.999991059 244.549057007
0.999970973 -0.004976362 0.005763602 -1.908244848 0.004986685 0.999986053 -0.001778165 -3.957107782 -0.005754673 0.001806855 0.999981821 245.314758301
0.999939561 -0.004284827 0.010130171 -1.901662827 0.004367534 0.999957144 -0.008156378 -3.968530893 -0.010094788 0.008200127 0.999915481 246.070571899
0.999889731 -0.001695021 0.014754923 -1.928710461 0.001866784 0.999930561 -0.011635074 -3.979985237 -0.014734177 0.011661336 0.999823451 246.847686768
0.999846399 0.000421670 0.017521549 -1.912770271 -0.000215563 0.999930739 -0.011763300 -3.991999626 -0.017525297 0.011757717 0.999777317 247.639938354
0.999787331 -0.001643100 0.020558495 -1.888510227 0.001832286 0.999956131 -0.009186874 -4.013603687 -0.020542495 0.009222589 0.999746442 248.441177368
0.999715328 -0.004728765 0.023384735 -1.861890793 0.004861180 0.999972463 -0.005608842 -4.037743568 -0.023357568 0.005720923 0.999710798 249.245147705
0.999639690 -0.007067660 0.025892153 -1.828539371 0.007180585 0.999965131 -0.004270955 -4.050680161 -0.025861062 0.004455337 0.999655664 250.051223755
0.999555886 -0.006903687 0.028987560 -1.816095352 0.007000957 0.999970317 -0.003255413 -4.078421593 -0.028964221 0.003456909 0.999574482 250.847000122
0.999457538 -0.004406028 0.032641720 -1.820475578 0.004586186 0.999974668 -0.005446425 -4.091765881 -0.032616891 0.005593171 0.999452293 251.642608643
0.999402821 -0.003450573 0.034381364 -1.784481049 0.003717971 0.999963343 -0.007716510 -4.105749130 -0.034353472 0.007839730 0.999378979 252.453079224
0.999312341 -0.003219389 0.036939375 -1.758154869 0.003506689 0.999964118 -0.007715451 -4.125550270 -0.036913216 0.007839679 0.999287665 253.251480103
0.999201357 -0.002258620 0.039893869 -1.723494530 0.002487598 0.999980628 -0.005690967 -4.140837669 -0.039880250 0.005785662 0.999187648 254.079193115
0.999078155 -0.000980196 0.042917065 -1.690261841 0.001163936 0.999990225 -0.004256488 -4.157910347 -0.042912476 0.004302518 0.999069571 254.890716553
0.998938382 0.000527762 0.046061628 -1.665546417 -0.000304479 0.999988198 -0.004854363 -4.170501232 -0.046063650 0.004835187 0.998926818 255.708557129
0.998824716 -0.000336552 0.048466511 -1.624543190 0.000569350 0.999988377 -0.004789554 -4.191370010 -0.048464336 0.004811519 0.998813272 256.501678467
0.998698473 -0.001770711 0.050972167 -1.580234528 0.002044015 0.999983847 -0.005310202 -4.204069614 -0.050961934 0.005407479 0.998685956 257.321472168
0.998605251 -0.004784388 0.052580114 -1.535398483 0.005028854 0.999977231 -0.004518073 -4.223280907 -0.052557301 0.004776189 0.998606503 258.136322021
0.998556733 -0.005682685 0.053405426 -1.487194061 0.005933255 0.999972105 -0.004534448 -4.240917206 -0.053378168 0.004844773 0.998562634 258.947937012
0.998539805 -0.006379771 0.053642899 -1.435982704 0.006637018 0.999967277 -0.004618795 -4.257020473 -0.053611677 0.004968079 0.998549521 259.769287109
0.998485684 -0.005948703 0.054690406 -1.412992477 0.006217620 0.999969363 -0.004748266 -4.270919800 -0.054660488 0.005081119 0.998492062 260.594238281
0.998469651 -0.006751185 0.054888818 -1.377404213 0.006961070 0.999969184 -0.003633553 -4.292909145 -0.054862596 0.004010078 0.998485804 261.394714355
0.998505592 -0.006245058 0.054290380 -1.335221291 0.006418082 0.999974906 -0.003013233 -4.312495232 -0.054270197 0.003357170 0.998520672 262.217468262
0.998578787 -0.006088892 0.052946761 -1.301089287 0.006296878 0.999973118 -0.003762272 -4.331101894 -0.052922431 0.004090324 0.998590231 263.022094727
0.998644292 -0.006256146 0.051676076 -1.259925842 0.006506747 0.999967873 -0.004682650 -4.348735809 -0.051645119 0.005012545 0.998652935 263.860076904
0.998730898 -0.005450881 0.050067127 -1.212038040 0.005722873 0.999969721 -0.005290821 -4.366090298 -0.050036766 0.005570635 0.998731852 264.672271729
0.998825073 -0.004634499 0.048238806 -1.176858902 0.004914369 0.999971747 -0.005684782 -4.386878490 -0.048211101 0.005915166 0.998819649 265.500946045
0.998957455 -0.003180675 0.045538682 -1.129795074 0.003467409 0.999974668 -0.006218899 -4.400244713 -0.045517750 0.006370317 0.998943210 266.326049805
0.999060273 -0.002680853 0.043259718 -1.093383789 0.002915586 0.999981403 -0.005363949 -4.423697472 -0.043244533 0.005485036 0.999049485 267.146179199
0.999146044 -0.002266738 0.041255731 -1.081321716 0.002430874 0.999989331 -0.003928759 -4.442087173 -0.041246392 0.004025692 0.999140918 267.973022461
0.999324441 -0.003934242 0.036539815 -1.040318489 0.004003048 0.999990404 -0.001810078 -4.454590797 -0.036532342 0.001955126 0.999330580 268.792175293
0.999501228 -0.004572368 0.031248715 -1.016408920 0.004579370 0.999989450 -0.000152476 -4.473968506 -0.031247694 0.000295499 0.999511719 269.585815430
0.999614060 -0.005197483 0.027288266 -1.000772476 0.005161091 0.999985635 0.001403881 -4.492916107 -0.027295174 -0.001262501 0.999626637 270.394866943
0.999737918 -0.005574403 0.022201687 -0.979651451 0.005532837 0.999982893 0.001933184 -4.504570961 -0.022212083 -0.001809838 0.999751687 271.188171387
0.999822795 -0.006488553 0.017670197 -0.969931602 0.006444797 0.999976039 0.002532127 -4.520252705 -0.017686207 -0.002417797 0.999840617 271.973327637
0.999898016 -0.007622821 0.012072499 -0.946851969 0.007590520 0.999967456 0.002719051 -4.532818794 -0.012092834 -0.002627137 0.999923468 272.744506836
0.999928534 -0.008559366 0.008357437 -0.944843292 0.008538924 0.999960482 0.002478812 -4.546075821 -0.008378325 -0.002407271 0.999962032 273.489868164
0.999960661 -0.007804024 0.004184596 -0.938242674 0.007795112 0.999967337 0.002141471 -4.557231426 -0.004201170 -0.002108768 0.999989033 274.219543457
