1 -1.22322e-18 -1.71789e-20 0 7.5476e-19 1 6.23824e-19 0 -2.14909e-19 -9.89981e-19 1 0
0.99998 0.000384529 -0.00633843 -0.00902283 -0.000382551 1 0.000313282 -0.000681831 0.00633855 -0.000310851 0.99998 0.0891849
0.999914 0.00128511 -0.0130843 -0.0210512 -0.00128323 0.999999 0.000152705 -0.00153461 0.0130845 -0.000135902 0.999914 0.180401
0.999795 0.00101618 -0.0202207 -0.0331154 -0.00102334 0.999999 -0.000343602 -0.00209122 0.0202203 0.000364224 0.999795 0.269453
0.999575 0.00115757 -0.0291263 -0.0481296 -0.00119698 0.999998 -0.00133562 -0.00531522 0.0291247 0.00136991 0.999575 0.378465
0.999183 0.00103552 -0.0403892 -0.0669798 -0.00115446 0.999995 -0.00292159 -0.00634823 0.040386 0.00296583 0.99918 0.492444
0.998565 0.00127768 -0.0535459 -0.0905677 -0.00148259 0.999992 -0.00378715 -0.00725813 0.0535407 0.0038611 0.998558 0.62024
0.997555 0.00100189 -0.0698829 -0.118611 -0.0012545 0.999993 -0.00357099 -0.00936615 0.0698788 0.00364992 0.997549 0.757142
0.99608 -0.000207077 -0.0884527 -0.148695 -0.000128176 0.999993 -0.0037845 -0.00698915 0.0884529 0.003781 0.996073 0.901389
0.994132 -0.00106097 -0.108164 -0.186111 0.000667316 0.999993 -0.00367552 -0.01146 0.108167 0.00358178 0.994126 1.05847
0.991493 -0.00110623 -0.130158 -0.231194 0.000591117 0.999992 -0.00399615 -0.0177535 0.130161 0.00388521 0.991485 1.22298
0.987978 0.00193967 -0.154583 -0.288894 -0.00273316 0.999984 -0.00492077 -0.0271172 0.154571 0.00528411 0.987968 1.39256
0.983635 0.00582292 -0.180079 -0.357938 -0.00714652 0.999952 -0.00670219 -0.0302615 0.180031 0.00787944 0.983629 1.56707
0.978271 0.00902105 -0.207134 -0.429998 -0.0107499 0.999916 -0.00722249 -0.0374988 0.207052 0.00929223 0.978286 1.74417
0.97149 0.0101591 -0.236864 -0.511677 -0.01228 0.999897 -0.00748042 -0.0403145 0.236763 0.0101758 0.971514 1.93734
0.963505 0.0118276 -0.26743 -0.596788 -0.014154 0.999877 -0.00677309 -0.0457819 0.267317 0.0103111 0.963554 2.11273
0.954078 0.0138219 -0.299239 -0.697457 -0.0162162 0.999853 -0.00551947 -0.0489937 0.299119 0.0101185 0.954162 2.30289
0.942753 0.0157458 -0.33312 -0.80511 -0.0181595 0.999827 -0.00413325 -0.0539429 0.332997 0.00994591 0.942875 2.48642
0.930182 0.0183303 -0.36664 -0.911574 -0.0210042 0.999774 -0.00330461 -0.0569834 0.366496 0.0107749 0.930357 2.66573
0.916349 0.0207846 -0.399841 -1.04262 -0.0238446 0.999712 -0.00267945 -0.0572309 0.39967 0.0119893 0.916581 2.86145
0.900318 0.0218578 -0.434684 -1.1772 -0.0251083 0.999683 -0.00173594 -0.0556158 0.434508 0.0124771 0.900581 3.04235
0.881654 0.0183169 -0.471541 -1.30496 -0.0219056 0.999758 -0.00212219 -0.0541526 0.471388 0.0122004 0.881842 3.21633
0.860333 0.0153469 -0.509502 -1.44996 -0.0191593 0.999814 -0.00223603 -0.0599243 0.509373 0.0116854 0.860467 3.39618
0.835428 0.0164999 -0.549352 -1.61929 -0.0190975 0.999817 0.000987147 -0.0679571 0.549267 0.00966658 0.835591 3.56853
0.806615 0.0216061 -0.590682 -1.81907 -0.0232547 0.999718 0.00481215 -0.0677098 0.59062 0.00985456 0.80689 3.73636
0.774147 0.0249044 -0.632516 -2.02269 -0.0262106 0.99963 0.00727945 -0.0721811 0.632463 0.0109432 0.774513 3.89105
0.73766 0.0246179 -0.674723 -2.22677 -0.0259887 0.99963 0.00805947 -0.068215 0.674672 0.0115901 0.738027 4.04105
0.698131 0.0220116 -0.715632 -2.45357 -0.021543 0.999721 0.00973357 -0.0705742 0.715646 0.00862156 0.69841 4.19844
0.656472 0.0197696 -0.754091 -2.69674 -0.0172149 0.999789 0.0112245 -0.0738209 0.754154 0.00561307 0.656674 4.34301
0.611491 0.019324 -0.791015 -2.94237 -0.0142869 0.999808 0.0133802 -0.0730983 0.791122 0.00311923 0.61165 4.46869
0.564323 0.0203599 -0.825303 -3.22703 -0.0120366 0.999792 0.0164342 -0.0700598 0.825466 0.000659624 0.564451 4.59505
0.514252 0.0215219 -0.857369 -3.52478 -0.0104589 0.999768 0.0188231 -0.0695277 0.857576 -0.000712677 0.514357 4.70572
0.461465 0.0233849 -0.88685 -3.8063 -0.00935065 0.999725 0.0214957 -0.06448 0.887109 -0.00162686 0.461556 4.78958
0.40658 0.0258607 -0.913249 -4.14977 -0.00844183 0.999663 0.0245494 -0.0577655 0.913576 -0.00227179 0.406662 4.88008
0.351448 0.0286193 -0.93577 -4.47735 -0.00732999 0.999586 0.0278181 -0.0572686 0.936179 -0.00291743 0.351512 4.94171
0.295059 0.0319326 -0.954945 -4.86084 -0.0055704 0.999482 0.0317007 -0.0500208 0.955463 -0.00403416 0.295084 5.01895
0.243662 0.0343513 -0.969252 -5.2246 -0.00170668 0.999386 0.0349903 -0.046187 0.969859 -0.0068716 0.243571 5.05411
0.192025 0.0346956 -0.980776 -5.60015 0.00160305 0.999362 0.0356669 -0.0419856 0.981389 -0.00842119 0.191847 5.08208
0.144757 0.0358311 -0.988818 -6.00584 0.00030687 0.999342 0.0362574 -0.0358399 0.989467 -0.00555193 0.14465 5.08202
0.100292 0.0360623 -0.994304 -6.43796 -0.000891439 0.999346 0.0361553 -0.0154273 0.994958 -0.00273971 0.100258 5.09801
0.0637743 0.0349872 -0.997351 -6.86839 -0.00196798 0.999388 0.0349328 -0.00140186 0.997962 -0.000265046 0.0638041 5.07688
0.0281199 0.0328846 -0.999063 -7.32144 -0.00156213 0.999459 0.0328536 0.00542883 0.999603 0.000636825 0.0281561 5.07488
-0.00321922 0.0300188 -0.999544 -7.78265 -0.000785423 0.999549 0.0300215 0.0145479 0.999995 0.00088171 -0.00319418 5.04552
-0.0286429 0.0292033 -0.999163 -8.24731 -0.0010239 0.999572 0.0292446 0.0178846 0.999589 0.0018607 -0.0286008 4.992
-0.0503775 0.0265877 -0.998376 -8.75093 -0.00156934 0.999642 0.0267006 0.0301306 0.998729 0.0029119 -0.0503177 4.95725
-0.0666672 0.0260016 -0.997436 -9.25784 -0.00184519 0.999655 0.0261828 0.0435503 0.997774 0.00358599 -0.0665962 4.91128
-0.07872 0.0265095 -0.996544 -9.82282 -0.000606513 0.999645 0.0266399 0.0530497 0.996897 0.00270151 -0.0786759 4.84644
-0.0881965 0.0275336 -0.995722 -10.3581 -0.00181644 0.999612 0.027802 0.0554131 0.996101 0.00426071 -0.0881123 4.7862
-0.0963275 0.0285729 -0.994939 -10.9286 -0.00288325 0.999576 0.0289852 0.0645239 0.995346 0.00566074 -0.0962043 4.72802
-0.09964 0.0301116 -0.994568 -11.496 -0.00208715 0.999533 0.0304711 0.0715893 0.995021 0.00511195 -0.0995307 4.65769
-0.102818 0.0303618 -0.994237 -12.1059 -0.00117882 0.99953 0.0306454 0.0852387 0.9947 0.00432291 -0.102733 4.60577
-0.101099 0.0325335 -0.994344 -12.7156 0.000569885 0.999467 0.0326431 0.0949356 0.994876 0.00273352 -0.101063 4.53809
-0.100327 0.0346555 -0.994351 -13.3534 0.00153398 0.999397 0.0346766 0.104726 0.994953 0.00195371 -0.10032 4.47807
-0.0968602 0.0350689 -0.99468 -13.9873 0.00146008 0.999383 0.0350926 0.113163 0.995297 0.00194676 -0.0968517 4.39614
-0.0963454 0.0327659 -0.994808 -14.6485 -0.000545041 0.999456 0.0329717 0.122683 0.995348 0.00371888 -0.0962751 4.33521
-0.0949196 0.0326487 -0.994949 -15.3247 -0.00206763 0.999453 0.0329937 0.13591 0.995483 0.00518894 -0.0948002 4.26761
-0.0937954 0.0350667 -0.994974 -16.0172 -0.00217628 0.99937 0.0354268 0.155533 0.995589 0.00548821 -0.09366 4.19997
-0.0914415 0.0383948 -0.99507 -16.7239 -0.00282172 0.999242 0.0388151 0.175109 0.995806 0.00635712 -0.0912639 4.12979
-0.0888253 0.0401325 -0.995238 -17.4501 -0.00309328 0.999172 0.0405672 0.193319 0.996042 0.00668195 -0.0886276 4.0531
-0.0878221 0.0397828 -0.995341 -18.1764 -0.0040806 0.999179 0.0402962 0.207627 0.996128 0.00760048 -0.0875877 3.98738
-0.0858771 0.0367143 -0.995629 -18.9239 -0.00697337 0.999274 0.0374502 0.221962 0.996281 0.010159 -0.0855587 3.91155
-0.0839881 0.0359382 -0.995818 -19.6821 -0.009605 0.999274 0.036873 0.244431 0.996421 0.0126617 -0.0835819 3.83679
-0.0822813 0.0380869 -0.995881 -20.4474 -0.00751548 0.999217 0.0388355 0.265929 0.996581 0.01068 -0.0819307 3.77165
-0.0813881 0.040168 -0.995873 -21.2317 -0.00492095 0.999159 0.0407027 0.282921 0.99667 0.00821336 -0.081122 3.70796
-0.0795862 0.0418998 -0.995947 -22.0206 -0.00251575 0.999105 0.0422337 0.303198 0.996825 0.00586678 -0.0794095 3.63672
-0.0798059 0.0378425 -0.996092 -22.7925 -0.0013919 0.999274 0.0380749 0.317097 0.996809 0.00442506 -0.0796952 3.57275
-0.0793393 0.0309892 -0.996366 -23.5829 -0.00246481 0.999508 0.0312832 0.329954 0.996845 0.00493784 -0.0792238 3.50515
-0.0798189 0.0263409 -0.996461 -24.3803 -0.00117142 0.999648 0.026519 0.343419 0.996809 0.00328399 -0.07976 3.44262
-0.080554 0.0268651 -0.996388 -25.1969 -0.000826285 0.999635 0.0270195 0.354124 0.99675 0.00299983 -0.0805023 3.37556
-0.0799303 0.0340088 -0.99622 -26.0436 4.17793e-05 0.999418 0.0341146 0.371381 0.9968 0.00268517 -0.0798852 3.29944
-0.0798419 0.0410068 -0.995964 -26.8791 0.000104199 0.999154 0.0411298 0.392454 0.996808 0.0031801 -0.0797786 3.22541
-0.0798881 0.046511 -0.995718 -27.7051 0.000501976 0.998913 0.0466199 0.410242 0.996804 0.00322455 -0.0798246 3.14608
-0.0805266 0.0470266 -0.995642 -28.5418 -0.00137353 0.99888 0.0472907 0.42838 0.996752 0.00517569 -0.0803718 3.06841
-0.080564 0.0437574 -0.995788 -29.3383 -0.0045431 0.999009 0.0442664 0.445192 0.996739 0.00809025 -0.0802854 2.99022
-0.0820479 0.0411342 -0.995779 -30.1639 -0.00461868 0.999121 0.0416528 0.461032 0.996618 0.00801671 -0.0817859 2.92715
-0.0807293 0.0420112 -0.99585 -31.0209 -0.00549131 0.999077 0.0425925 0.485011 0.996721 0.00890698 -0.0804241 2.8357
-0.0811798 0.044183 -0.99572 -31.8423 -0.00520177 0.998985 0.044752 0.509594 0.996686 0.00881246 -0.0808675 2.77163
-0.0814429 0.0428042 -0.995758 -32.647 -0.00474473 0.999049 0.0433337 0.525811 0.996667 0.00825382 -0.0811623 2.70058
-0.0807744 0.037629 -0.996022 -33.4681 -0.00732638 0.999238 0.0383447 0.53887 0.996706 0.0103945 -0.0804371 2.62219
-0.0804065 0.0338089 -0.996189 -34.2802 -0.00944085 0.999354 0.0346784 0.550109 0.996717 0.0121932 -0.0800354 2.54993
-0.079419 0.0339264 -0.996264 -35.1113 -0.00970393 0.999347 0.034805 0.567176 0.996794 0.0124319 -0.0790379 2.47295
-0.0785976 0.0369001 -0.996223 -35.9276 -0.00827788 0.999256 0.0376656 0.574453 0.996872 0.011207 -0.0782336 2.40192
-0.0781122 0.0417538 -0.99607 -36.7467 -0.00896232 0.999053 0.0425817 0.590607 0.996904 0.0122532 -0.077664 2.33581
-0.0777155 0.0474809 -0.995844 -37.5743 -0.00667908 0.998818 0.048144 0.612485 0.996953 0.0103928 -0.0773065 2.27094
-0.0777664 0.0501175 -0.995711 -38.4004 -0.00603196 0.998694 0.0507387 0.639262 0.996953 0.00995185 -0.0773626 2.20195
-0.07718 0.0500026 -0.995762 -39.2245 -0.00428775 0.998716 0.0504832 0.659088 0.997008 0.00816588 -0.0768665 2.13063
-0.0775769 0.0462219 -0.995914 -40.0469 -0.00423273 0.9989 0.0466902 0.674955 0.996977 0.00783752 -0.0772959 2.06849
-0.0777887 0.0421579 -0.996078 -40.857 -0.00569245 0.99907 0.0427291 0.692605 0.996954 0.00899396 -0.0774764 2.00344
-0.0765237 0.0389995 -0.996305 -41.6771 -0.00875455 0.99917 0.0397841 0.711566 0.997029 0.0117666 -0.0761188 1.92091
-0.0767085 0.0370958 -0.996363 -42.4946 -0.0118616 0.999203 0.0381148 0.730745 0.996983 0.0147422 -0.0762073 1.84042
-0.0782155 0.0358749 -0.996291 -43.3056 -0.0107397 0.999264 0.0368251 0.741903 0.996879 0.0135802 -0.0777726 1.7801
-0.0801747 0.0320146 -0.996267 -44.1156 -0.00689966 0.999442 0.0326719 0.752221 0.996757 0.00949335 -0.0799091 1.71897
-0.0806163 0.0306046 -0.996275 -44.9272 -0.00345918 0.999514 0.030984 0.760196 0.996739 0.0059441 -0.0804712 1.64856
-0.0822053 0.0341397 -0.99603 -45.7495 -0.0021833 0.999405 0.0344355 0.768664 0.996613 0.00500542 -0.0820818 1.5755
-0.0839587 0.0400169 -0.995665 -46.5402 -0.000743374 0.999191 0.0402213 0.788119 0.996469 0.00411708 -0.083861 1.50897
-0.0868392 0.0434914 -0.995273 -47.3536 -0.00018278 0.999046 0.0436722 0.809737 0.996222 0.00397437 -0.0867484 1.44372
-0.0886269 0.0429558 -0.995138 -48.1559 -0.00124026 0.999064 0.0432357 0.821816 0.996064 0.00506607 -0.0884907 1.37417
-0.0889016 0.0394724 -0.995258 -48.9379 -0.00347956 0.999196 0.0399394 0.830512 0.996034 0.00701374 -0.0886928 1.28483
-0.0907217 0.0357188 -0.995235 -49.7232 -0.00782275 0.9993 0.0365778 0.843338 0.995846 0.0111039 -0.0903788 1.20563
-0.0922576 0.0344921 -0.995138 -50.511 -0.0103008 0.999313 0.0355918 0.853875 0.995682 0.0135343 -0.0918389 1.12271
-0.0925892 0.0357428 -0.995063 -51.3138 -0.0102813 0.999268 0.0368505 0.8644 0.995651 0.0136425 -0.092154 1.03638
-0.0932286 0.0371153 -0.994953 -52.0818 -0.0107438 0.999209 0.0382808 0.878592 0.995587 0.0142585 -0.0927562 0.954201
-0.094531 0.0368655 -0.994839 -52.8427 -0.0117083 0.999204 0.0381398 0.886331 0.995453 0.0152533 -0.0940241 0.875663
-0.095513 0.0367136 -0.994751 -53.6082 -0.0124388 0.999198 0.038072 0.89872 0.995351 0.0160099 -0.0949797 0.797943
-0.0948905 0.0387062 -0.994735 -54.3644 -0.0114981 0.999135 0.0399742 0.909323 0.995421 0.0152307 -0.0943633 0.711988
-0.0953891 0.0413536 -0.994581 -55.1283 -0.0105915 0.999038 0.0425548 0.925106 0.995384 0.0145934 -0.0948594 0.632078
-0.0960443 0.0456065 -0.994332 -55.8656 -0.0105697 0.998847 0.0468346 0.944688 0.995321 0.0150079 -0.0954514 0.560964
-0.0967357 0.048106 -0.994147 -56.6277 -0.010302 0.998729 0.0493302 0.959778 0.995257 0.0150137 -0.0961172 0.488418
-0.0965763 0.0482331 -0.994156 -57.3812 -0.00938987 0.998737 0.0493675 0.977002 0.995281 0.0141027 -0.0960013 0.407212
-0.0964777 0.0459708 -0.994273 -58.119 -0.00844664 0.998859 0.0470024 0.995787 0.995299 0.012933 -0.0959793 0.326905
-0.0968589 0.0423426 -0.994397 -58.8395 -0.00778129 0.999032 0.0432979 1.00984 0.995268 0.0119315 -0.0964357 0.250197
-0.0961281 0.039884 -0.99457 -59.5555 -0.00972332 0.999112 0.041006 1.02041 0.995322 0.0136123 -0.0956549 0.171685
-0.0949304 0.0374449 -0.994779 -60.2649 -0.0101251 0.999204 0.0385777 1.03236 0.995432 0.0137344 -0.0944757 0.0969861
-0.0923725 0.0368002 -0.995044 -60.9391 -0.0104524 0.999226 0.0379251 1.0378 0.99567 0.0139038 -0.0919164 0.0256459
-0.0885193 0.0377096 -0.99536 -61.5967 -0.01113 0.999183 0.0388442 1.04719 0.996012 0.0145168 -0.0880273 -0.0376692
-0.0837115 0.0389103 -0.99573 -62.2677 -0.0103485 0.99915 0.0399139 1.05914 0.996436 0.0136455 -0.0832376 -0.0884779
-0.0749779 0.0406943 -0.996354 -62.8923 -0.0101208 0.999084 0.0415674 1.06585 0.997134 0.0132005 -0.0744973 -0.146354
-0.0672695 0.04191 -0.996854 -63.5202 -0.0117998 0.999014 0.0427971 1.07816 0.997665 0.0146416 -0.0667087 -0.179702
-0.0560836 0.0433653 -0.997484 -64.1271 -0.0138914 0.998926 0.044209 1.09036 0.998329 0.0163358 -0.0554209 -0.211517
-0.040529 0.0446617 -0.99818 -64.7195 -0.0173405 0.998819 0.0453943 1.10345 0.999028 0.0191488 -0.0397066 -0.238628
-0.0226565 0.0460222 -0.998683 -65.2963 -0.0192075 0.998735 0.0464603 1.11277 0.999559 0.0202349 -0.0217439 -0.242262
0.000214815 0.0465797 -0.998915 -65.8594 -0.0200827 0.998713 0.046566 1.12676 0.999798 0.0200509 0.00114999 -0.236049
0.0261798 0.0468379 -0.998559 -66.4006 -0.0201921 0.998723 0.0463162 1.13526 0.999453 0.0189504 0.0270921 -0.207136
0.0552574 0.0462017 -0.997403 -66.9145 -0.019366 0.998791 0.0451931 1.14646 0.998284 0.0168184 0.0560854 -0.158232
0.0907122 0.0459047 -0.994819 -67.4022 -0.0182611 0.998846 0.0444254 1.1552 0.99571 0.0141365 0.0914458 -0.0992668
0.127572 0.0458431 -0.990769 -67.8798 -0.0179374 0.998875 0.0439085 1.16783 0.991667 0.0121704 0.128251 -0.00506988
0.169584 0.0454964 -0.984465 -68.3368 -0.0180365 0.99891 0.043057 1.17215 0.985351 0.0104546 0.17022 0.0975263
0.214549 0.0464286 -0.975609 -68.7673 -0.0179353 0.998888 0.0435922 1.17727 0.976549 0.0081452 0.215144 0.227201
0.264507 0.0446181 -0.963351 -69.2 -0.0160993 0.998994 0.0418485 1.19432 0.964249 0.00444001 0.26496 0.382426
0.313758 0.0394234 -0.948684 -69.6075 -0.00864673 0.999215 0.0386635 1.19452 0.949464 -0.00392798 0.313853 0.570092
0.365465 0.0339957 -0.930204 -70.0004 -0.002917 0.99937 0.0353774 1.18973 0.930821 -0.0102158 0.365334 0.783772
0.417175 0.0284678 -0.90838 -70.3806 0.00221105 0.999475 0.0323381 1.19541 0.908824 -0.0154991 0.416893 1.01503
0.466457 0.0274066 -0.884119 -70.7386 0.00334417 0.999458 0.0327464 1.19884 0.884538 -0.0182314 0.466113 1.27356
0.514857 0.0263791 -0.85687 -71.0928 0.00342921 0.999455 0.0328292 1.21374 0.857269 -0.0198407 0.514486 1.53169
0.560457 0.0222412 -0.827885 -71.4242 0.00892532 0.999419 0.0328917 1.2297 0.828136 -0.0258235 0.559933 1.80913
0.60246 0.0152218 -0.798004 -71.7276 0.0191838 0.999253 0.0335436 1.22662 0.797918 -0.0355174 0.601718 2.12892
0.643643 0.00961684 -0.765265 -72.009 0.0228601 0.999233 0.031784 1.21389 0.764984 -0.0379515 0.64293 2.44427
0.684772 0.00456268 -0.728743 -72.2854 0.0197681 0.999496 0.0248332 1.21789 0.72849 -0.0314109 0.684336 2.76355
0.724565 -0.00226336 -0.689203 -72.5518 0.0157325 0.999788 0.0132564 1.22233 0.689027 -0.020448 0.724447 3.09662
0.764119 -0.00591414 -0.645048 -72.8178 0.0117943 0.999919 0.0048037 1.22129 0.644968 -0.0112785 0.764127 3.46958
0.800971 -0.00716038 -0.598661 -73.0638 0.00974191 0.999952 0.00107398 1.22796 0.598624 -0.00669233 0.801002 3.8663
0.834855 -0.00902005 -0.550395 -73.3011 0.00997158 0.999949 -0.0012623 1.22852 0.550379 -0.00443447 0.834903 4.29694
0.864908 -0.00887255 -0.501851 -73.5095 0.0082081 0.99996 -0.00353279 1.22379 0.501863 -0.00106371 0.864947 4.74559
0.891351 -0.00712539 -0.453258 -73.7334 0.00680165 0.999974 -0.00234425 1.21281 0.453263 -0.000993359 0.891376 5.23413
0.912393 -0.00377356 -0.409297 -73.9312 0.00311218 0.999993 -0.00228196 1.20903 0.409303 0.000808243 0.912398 5.74433
0.929816 0.00109311 -0.368024 -74.1028 -0.00251709 0.999991 -0.00338924 1.2038 0.368017 0.00407772 0.92981 6.24035
0.94319 0.00464188 -0.332221 -74.2678 -0.00583324 0.99998 -0.00258883 1.20069 0.332202 0.00437968 0.943198 6.77281
0.953366 0.00540417 -0.301768 -74.4311 -0.00591064 0.999982 -0.000765274 1.18999 0.301758 0.00251323 0.953381 7.33202
0.96062 0.00469795 -0.277825 -74.5763 -0.00462539 0.999989 0.000916609 1.18275 0.277826 0.000404532 0.960631 7.90141
0.966587 0.00427725 -0.256304 -74.7303 -0.00375131 0.99999 0.00254087 1.1732 0.256312 -0.0014945 0.966593 8.4936
0.971524 0.00653424 -0.236851 -74.8867 -0.00554185 0.999973 0.00485548 1.17193 0.236876 -0.00340462 0.971534 9.10986
0.975031 0.0100064 -0.221844 -75.0177 -0.0088307 0.999941 0.0062911 1.16515 0.221894 -0.00417498 0.975062 9.73172
0.978279 0.0122245 -0.206933 -75.1726 -0.0109449 0.999913 0.00732781 1.16474 0.207005 -0.00490378 0.978328 10.3644
0.980775 0.0127142 -0.194729 -75.2925 -0.0114406 0.999905 0.00766349 1.15677 0.194808 -0.00528834 0.980827 11.0082
0.983206 0.0134653 -0.181999 -75.399 -0.0123485 0.999897 0.00726855 1.15294 0.182079 -0.00489908 0.983272 11.6896
0.986032 0.0130058 -0.16605 -75.5206 -0.0118572 0.999898 0.00790691 1.1508 0.166136 -0.00582758 0.986086 12.3703
0.988262 0.0130654 -0.152207 -75.6233 -0.0119833 0.999896 0.00802491 1.14735 0.152296 -0.00610677 0.988316 13.069
0.99036 0.014212 -0.137784 -75.7307 -0.0135561 0.999892 0.0056975 1.13433 0.137851 -0.00377476 0.990446 13.7783
0.991913 0.015075 -0.126024 -75.8302 -0.0151575 0.999885 0.000303909 1.12505 0.126014 0.00160876 0.992027 14.4973
0.993029 0.0152985 -0.116875 -75.9145 -0.016015 0.999858 -0.00519438 1.10666 0.116779 0.00702992 0.993133 15.2437
0.993962 0.0157104 -0.108598 -75.996 -0.0164081 0.99985 -0.00553414 1.09794 0.108494 0.00728261 0.99407 15.9985
0.994522 0.0158951 -0.10331 -76.0643 -0.0159874 0.999872 -6.60832e-05 1.08881 0.103296 0.00171738 0.994649 16.7634
0.99511 0.0193543 -0.0968582 -76.1542 -0.0186935 0.999795 0.00772534 1.08581 0.096988 -0.00587694 0.995268 17.5232
0.995459 0.0212286 -0.092797 -76.2284 -0.0202241 0.999726 0.0117522 1.07459 0.0930211 -0.00982209 0.995616 18.2823
0.995824 0.0216678 -0.0886799 -76.308 -0.0207501 0.999721 0.011257 1.05911 0.0888992 -0.00936985 0.995997 19.0438
0.99601 0.0199456 -0.0869863 -76.3673 -0.0191233 0.999764 0.0102758 1.05045 0.0871708 -0.00857136 0.996157 19.8002
0.996291 0.0189518 -0.0839404 -76.4286 -0.0180217 0.999768 0.0118242 1.04591 0.084145 -0.0102676 0.996401 20.5577
0.996575 0.0164492 -0.0810439 -76.4962 -0.0153453 0.999781 0.014225 1.04041 0.0812602 -0.0129327 0.996609 21.3265
0.996861 0.0133349 -0.0780351 -76.5579 -0.0121387 0.999802 0.0157827 1.03479 0.0782301 -0.0147859 0.996826 22.0906
0.997011 0.0119733 -0.0763209 -76.6096 -0.0110572 0.999862 0.0124143 1.02437 0.076459 -0.0115333 0.997006 22.8359
0.997067 0.0159741 -0.0748515 -76.6742 -0.0156365 0.999865 0.00509414 1.01268 0.0749227 -0.00390878 0.997182 23.5863
0.997265 0.0178995 -0.0717151 -76.7446 -0.0181179 0.999833 -0.00239684 0.99523 0.0716603 0.00368962 0.997422 24.3213
0.997194 0.0191896 -0.0723588 -76.7906 -0.0196823 0.999788 -0.00610265 0.975763 0.0722263 0.00750971 0.99736 25.0694
0.997318 0.0204422 -0.0702813 -76.8464 -0.0208136 0.999773 -0.00455643 0.961274 0.0701722 0.00600702 0.997517 25.8256
0.99748 0.0222803 -0.0673521 -76.9114 -0.0223853 0.999749 -0.000804898 0.946268 0.0673173 0.00231057 0.997729 26.5686
0.997644 0.0233771 -0.0644975 -76.9631 -0.0231575 0.999723 0.00415024 0.937145 0.0645767 -0.00264687 0.997909 27.3136
0.997779 0.0252 -0.0616655 -77.015 -0.0248514 0.999671 0.00641447 0.921333 0.0618068 -0.00486775 0.998076 28.0588
0.997988 0.0214126 -0.0596835 -77.0691 -0.0210876 0.999759 0.00607022 0.910772 0.0597991 -0.00479943 0.998199 28.7843
0.998036 0.0209766 -0.0590303 -77.1137 -0.020648 0.999768 0.00617201 0.898795 0.059146 -0.00494103 0.998237 29.5253
0.998149 0.019492 -0.0576124 -77.1605 -0.0192594 0.999804 0.00458991 0.889135 0.0576906 -0.00347184 0.998328 30.2683
0.99826 0.0179316 -0.0561784 -77.2133 -0.0177447 0.999835 0.00382366 0.87634 0.0562377 -0.00282014 0.998413 31.0028
0.998281 0.017165 -0.0560426 -77.2617 -0.0169788 0.999849 0.00379634 0.864731 0.0560992 -0.00283828 0.998421 31.7269
0.998369 0.0187093 -0.0539425 -77.3152 -0.0185226 0.999821 0.00395809 0.858079 0.0540069 -0.00295248 0.998536 32.4764
0.998285 0.0207252 -0.0547437 -77.3584 -0.0205819 0.999783 0.00317945 0.846701 0.0547977 -0.00204727 0.998495 33.2531
0.998281 0.0200696 -0.055072 -77.4116 -0.0199278 0.999797 0.00312283 0.833381 0.0551235 -0.00201999 0.998478 34.0125
0.998158 0.0180069 -0.0579381 -77.4547 -0.0178181 0.999834 0.00377389 0.820252 0.0579964 -0.00273459 0.998313 34.7929
0.99803 0.019376 -0.0596749 -77.5154 -0.0191951 0.999809 0.00360258 0.810886 0.0597334 -0.00245001 0.998211 35.5596
0.997709 0.0244296 -0.0630922 -77.573 -0.0242746 0.9997 0.00322347 0.80411 0.063152 -0.00168455 0.998002 36.3521
0.997549 0.0248042 -0.0654211 -77.6344 -0.0249417 0.999688 -0.00128488 0.787106 0.0653688 0.00291344 0.997857 37.1322
0.997384 0.0247878 -0.0678955 -77.6972 -0.0251743 0.999671 -0.00484323 0.772636 0.0677531 0.00653979 0.997681 37.9195
0.99716 0.0247121 -0.0711365 -77.7576 -0.025212 0.999663 -0.00613802 0.752628 0.0709608 0.00791408 0.997448 38.7413
0.996932 0.0242582 -0.0744213 -77.8208 -0.0246934 0.999683 -0.00493331 0.738891 0.074278 0.00675589 0.997215 39.5531
0.996823 0.0212908 -0.0767471 -77.8853 -0.0216534 0.999758 -0.00389552 0.714796 0.0766456 0.00554498 0.997043 40.3833
0.996837 0.0200568 -0.076907 -77.9647 -0.0202924 0.999791 -0.00228395 0.696874 0.0768452 0.00383735 0.997036 41.1911
0.996749 0.0205958 -0.0778972 -78.0412 -0.0205697 0.999788 0.00113718 0.684823 0.0779041 0.000468842 0.996961 42.0199
0.996573 0.0189652 -0.0805139 -78.1009 -0.0185803 0.999812 0.00552717 0.677505 0.0806036 -0.00401225 0.996738 42.8512
0.996701 0.0179619 -0.0791529 -78.179 -0.0173884 0.999817 0.0079286 0.665981 0.0792809 -0.00652609 0.996831 43.7082
0.996897 0.0192838 -0.0763164 -78.2601 -0.0187024 0.99979 0.00832569 0.655753 0.0764609 -0.00687255 0.997049 44.551
0.996968 0.020506 -0.0750666 -78.325 -0.019997 0.999772 0.00752599 0.644791 0.0752038 -0.00600207 0.99715 45.3948
0.997098 0.0188894 -0.0737419 -78.3949 -0.0185778 0.999815 0.00490959 0.63641 0.0738211 -0.00352538 0.997265 46.2567
0.997257 0.0155333 -0.0723661 -78.4529 -0.0152907 0.999875 0.00390419 0.616283 0.0724177 -0.00278695 0.99737 47.1033
0.997454 0.0147393 -0.0697777 -78.5163 -0.0145459 0.999889 0.00327886 0.607964 0.0698183 -0.00225553 0.997557 47.9686
0.997547 0.0129933 -0.0687869 -78.5793 -0.0126424 0.999905 0.00553435 0.598667 0.0688522 -0.00465114 0.997616 48.8393
0.9976 0.010924 -0.068367 -78.6406 -0.0103852 0.999912 0.00823166 0.584217 0.0684509 -0.0075019 0.997626 49.6913
0.997755 0.00992617 -0.0662305 -78.7092 -0.0094129 0.999923 0.00805731 0.574633 0.0663054 -0.0074158 0.997772 50.556
0.997735 0.0106321 -0.066417 -78.7683 -0.0103102 0.999933 0.00518761 0.558965 0.0664677 -0.00449109 0.997778 51.4153
0.997768 0.013678 -0.0653646 -78.836 -0.0137226 0.999906 -0.000232758 0.541366 0.0653553 0.00112921 0.997861 52.2667
0.997712 0.0162557 -0.0656204 -78.8991 -0.0166479 0.999847 -0.00543502 0.515591 0.065522 0.00651503 0.99783 53.1055
0.997718 0.0202778 -0.0644087 -78.9665 -0.0210344 0.999717 -0.0110916 0.490824 0.0641656 0.012421 0.997862 53.949
0.997855 0.021301 -0.0618953 -79.0377 -0.0220944 0.999682 -0.0121631 0.461812 0.0616165 0.0135045 0.998009 54.7937
0.997948 0.0194788 -0.0609995 -79.0899 -0.0199288 0.999778 -0.00677749 0.443 0.060854 0.00797923 0.998115 55.6406
0.997845 0.0177966 -0.0631506 -79.143 -0.0176501 0.99984 0.00287625 0.419463 0.0631917 -0.00175544 0.998 56.4868
0.997858 0.0127747 -0.0641591 -79.1958 -0.0121711 0.999878 0.00978957 0.419959 0.0642764 -0.00898771 0.997892 57.3212
0.997779 0.0116897 -0.0655765 -79.2621 -0.0111796 0.999904 0.00813979 0.403415 0.0656654 -0.0073886 0.997814 58.1542
0.997582 0.0092548 -0.0688769 -79.3127 -0.00891331 0.999946 0.00526364 0.377402 0.068922 -0.00463699 0.997611 58.9809
0.997432 0.00810352 -0.0711553 -79.3761 -0.00783506 0.999961 0.0040511 0.359414 0.0711854 -0.00348319 0.997457 59.8
0.997297 0.00810889 -0.0730319 -79.4493 -0.00799254 0.999966 0.00188533 0.341986 0.0730447 -0.00129652 0.997328 60.6106
0.996936 0.0100667 -0.0775735 -79.5119 -0.0102104 0.999947 -0.00145619 0.323504 0.0775547 0.00224379 0.996986 61.4164
0.99667 0.0112331 -0.0807634 -79.5896 -0.0116773 0.999919 -0.00503006 0.30481 0.0807004 0.00595641 0.996721 62.2198
0.996352 0.0138563 -0.084201 -79.6665 -0.0146141 0.999858 -0.00839014 0.274937 0.0840728 0.00959006 0.996413 63.0234
0.996042 0.0186785 -0.0868985 -79.7527 -0.0195056 0.999772 -0.0086785 0.253859 0.0867166 0.0103392 0.996179 63.8247
0.995554 0.0221803 -0.0915409 -79.8317 -0.0229262 0.999712 -0.00710402 0.234919 0.091357 0.00917112 0.995776 64.6251
0.995225 0.0251496 -0.0943147 -79.924 -0.0253875 0.999677 -0.00132247 0.218574 0.0942509 0.00371057 0.995542 65.3954
0.994849 0.025405 -0.0981347 -80.0108 -0.0250783 0.999675 0.00456153 0.198725 0.0982187 -0.00207698 0.995163 66.1816
0.994441 0.0235284 -0.102628 -80.0993 -0.0228195 0.999707 0.00807671 0.18386 0.102788 -0.00568989 0.994687 66.9644
0.993597 0.0247801 -0.110233 -80.1887 -0.0239209 0.999672 0.00911003 0.173636 0.110422 -0.00641484 0.993864 67.7374
0.993034 0.0234105 -0.115475 -80.2866 -0.022061 0.999673 0.0129511 0.161648 0.115741 -0.0103134 0.993226 68.5181
0.992159 0.0235615 -0.122743 -80.3824 -0.0221646 0.999673 0.0127338 0.154519 0.123003 -0.00991345 0.992357 69.2808
0.991382 0.027701 -0.128044 -80.4975 -0.0263589 0.999579 0.0121645 0.139498 0.128327 -0.00868454 0.991694 70.0417
0.990501 0.0316794 -0.133805 -80.6116 -0.0308073 0.999488 0.00858333 0.126986 0.134009 -0.00437962 0.99097 70.79
0.989652 0.0310778 -0.140086 -80.724 -0.0305524 0.999516 0.00590024 0.118059 0.140201 -0.00155922 0.990122 71.5458
0.988917 0.0315757 -0.145076 -80.8518 -0.031203 0.999501 0.00484465 0.106786 0.145157 -0.000264154 0.989409 72.3038
0.988354 0.0336838 -0.148401 -80.9797 -0.0326772 0.999423 0.00921692 0.101593 0.148625 -0.00426027 0.988884 73.0533
0.987464 0.0323507 -0.154495 -81.1145 -0.0306539 0.999441 0.0133529 0.095491 0.15484 -0.0084496 0.987903 73.8119
0.986502 0.029391 -0.161088 -81.2463 -0.0271715 0.999503 0.0159644 0.0812199 0.161478 -0.0113719 0.986811 74.5558
0.985316 0.0289017 -0.168278 -81.3778 -0.0273664 0.99956 0.0114366 0.0788555 0.168534 -0.00666351 0.985673 75.2851
0.98376 0.0297884 -0.177002 -81.5191 -0.029308 0.999556 0.00532818 0.0601282 0.177082 -5.40757e-05 0.984196 76.0128
0.981967 0.0291301 -0.186797 -81.6667 -0.0291029 0.999572 0.00288835 0.0535808 0.186801 0.00260009 0.982394 76.7456
0.979938 0.027992 -0.197326 -81.8275 -0.0273248 0.999608 0.00610374 0.0442893 0.19742 -0.000589382 0.980319 77.4787
0.977912 0.0271677 -0.207245 -82.0028 -0.0252223 0.99961 0.0120242 0.0412939 0.20749 -0.0065314 0.978215 78.1831
0.97537 0.0297494 -0.21856 -82.1827 -0.0260613 0.999465 0.0197387 0.0448482 0.21903 -0.0135566 0.975624 78.9155
0.97276 0.0297584 -0.229899 -82.3635 -0.0249382 0.999405 0.0238445 0.0326279 0.230471 -0.0174617 0.972922 79.6363
0.969826 0.031135 -0.241802 -82.5527 -0.0272359 0.99944 0.0194518 0.0344044 0.242272 -0.0122792 0.970131 80.3431
0.966865 0.032355 -0.253229 -82.7595 -0.0306525 0.999473 0.0106667 0.0258197 0.253441 -0.00255112 0.967348 81.0395
0.963674 0.0301115 -0.265379 -82.9593 -0.0296304 0.999544 0.00581704 0.0179675 0.265433 0.00225756 0.964127 81.7289
0.960219 0.029938 -0.277639 -83.171 -0.0281586 0.999549 0.0103953 0.0213827 0.277825 -0.00216382 0.960629 82.4356
0.95678 0.0317063 -0.289078 -83.3967 -0.0278469 0.99946 0.017455 0.0168949 0.289476 -0.00865064 0.957146 83.1549
0.953015 0.0319749 -0.301231 -83.6289 -0.0262057 0.999388 0.0231746 0.0118371 0.301787 -0.0141917 0.95327 83.8723
0.949494 0.0292725 -0.312416 -83.8717 -0.023511 0.999477 0.0221935 0.0045449 0.312902 -0.0137274 0.949686 84.5621
0.945124 0.0270036 -0.325594 -84.1128 -0.0225667 0.999594 0.0173971 0.00706449 0.325931 -0.00909483 0.94535 85.2669
0.942262 0.0228195 -0.334097 -84.3711 -0.0203963 0.999734 0.0107597 0.0010174 0.334254 -0.00332414 0.942477 85.9649
0.939836 0.0192436 -0.341083 -84.6398 -0.0186464 0.999813 0.00502938 -0.00531091 0.341117 0.00163317 0.94002 86.6491
0.937582 0.0187204 -0.347259 -84.9149 -0.0186936 0.999819 0.00342763 -0.0187288 0.34726 0.00327782 0.937763 87.3519
0.934354 0.022523 -0.355634 -85.1961 -0.0228138 0.999734 0.00337662 -0.0240109 0.355616 0.00495841 0.934619 88.048
0.930849 0.0248224 -0.36456 -85.4781 -0.02443 0.999685 0.00568886 -0.0367897 0.364587 0.00361074 0.931162 88.7506
0.927809 0.0255961 -0.372177 -85.7669 -0.0228251 0.999669 0.0118498 -0.0366644 0.372357 -0.00249935 0.928086 89.4459
0.925039 0.0279926 -0.37884 -86.0541 -0.021952 0.999554 0.0202558 -0.0389701 0.379238 -0.0104211 0.925241 90.1413
0.922471 0.0323046 -0.384712 -86.3686 -0.0237065 0.999352 0.0270725 -0.0336006 0.385338 -0.0158534 0.922639 90.8476
0.919855 0.0373891 -0.390471 -86.6823 -0.0300849 0.999239 0.0248083 -0.0343835 0.391102 -0.0110727 0.920281 91.5365
0.917589 0.0381333 -0.395696 -86.9925 -0.0341893 0.99927 0.0170174 -0.0338019 0.396056 -0.00208643 0.918224 92.2138
0.915442 0.0335662 -0.401047 -87.2942 -0.0323607 0.999428 0.00978104 -0.0483764 0.401146 0.0040242 0.916005 92.9009
0.914108 0.0333193 -0.4041 -87.6241 -0.0326966 0.99943 0.0084436 -0.0493896 0.404151 0.00549432 0.914676 93.5961
0.911619 0.0382367 -0.409253 -87.9412 -0.0358862 0.999266 0.0134246 -0.045977 0.409466 0.0024484 0.912322 94.291
0.909649 0.0398575 -0.41346 -88.273 -0.035635 0.999204 0.0179229 -0.0501135 0.413846 -0.00156984 0.910346 94.9749
0.906947 0.0373289 -0.419587 -88.5987 -0.033542 0.999303 0.0164019 -0.0625404 0.419907 -0.000801916 0.907567 95.6734
0.905153 0.0350313 -0.42364 -88.937 -0.0338919 0.999373 0.0102257 -0.0690617 0.423733 0.00510209 0.905773 96.3612
0.902466 0.0322302 -0.429553 -89.2672 -0.0337747 0.999421 0.00402975 -0.0778701 0.429434 0.0108713 0.903033 97.0415
0.899955 0.0337076 -0.434678 -89.6043 -0.0364271 0.999334 0.00207593 -0.0830004 0.434458 0.0139658 0.900584 97.7167
0.898518 0.0358872 -0.437466 -89.9606 -0.036763 0.999303 0.00646895 -0.0966222 0.437394 0.0102701 0.899212 98.403
0.896246 0.037696 -0.441952 -90.3053 -0.03757 0.999253 0.00904137 -0.106792 0.441963 0.00850084 0.896993 99.0886
0.893503 0.0391447 -0.447347 -90.6506 -0.0388825 0.999196 0.00977237 -0.119097 0.44737 0.0086623 0.894307 99.7692
0.891362 0.0375697 -0.451733 -91.0016 -0.0375529 0.999254 0.00900645 -0.124705 0.451734 0.00893585 0.892108 100.444
0.889241 0.0350301 -0.456095 -91.3461 -0.0350557 0.99935 0.00840683 -0.136217 0.456093 0.00851304 0.889891 101.119
0.887152 0.0344141 -0.460193 -91.6952 -0.0340609 0.999379 0.00907332 -0.146057 0.460219 0.00762517 0.887773 101.764
0.885144 0.035973 -0.463924 -92.0572 -0.0356515 0.999319 0.00946648 -0.153256 0.463949 0.0081604 0.885824 102.42
0.882747 0.0366082 -0.468419 -92.4131 -0.0364125 0.999292 0.00947713 -0.161737 0.468435 0.0086904 0.883455 103.078
0.880596 0.0339894 -0.472648 -92.7666 -0.0354464 0.999355 0.00582563 -0.175614 0.472541 0.0116237 0.881232 103.715
0.878228 0.030456 -0.477272 -93.1236 -0.0337814 0.999428 0.00161513 -0.190831 0.477048 0.0147045 0.878754 104.362
0.875433 0.0308542 -0.482354 -93.4726 -0.0356828 0.999363 -0.000836129 -0.210995 0.482021 0.0179437 0.875976 105.009
0.873679 0.0323535 -0.485426 -93.8428 -0.0357952 0.999357 0.00218208 -0.214158 0.485184 0.0154695 0.874275 105.648
0.871838 0.0352331 -0.488526 -94.2051 -0.0343721 0.999351 0.0107331 -0.221465 0.488587 0.00743415 0.872483 106.285
0.870303 0.0366617 -0.49115 -94.5532 -0.0307318 0.999325 0.0201385 -0.224775 0.491557 -0.00243265 0.870842 106.9
0.869078 0.035689 -0.493386 -94.9055 -0.027072 0.999331 0.0246002 -0.227385 0.493934 -0.00802247 0.869462 107.512
0.867455 0.0335546 -0.496382 -95.2476 -0.0245979 0.999395 0.0245712 -0.231745 0.496907 -0.00910447 0.867756 108.104
0.866177 0.0321207 -0.498704 -95.5883 -0.0248249 0.999466 0.0212568 -0.236463 0.499121 -0.00603185 0.866511 108.673
0.865182 0.0299059 -0.500566 -95.9374 -0.0241873 0.999547 0.0179117 -0.234996 0.500875 -0.00338956 0.865513 109.243
0.863055 0.0287951 -0.504288 -96.2571 -0.0231225 0.999579 0.0175039 -0.245522 0.50458 -0.00344642 0.863358 109.802
0.861716 0.0269049 -0.506677 -96.5681 -0.0211164 0.99963 0.017168 -0.251869 0.506951 -0.00409475 0.861965 110.321
0.859538 0.0275716 -0.510328 -96.8747 -0.02107 0.999606 0.0185181 -0.260474 0.510638 -0.00516436 0.85978 110.85
0.858769 0.027226 -0.511638 -97.1776 -0.0199958 0.999607 0.0196301 -0.261308 0.511972 -0.00662715 0.858977 111.345
0.856966 0.0262149 -0.514706 -97.4651 -0.0183505 0.999624 0.0203596 -0.264841 0.515047 -0.0080024 0.857125 111.834
0.855407 0.0250057 -0.517353 -97.7315 -0.0170507 0.999652 0.0201249 -0.268831 0.517676 -0.00839376 0.855535 112.276
0.854409 0.0243253 -0.519032 -98.0058 -0.0161374 0.999664 0.0202863 -0.283178 0.519351 -0.00895694 0.854514 112.716
0.853269 0.0236607 -0.520934 -98.2687 -0.0176922 0.999709 0.0164274 -0.286771 0.521171 -0.00480048 0.853439 113.13
0.852075 0.0225482 -0.522933 -98.5183 -0.0183677 0.999744 0.013179 -0.299251 0.523097 -0.0016244 0.852272 113.524
0.849579 0.0192165 -0.527111 -98.7618 -0.0157572 0.999815 0.0110525 -0.305398 0.527226 -0.00108417 0.849724 113.909
0.846691 0.0152847 -0.531865 -98.9873 -0.0109987 0.999877 0.0112253 -0.30681 0.531971 -0.00365456 0.846755 114.274
0.843982 0.0159526 -0.536134 -99.2225 -0.0106226 0.999859 0.0130285 -0.314584 0.536266 -0.00530069 0.844032 114.616
0.840261 0.0191799 -0.541843 -99.4497 -0.0135497 0.999805 0.0143785 -0.314843 0.542013 -0.00473987 0.840357 114.943
0.83717 0.0247162 -0.546384 -99.6655 -0.0169883 0.999671 0.0191915 -0.316934 0.546679 -0.00678441 0.837315 115.238
0.832749 0.0304358 -0.552814 -99.8737 -0.0192519 0.999476 0.0260267 -0.313764 0.553316 -0.011031 0.832898 115.538
0.827429 0.0326095 -0.560623 -100.06 -0.0191691 0.999371 0.0298381 -0.315458 0.561244 -0.0139423 0.827533 115.801
0.823556 0.0296239 -0.566461 -100.259 -0.0147598 0.999416 0.0308072 -0.317107 0.567043 -0.0170106 0.823513 116.053
0.817521 0.0275257 -0.575241 -100.435 -0.010922 0.999419 0.0323008 -0.320451 0.575795 -0.0201238 0.817346 116.283
0.809036 0.0263774 -0.587167 -100.602 -0.00810208 0.999398 0.0337325 -0.323207 0.587703 -0.0225336 0.808763 116.5
0.798304 0.0268746 -0.601654 -100.775 -0.00733762 0.999364 0.0349036 -0.324743 0.60221 -0.023449 0.797994 116.71
0.786814 0.0278389 -0.616562 -100.95 -0.0084542 0.999375 0.034335 -0.321075 0.617132 -0.0218027 0.786558 116.883
0.773133 0.0275678 -0.633644 -101.113 -0.00906814 0.999433 0.0324178 -0.327169 0.634179 -0.0193173 0.772945 117.053
0.75857 0.02567 -0.651085 -101.277 -0.00949774 0.999553 0.0283432 -0.333483 0.651522 -0.0153165 0.758475 117.212
0.74319 0.0223532 -0.668707 -101.428 -0.00912872 0.999688 0.0232716 -0.334608 0.669018 -0.0111908 0.743162 117.349
0.72832 0.0228827 -0.684855 -101.597 -0.0124387 0.999719 0.0201749 -0.337214 0.685124 -0.00617505 0.7284 117.486
0.713624 0.0268747 -0.700013 -101.77 -0.0195181 0.999639 0.0184802 -0.332537 0.700257 0.000475013 0.713891 117.604
0.697164 0.028322 -0.716352 -101.938 -0.0223281 0.999592 0.0177903 -0.314648 0.716563 0.00359198 0.697513 117.728
0.678488 0.0272369 -0.734106 -102.1 -0.0193173 0.999628 0.0192346 -0.314113 0.734357 0.00113045 0.678762 117.855
0.658421 0.0267886 -0.752173 -102.27 -0.0167544 0.99964 0.0209359 -0.312297 0.752463 -0.00118243 0.658633 117.982
0.63583 0.028399 -0.771307 -102.451 -0.0163191 0.999594 0.0233517 -0.310712 0.771657 -0.00226062 0.636035 118.1
0.611995 0.0330131 -0.790172 -102.64 -0.0187524 0.999453 0.0272329 -0.302163 0.790639 -0.00184878 0.612279 118.201
0.588255 0.0368212 -0.807836 -102.83 -0.0207536 0.999321 0.0304365 -0.292884 0.808409 -0.00113892 0.58862 118.294
0.563564 0.0405857 -0.825075 -103.017 -0.0220437 0.999176 0.0340929 -0.2941 0.825778 -0.00102585 0.563994 118.377
0.539545 0.0439643 -0.840808 -103.216 -0.0250827 0.999032 0.036142 -0.292097 0.841583 0.00158951 0.540125 118.452
0.513173 0.0486099 -0.856907 -103.405 -0.0284783 0.99881 0.0396049 -0.289367 0.857812 0.00407907 0.513947 118.523
0.486796 0.0521522 -0.871958 -103.601 -0.030865 0.99862 0.0424966 -0.285431 0.87297 0.00622583 0.487733 118.585
0.457309 0.0522328 -0.887773 -103.804 -0.0293978 0.998616 0.043611 -0.287722 0.888822 0.00615493 0.458211 118.651
0.426432 0.0499723 -0.903138 -104.008 -0.0292492 0.998712 0.04145 -0.29114 0.904047 0.0087405 0.427344 118.704
0.392374 0.0467361 -0.918618 -104.239 -0.0279708 0.998853 0.0388708 -0.289058 0.919381 0.0104425 0.393231 118.769
0.352751 0.0444294 -0.934662 -104.472 -0.0271855 0.998937 0.0372246 -0.280868 0.935322 0.0122782 0.353584 118.827
0.311487 0.0434849 -0.949255 -104.75 -0.0258624 0.99897 0.0372759 -0.269618 0.949898 0.012939 0.312291 118.879
0.269286 0.0423245 -0.96213 -105.038 -0.0239411 0.999019 0.0372465 -0.263768 0.962763 0.0130045 0.270035 118.911
0.222718 0.0403276 -0.974048 -105.324 -0.0222459 0.999094 0.0362779 -0.250926 0.974629 0.0135888 0.223413 118.926
0.173178 0.038942 -0.98412 -105.645 -0.0208122 0.99914 0.035874 -0.242658 0.984671 0.0142691 0.173839 118.937
0.122686 0.038718 -0.99169 -105.977 -0.0190072 0.999147 0.0366576 -0.230681 0.992264 0.0143518 0.123317 118.936
0.0718408 0.0398814 -0.996618 -106.318 -0.0173271 0.999099 0.0387317 -0.211595 0.997266 0.014486 0.0724672 118.907
0.0189705 0.0430932 -0.998891 -106.669 -0.0130775 0.998996 0.0428494 -0.203191 0.999735 0.0122501 0.0195151 118.87
-0.0349133 0.0454972 -0.998354 -107.024 -0.00806357 0.998918 0.0458049 -0.192738 0.999358 0.0096495 -0.0345087 118.81
-0.0876314 0.0466729 -0.995059 -107.415 -0.00293641 0.998885 0.047111 -0.175114 0.996149 0.0070503 -0.0873966 118.734
-0.140129 0.0487724 -0.988931 -107.793 0.00127698 0.998794 0.0490779 -0.16507 0.990132 0.00561441 -0.140023 118.634
-0.193118 0.0502766 -0.979886 -108.18 0.00476214 0.998723 0.0503045 -0.148218 0.981164 0.00504837 -0.193111 118.52
-0.241497 0.0510481 -0.969058 -108.588 0.0089231 0.99869 0.0503854 -0.125124 0.970361 0.0035209 -0.241636 118.368
-0.289668 0.0530646 -0.955655 -109.008 0.0145537 0.998591 0.0510374 -0.111352 0.957017 0.00087561 -0.290032 118.205
-0.336962 0.053653 -0.939988 -109.436 0.0201179 0.998557 0.0497842 -0.0883707 0.941303 -0.00213517 -0.337556 118.018
-0.381642 0.0564362 -0.922585 -109.854 0.0257609 0.998396 0.0504172 -0.0836617 0.923951 -0.00452531 -0.382484 117.8
-0.424689 0.0581461 -0.90347 -110.295 0.030631 0.998287 0.0498498 -0.0625829 0.904821 -0.00650354 -0.425743 117.562
-0.463298 0.0591671 -0.884225 -110.735 0.0335443 0.998225 0.0492194 -0.0431315 0.885568 -0.00685747 -0.46446 117.29
-0.496484 0.0596531 -0.865994 -111.176 0.0353209 0.998198 0.0485099 -0.0262122 0.867327 -0.00650325 -0.497696 116.991
