1.000000000 0.000000000 0.000000000 0.000000000 0.000000000 1.000000000 0.000000000 0.000000000 0.000000000 0.000000000 1.000000000 0.000000000
0.999979734 0.000532801 -0.006348438 -0.011016745 -0.000530703 0.999999821 0.000332152 -0.000178391 0.006348614 -0.000328776 0.999979794 0.089855239
0.999913394 0.001350817 -0.013093295 -0.026072100 -0.001351391 0.999999106 -0.000034954 0.001959278 0.013093236 0.000052646 0.999914289 0.182357550
0.999794722 0.001627674 -0.020196173 -0.040302452 -0.001640967 0.999998450 -0.000641650 -0.000850104 0.020195097 0.000674660 0.999795854 0.265460640
0.999568760 0.002100271 -0.029293472 -0.050729342 -0.002148653 0.999996364 -0.001620252 -0.004357958 0.029289963 0.001682494 0.999569535 0.370196223
0.999176979 0.002255165 -0.040499955 -0.070352077 -0.002394208 0.999991417 -0.003384970 -0.002290158 0.040491976 0.003479150 0.999173760 0.476456910
0.998549342 0.002083112 -0.053802669 -0.095914394 -0.002313090 0.999988437 -0.004212562 -0.001989203 0.053793266 0.004330902 0.998542666 0.599247813
0.997535169 0.002208240 -0.070133731 -0.123822048 -0.002488099 0.999989212 -0.003903259 -0.006719283 0.070124365 0.004068138 0.997529864 0.729645431
0.996057451 0.000790475 -0.088707268 -0.151217490 -0.001185028 0.999989688 -0.004395235 -0.004221983 0.088702872 0.004483028 0.996047974 0.863878071
0.994122565 -0.000567624 -0.108258225 -0.185235202 0.000096845 0.999990642 -0.004353868 -0.009601990 0.108259670 0.004317795 0.994113207 1.017379165
0.991477191 -0.000614011 -0.130278915 -0.231367484 -0.000037892 0.999987483 -0.005001369 -0.009667682 0.130280375 0.004963679 0.991464674 1.172955871
0.987951696 0.002979422 -0.154733881 -0.274581581 -0.003949616 0.999974310 -0.005963034 -0.019698337 0.154712141 0.006502328 0.987938225 1.325751305
0.983597398 0.006896407 -0.180245981 -0.337197930 -0.008467264 0.999932528 -0.007947123 -0.018323939 0.180179030 0.009342959 0.983589411 1.494176745
0.978221953 0.010025216 -0.207319111 -0.402343780 -0.012007901 0.999893308 -0.008307220 -0.029527253 0.207213700 0.010615773 0.978238106 1.671416402
0.971522391 0.010706217 -0.236705497 -0.471201956 -0.013105190 0.999877453 -0.008563735 -0.031763989 0.236584798 0.011421933 0.971543729 1.845646977
0.963572502 0.012696848 -0.267145395 -0.553295195 -0.015397724 0.999849260 -0.008017695 -0.034761760 0.267003387 0.011839061 0.963622928 2.024575949
0.954150021 0.014695138 -0.298967749 -0.646838963 -0.017523430 0.999823391 -0.006781461 -0.040257342 0.298815340 0.011709470 0.954239130 2.206258059
0.942822158 0.016418101 -0.332891643 -0.727089763 -0.019338068 0.999798000 -0.005459961 -0.045111939 0.332734823 0.011585253 0.942949235 2.369620323
0.930252492 0.018960070 -0.366429687 -0.823845923 -0.022184677 0.999743342 -0.004590649 -0.052350890 0.366248608 0.012399588 0.930434406 2.544204473
0.916481018 0.021984031 -0.399473548 -0.944302499 -0.025872461 0.999655843 -0.004343612 -0.049863666 0.399240494 0.014316205 0.916734457 2.726701260
0.900485933 0.022322053 -0.434311777 -1.065361142 -0.026653986 0.999637187 -0.003885657 -0.046216398 0.434067488 0.015075121 0.900754154 2.899176598
0.881850362 0.018134758 -0.471180469 -1.183978915 -0.022884347 0.999728739 -0.004352340 -0.049067181 0.470973670 0.014620773 0.882026076 3.078583002
0.860579669 0.012864072 -0.509153247 -1.305743814 -0.017798085 0.999830008 -0.004821321 -0.052821591 0.509004653 0.013211085 0.860662460 3.244972229
0.835767150 0.014075611 -0.548903584 -1.461201668 -0.018073864 0.999834836 -0.001880573 -0.053456914 0.548786461 0.011492531 0.835883558 3.418917894
0.806784630 0.019705817 -0.590517044 -1.639819145 -0.023123549 0.999731123 0.001769282 -0.054813888 0.590393126 0.012227422 0.807023227 3.580264330
0.774301350 0.022788111 -0.632406533 -1.817900062 -0.026225328 0.999648392 0.003911708 -0.059263483 0.632273316 0.013556229 0.774626851 3.728839636
0.737797260 0.021690834 -0.674673796 -2.021488190 -0.025262680 0.999670684 0.004513219 -0.061252609 0.674549460 0.013714227 0.738102198 3.901912212
0.698950827 0.018977163 -0.714917839 -2.211625099 -0.020307925 0.999771416 0.006684103 -0.070927128 0.714881361 0.009846640 0.699176371 4.035423279
0.656511724 0.015553654 -0.754155338 -2.442090988 -0.015198881 0.999857187 0.007389972 -0.069207266 0.754162788 0.006610718 0.656654358 4.180316925
0.611487269 0.014896884 -0.791113973 -2.669930220 -0.012430816 0.999880195 0.009219674 -0.066697977 0.791156709 0.004196477 0.611599207 4.318145752
0.564351797 0.015818909 -0.825382829 -2.926862240 -0.010208812 0.999873579 0.012182893 -0.068349160 0.825471282 0.001550740 0.564442039 4.433890343
0.513948560 0.016180772 -0.857668400 -3.210467577 -0.008891437 0.999868810 0.013535430 -0.058594659 0.857774913 0.000669391 0.514025033 4.543013573
0.461764127 0.017831042 -0.886823535 -3.476142168 -0.007893663 0.999840915 0.015993258 -0.059033632 0.886967659 -0.000384827 0.461831450 4.631973267
0.406865180 0.019766185 -0.913274407 -3.798640251 -0.006574167 0.999803364 0.018710149 -0.052617490 0.913464546 -0.001608490 0.406915128 4.727177620
0.351700127 0.022286557 -0.935847342 -4.110445023 -0.005222315 0.999747753 0.021845702 -0.057215124 0.936098158 -0.002795850 0.351727873 4.804227829
0.295263112 0.025125377 -0.955085576 -4.506586075 -0.002851291 0.999672830 0.025416864 -0.048662841 0.955411792 -0.004781437 0.295238227 4.899910927
0.243977904 0.027159434 -0.969400346 -4.812861443 0.001733424 0.999594033 0.028441623 -0.049701169 0.969779193 -0.008619510 0.243831843 4.921289444
0.190363988 0.026898751 -0.981344998 -5.187669754 0.004036298 0.999594688 0.028181950 -0.039025441 0.981705308 -0.009325829 0.190178260 4.993526459
0.143893152 0.028020209 -0.989196539 -5.563846111 0.001955083 0.999589026 0.028598988 -0.035233065 0.989591420 -0.006049159 0.143779248 4.993555069
0.099291705 0.027965283 -0.994665384 -6.017960072 0.000275450 0.999604225 0.028131640 -0.017049044 0.995058298 -0.003067219 0.099244721 5.044353485
0.062864989 0.026669411 -0.997665644 -6.410875797 -0.001594180 0.999644339 0.026621852 -0.011602864 0.998020709 -0.000083123 0.062885165 5.016908169
0.027238280 0.024415754 -0.999330759 -6.835785866 0.001630544 0.999699295 0.024469202 -0.010429397 0.999627709 -0.002295951 0.027190253 5.030511856
-0.003560406 0.021478968 -0.999763072 -7.281776428 0.000200148 0.999769270 0.021478388 0.001724780 0.999993622 -0.000123629 -0.003563884 4.988760948
-0.029335050 0.020322239 -0.999363005 -7.727245331 -0.001122007 0.999791980 0.020363897 -0.001724333 0.999568999 0.001718668 -0.029306145 4.942475319
-0.051064931 0.017278826 -0.998545885 -8.227152824 -0.000528631 0.999849737 0.017328424 0.017408140 0.998695195 0.001412737 -0.051048115 4.919946671
-0.067314737 0.016678307 -0.997592330 -8.699390411 -0.000487374 0.999859571 0.016749099 0.023127422 0.997731626 0.001613661 -0.067297153 4.873197079
-0.079356223 0.017255697 -0.996696949 -9.285501480 -0.000997371 0.999848306 0.017389666 0.033266425 0.996845782 0.002374054 -0.079326957 4.801692009
-0.089512169 0.017867213 -0.995825469 -9.772669792 -0.000019755 0.999839008 0.017940998 0.035622835 0.995985746 0.001625610 -0.089497402 4.756742001
-0.096905075 0.019131467 -0.995109737 -10.350401878 -0.001843175 0.999810100 0.019401323 0.040735319 0.995291948 0.003714247 -0.096851394 4.704464912
-0.100215703 0.020757884 -0.994749129 -10.867145538 -0.001793524 0.999776959 0.021043487 0.037045076 0.994964123 0.003892994 -0.100156106 4.629586220
-0.103439301 0.020949822 -0.994415104 -11.462740898 0.001201491 0.999780059 0.020937869 0.051935330 0.994635105 0.000971017 -0.103441708 4.607532024
-0.101114310 0.023110438 -0.994606495 -12.052905083 0.003169518 0.999732494 0.022907332 0.060471743 0.994869769 -0.000836164 -0.101160519 4.513701439
-0.100903831 0.025164373 -0.994577944 -12.666531563 0.002393402 0.999683201 0.025050733 0.071047440 0.994893372 0.000147290 -0.100932114 4.476392746
-0.097416520 0.025433630 -0.994918644 -13.275234222 0.000493946 0.999674380 0.025506843 0.075211734 0.995243549 0.001993353 -0.097397387 4.376039505
-0.096934550 0.023058463 -0.995023608 -13.919100761 -0.000745761 0.999729574 0.023240173 0.082334965 0.995290458 0.002994825 -0.096891150 4.335986614
-0.094941698 0.022740189 -0.995223045 -14.580634117 -0.001548000 0.999734402 0.022990949 0.099482313 0.995481610 0.003723405 -0.094881266 4.255798340
-0.094045803 0.025552558 -0.995239794 -15.258193970 -0.001507323 0.999665678 0.025808629 0.111667275 0.995566785 0.003927340 -0.093975849 4.207067966
-0.091667272 0.028908318 -0.995369911 -15.927474022 -0.002033639 0.999570966 0.029217612 0.125645369 0.995787501 0.004702522 -0.091569155 4.129806519
-0.089619815 0.031126974 -0.995489419 -16.630270004 -0.003426060 0.999495983 0.031560682 0.129780710 0.995970130 0.006239069 -0.089467995 4.060246468
-0.088320166 0.030305138 -0.995630980 -17.358793259 -0.005023259 0.999510884 0.030868834 0.146651834 0.996079326 0.007727654 -0.088124737 3.999891281
-0.086320966 0.027059482 -0.995899796 -18.093763351 -0.007114258 0.999588847 0.027776353 0.161317259 0.996241987 0.009482769 -0.086092979 3.926592350
-0.084616490 0.026625685 -0.996057808 -18.788576126 -0.008207149 0.999590397 0.027417324 0.175711721 0.996379793 0.010494753 -0.084363326 3.858206749
-0.082931109 0.028856333 -0.996137440 -19.552145004 -0.005473725 0.999552488 0.029410962 0.192956418 0.996540189 0.007891666 -0.082736053 3.794890881
-0.082102880 0.030688552 -0.996151268 -20.305767059 -0.003406023 0.999511361 0.031072794 0.208211899 0.996618032 0.005944080 -0.081958234 3.734430552
-0.080276549 0.033131417 -0.996221840 -21.041343689 -0.002313440 0.999438584 0.033424813 0.207389116 0.996769905 0.004987929 -0.080154821 3.661407471
-0.080478661 0.028507873 -0.996348560 -21.809970856 -0.002320802 0.999582887 0.028787866 0.218720913 0.996753633 0.004629137 -0.080378927 3.613580704
-0.079886109 0.021653194 -0.996568799 -22.576740265 -0.000552952 0.999763012 0.021766920 0.226961553 0.996803939 0.002289929 -0.079855174 3.544508934
-0.080337368 0.016791319 -0.996626258 -23.359127045 0.002615252 0.999858141 0.016634963 0.243231341 0.996764302 -0.001270021 -0.080369897 3.489829540
-0.080741800 0.017594188 -0.996579766 -24.146562576 0.003913329 0.999841988 0.017334728 0.251066864 0.996727288 -0.002500308 -0.080797903 3.425463676
-0.080187172 0.024786821 -0.996471643 -24.966129303 0.002810898 0.999692380 0.024640735 0.261386335 0.996775925 -0.000825109 -0.080232188 3.349229813
-0.080266699 0.032114986 -0.996255934 -25.769561768 0.001391340 0.999483466 0.032106936 0.267033994 0.996772468 0.001190987 -0.080269925 3.268530846
-0.080703653 0.037597403 -0.996028841 -26.572813034 -0.000599619 0.999286354 0.037768945 0.277072430 0.996737957 0.003645330 -0.080623522 3.207675219
-0.081317969 0.037865672 -0.995968699 -27.400152206 -0.002395792 0.999267697 0.038186707 0.291137993 0.996685386 0.005491400 -0.081167713 3.138643026
-0.081512518 0.034391742 -0.996078789 -28.153749466 -0.002848584 0.999392331 0.034739260 0.304615021 0.996668220 0.005669099 -0.081365027 3.061981916
-0.082547620 0.031417269 -0.996091843 -28.951320648 -0.002023147 0.999495625 0.031692293 0.326065302 0.996585011 0.004631364 -0.082442425 3.009582520
-0.081180073 0.032085374 -0.996182919 -29.835546494 -0.003911065 0.999463737 0.032509770 0.353605986 0.996691704 0.006535281 -0.081011064 2.892175674
-0.081150718 0.034772228 -0.996095121 -30.597606659 -0.005079596 0.999363959 0.035300169 0.363395035 0.996688902 0.007924396 -0.080922469 2.821198463
-0.081807598 0.033418257 -0.996087730 -31.380874634 -0.005600061 0.999406457 0.033989534 0.372286737 0.996632397 0.008358753 -0.081571914 2.769938231
-0.080894917 0.028406026 -0.996317804 -32.193500519 -0.007171699 0.999551356 0.029080512 0.380522668 0.996696830 0.009497756 -0.080654904 2.692466974
-0.080584705 0.024177050 -0.996454477 -32.976593018 -0.008960136 0.999647796 0.024979148 0.391101211 0.996707559 0.010941305 -0.080339685 2.626132250
-0.079567462 0.024229769 -0.996535063 -33.806396484 -0.008191380 0.999654889 0.024959661 0.410847694 0.996795893 0.010148972 -0.079341538 2.544233322
-0.079530202 0.027438629 -0.996454775 -34.584575653 -0.006964688 0.999581397 0.028080599 0.405304313 0.996808112 0.009173253 -0.079305805 2.490986824
-0.078638881 0.032154035 -0.996384561 -35.375926971 -0.006650723 0.999440491 0.032777555 0.418939590 0.996880949 0.009204266 -0.078381024 2.427347660
-0.078370586 0.038009994 -0.996199489 -36.191188812 -0.005898885 0.999237716 0.038589977 0.428343534 0.996906817 0.008900788 -0.078086622 2.362624168
-0.078476056 0.040460814 -0.996094584 -36.988986969 -0.006132303 0.999137521 0.041067541 0.455659986 0.996897161 0.009331171 -0.078160256 2.291433811
-0.078682430 0.040545970 -0.996074855 -37.798389435 -0.005739557 0.999137580 0.041124023 0.467978120 0.996883214 0.008952766 -0.078381851 2.234186888
-0.078362741 0.036336325 -0.996262550 -38.598728180 -0.006034502 0.999299884 0.036921762 0.484065771 0.996906638 0.008905239 -0.078088596 2.169499159
-0.078525342 0.032165118 -0.996393025 -39.408893585 -0.006464374 0.999441922 0.032772996 0.498545289 0.996891141 0.009014567 -0.078273579 2.114019156
-0.077202089 0.028567279 -0.996606112 -40.216346741 -0.010512680 0.999510467 0.029464902 0.522548378 0.996960044 0.012751753 -0.076863974 2.017309189
-0.078349106 0.027643254 -0.996542633 -40.985870361 -0.014021083 0.999486029 0.028827257 0.518492877 0.996827364 0.016231196 -0.077921249 1.950870514
-0.078662015 0.025891447 -0.996564984 -41.780044556 -0.012168398 0.999563217 0.026929833 0.525447607 0.996827006 0.014244955 -0.078312598 1.883330822
-0.080655329 0.021709381 -0.996505499 -42.585872650 -0.008169797 0.999714792 0.022440543 0.538742423 0.996708572 0.009951198 -0.080454975 1.832408190
-0.081063479 0.020277414 -0.996502578 -43.369464874 -0.004655917 0.999774516 0.020722738 0.545738220 0.996698081 0.006319493 -0.080950789 1.758604050
-0.082715064 0.023976434 -0.996284723 -44.185935974 -0.003840726 0.999695480 0.024377387 0.547060966 0.996565819 0.005842833 -0.082597800 1.683861017
-0.084676862 0.030257287 -0.995948911 -44.910278320 -0.001445074 0.999534011 0.030489065 0.550741196 0.996407330 0.004020938 -0.084593669 1.634096861
-0.087252170 0.033496831 -0.995622993 -45.703266144 0.000680460 0.999436319 0.033565495 0.565345943 0.996185958 0.002251181 -0.087225787 1.579802036
-0.089021422 0.032854185 -0.995487690 -46.481185913 0.000230817 0.999456525 0.032964528 0.571994007 0.996029675 0.002704774 -0.088980630 1.517941475
-0.089213304 0.029225007 -0.995583773 -47.220577240 -0.002577832 0.999559283 0.029572707 0.578657389 0.996009231 0.005204726 -0.089098670 1.412082195
-0.090268575 0.025669800 -0.995586693 -47.982933044 -0.008063970 0.999616146 0.026504852 0.582025826 0.995884836 0.010420933 -0.090026930 1.335335732
-0.092041716 0.023896027 -0.995468318 -48.742523193 -0.012077286 0.999611616 0.025112160 0.592869103 0.995681942 0.014333921 -0.091717362 1.266112328
-0.092404030 0.025124200 -0.995404601 -49.513835907 -0.013578998 0.999556839 0.026489554 0.598516762 0.995629013 0.015964337 -0.092021912 1.170641422
-0.093266562 0.026671931 -0.995283842 -50.271671295 -0.014062499 0.999506056 0.028102852 0.604382873 0.995541871 0.016617235 -0.092845432 1.097811699
-0.094394848 0.026199317 -0.995190024 -51.001167297 -0.015639637 0.999491274 0.027795987 0.609947026 0.995411932 0.018188206 -0.093937069 1.022983551
-0.095620856 0.025959592 -0.995079279 -51.744247437 -0.015897550 0.999492466 0.027602380 0.615513623 0.995290875 0.018458687 -0.095159635 0.960968018
-0.095296368 0.028015111 -0.995054662 -52.483181000 -0.014332443 0.999461770 0.029511802 0.621442795 0.995345771 0.017073933 -0.094843544 0.866905212
-0.096069649 0.030809691 -0.994897664 -53.219215393 -0.013262082 0.999392450 0.032229505 0.630992770 0.995286226 0.016290691 -0.095602676 0.797318935
-0.095957682 0.035250112 -0.994761050 -53.942077637 -0.013470845 0.999235213 0.036708098 0.637363434 0.995294273 0.016922696 -0.095409431 0.721029758
-0.097196788 0.037506331 -0.994558215 -54.657302856 -0.013068601 0.999155402 0.038956877 0.645502448 0.995179415 0.016783969 -0.096624546 0.668275833
-0.097033657 0.037225317 -0.994584739 -55.406360626 -0.012959662 0.999168277 0.038661245 0.668214083 0.995196700 0.016640922 -0.096470535 0.573933125
-0.097145766 0.035057124 -0.994652569 -56.133052826 -0.012899171 0.999251187 0.036479045 0.681607604 0.995186567 0.016373979 -0.096620806 0.498373508
-0.097507887 0.031158615 -0.994746923 -56.809577942 -0.012717376 0.999389172 0.032550622 0.693668485 0.995153427 0.015824514 -0.097052082 0.427606583
-0.097091950 0.028196955 -0.994875908 -57.514678955 -0.012748217 0.999481380 0.029571608 0.709808409 0.995193779 0.015554059 -0.096682116 0.353621006
-0.095715903 0.026075089 -0.995067060 -58.218238831 -0.013339167 0.999533534 0.027475229 0.713219523 0.995319366 0.015903184 -0.095323429 0.279393673
-0.093176469 0.025430283 -0.995324850 -58.859733582 -0.015428133 0.999516904 0.026981682 0.717217267 0.995530069 0.017870059 -0.092739113 0.208397865
-0.089354955 0.026364310 -0.995650947 -59.507583618 -0.016363664 0.999475837 0.027934153 0.721158326 0.995865464 0.018788552 -0.088876694 0.147637844
-0.084578559 0.027475595 -0.996037960 -60.159759521 -0.015458162 0.999463320 0.028882710 0.732522845 0.996296942 0.017839774 -0.084108450 0.117419243
-0.076253869 0.029565219 -0.996650040 -60.745655060 -0.014980674 0.999413490 0.030793371 0.729018569 0.996975899 0.017278602 -0.075766258 0.058311462
-0.067498282 0.030726392 -0.997246146 -61.363765717 -0.015690709 0.999369383 0.031853832 0.736733556 0.997596025 0.017797576 -0.066973597 0.015125751
-0.056328844 0.031986903 -0.997899711 -61.939403534 -0.017579231 0.999299943 0.033024084 0.747900009 0.998257458 0.019402519 -0.055727109 -0.006235123
-0.040716145 0.033284381 -0.998616219 -62.535724640 -0.021039607 0.999194801 0.034161504 0.758839965 0.998949230 0.022401417 -0.039983083 -0.043145895
-0.022858310 0.034843132 -0.999131441 -63.097076416 -0.022506818 0.999121189 0.035357699 0.757812500 0.999485373 0.023295483 -0.022054020 -0.032189488
0.000043623 0.035552256 -0.999367833 -63.653987885 -0.023212938 0.999098659 0.035541665 0.767300844 0.999730587 0.023196716 0.000868857 -0.037690897
0.025768071 0.036321715 -0.999007881 -64.152786255 -0.022949899 0.999097764 0.035733022 0.766106606 0.999404490 0.022006357 0.026578404 -0.017471910
0.054705128 0.035576694 -0.997868538 -64.660713196 -0.021641562 0.999172509 0.034436751 0.778996706 0.998267949 0.019711569 0.055429801 0.038104773
0.090239093 0.035528772 -0.995286286 -65.136054993 -0.020675819 0.999214888 0.033794425 0.784667373 0.995705545 0.017528778 0.090902843 0.072989941
0.127050772 0.035744000 -0.991252005 -65.604705811 -0.020014726 0.999239445 0.033466697 0.791406155 0.991694272 0.015587672 0.127669543 0.174142838
0.169162646 0.035723682 -0.984940529 -66.047584534 -0.020208426 0.999258578 0.032772221 0.792517900 0.985381007 0.014360258 0.169759139 0.245481491
0.214165077 0.036902521 -0.976100266 -66.452919006 -0.018657517 0.999258399 0.033684429 0.788640738 0.976619244 0.010997578 0.214694738 0.359226227
0.264266849 0.035164662 -0.963808298 -66.869308472 -0.016141664 0.999356389 0.032035749 0.800401092 0.964314640 0.007091483 0.264664352 0.478284836
0.312717289 0.029903226 -0.949375391 -67.243049622 -0.007521217 0.999550939 0.029006211 0.793299437 0.949816465 -0.001930284 0.312801749 0.663116455
0.365041435 0.024149897 -0.930678010 -67.638221741 -0.002454031 0.999685049 0.024977989 0.803818822 0.930988014 -0.006834088 0.364985764 0.845476151
0.416755050 0.018757422 -0.908825397 -68.014152527 0.002406701 0.999760866 0.021737885 0.820439517 0.909015656 -0.011246644 0.416610181 1.064954758
0.465990186 0.018640464 -0.884593606 -68.350288391 0.003274307 0.999734819 0.022791624 0.813868999 0.884783745 -0.013517101 0.465805650 1.304502487
0.514443398 0.017883820 -0.857337892 -68.698013306 0.004371078 0.999714792 0.023476619 0.813683152 0.857513249 -0.015824882 0.514218509 1.548429489
0.560088217 0.013049368 -0.828330219 -69.033416748 0.011796284 0.999648929 0.023724534 0.829075456 0.828348994 -0.023059048 0.559737682 1.808385849
0.601457000 0.008304558 -0.798862040 -69.281478882 0.021449218 0.999417663 0.026538379 0.809056878 0.798617184 -0.033096660 0.600928605 2.102273941
0.643900990 0.003090170 -0.765102684 -69.588073730 0.022928685 0.999464810 0.023333237 0.816269040 0.764765143 -0.032567088 0.643485427 2.410881042
0.685077846 -0.001396960 -0.728468597 -69.855743408 0.019855576 0.999662459 0.016755871 0.811776102 0.728199303 -0.025943242 0.684874177 2.694465637
0.724894285 -0.009274028 -0.688797772 -70.116867065 0.017030798 0.999845028 0.004461318 0.831507981 0.688649595 -0.014964759 0.724939823 3.035831451
0.764505148 -0.011924609 -0.644507408 -70.380065918 0.012659469 0.999913812 -0.003483828 0.832557678 0.644493341 -0.005495718 0.764590204 3.368041992
0.801140308 -0.013189207 -0.598331273 -70.629280090 0.011411663 0.999912024 -0.006761645 0.836386919 0.598367810 -0.001410929 0.801220298 3.766468048
0.835698783 -0.014388200 -0.548999488 -70.893180847 0.011482949 0.999896049 -0.008725721 0.839717269 0.549067974 0.000987942 0.835777164 4.191047668
0.865660608 -0.013516144 -0.500448883 -71.064483643 0.009421921 0.999898314 -0.010707550 0.833785057 0.500542700 0.004553914 0.865699887 4.576250076
0.892040670 -0.011912568 -0.451798260 -71.321228027 0.008863187 0.999921441 -0.008865258 0.818738341 0.451868355 0.003903797 0.892076135 5.086914062
0.913021445 -0.006228733 -0.407864004 -71.504562378 0.003042544 0.999959528 -0.008460109 0.821036816 0.407900214 0.006483316 0.913003504 5.552797318
0.930428684 -0.001399597 -0.366470397 -71.682937622 -0.002387997 0.999948382 -0.009881798 0.811087310 0.366465330 0.010069438 0.930377245 6.043897629
0.943712473 0.003528739 -0.330748171 -71.836715698 -0.006785987 0.999939203 -0.008693911 0.807563603 0.330697387 0.010449007 0.943679035 6.549449921
0.953831077 0.004567586 -0.300308824 -71.992660522 -0.006861676 0.999954820 -0.006584883 0.794722795 0.300265163 0.008341488 0.953819335 7.077136993
0.961037815 0.003487397 -0.276394963 -72.132919312 -0.005009132 0.999975920 -0.004799849 0.782131374 0.276371509 0.005997336 0.961032212 7.656646729
0.966964304 0.004335483 -0.254875153 -72.291984558 -0.005277541 0.999981582 -0.003012416 0.775779605 0.254857361 0.004258013 0.966969311 8.225322723
0.971716106 0.005791847 -0.236081466 -72.438690186 -0.005994764 0.999981999 -0.000141749 0.772595286 0.236076474 0.001552992 0.971733212 8.840044022
0.975263476 0.010794941 -0.220782101 -72.572296143 -0.010780423 0.999941111 0.001270733 0.769311309 0.220782816 0.001140825 0.975322366 9.452457428
0.978470862 0.014972914 -0.205841377 -72.733436584 -0.014749823 0.999887764 0.002618344 0.760654449 0.205857486 0.000474151 0.978581905 10.050428391
0.980983257 0.013663850 -0.193611220 -72.844558716 -0.013333246 0.999906600 0.003010589 0.748334050 0.193634287 -0.000371871 0.981073737 10.698265076
0.983414888 0.012319090 -0.180951387 -72.938591003 -0.012078833 0.999924064 0.002429661 0.746663809 0.180967554 -0.000203683 0.983489037 11.387886047
0.986107826 0.013892012 -0.165524334 -73.067794800 -0.013667687 0.999903440 0.002494248 0.747247875 0.165543020 -0.000197263 0.986202478 12.039751053
0.988248289 0.015437370 -0.152075619 -73.153518677 -0.015173711 0.999880731 0.002894178 0.743862033 0.152102157 -0.000552615 0.988364577 12.724928856
0.990365207 0.015756471 -0.137580499 -73.272575378 -0.015824607 0.999874592 0.000598617 0.727899194 0.137572676 0.001584307 0.990490437 13.383831024
0.991917491 0.016914317 -0.125751764 -73.379936218 -0.017687017 0.999830902 -0.005030602 0.721187115 0.125645429 0.007214116 0.992049098 14.094716072
0.993059397 0.015649062 -0.116567954 -73.465782166 -0.016987586 0.999800622 -0.010498110 0.701567888 0.116380423 0.012405456 0.993127227 14.846384048
0.993826091 0.014611900 -0.109982580 -73.529235840 -0.015954727 0.999808431 -0.011339288 0.699397862 0.109795824 0.013024024 0.993868768 15.598796844
0.994478106 0.016581051 -0.103625759 -73.597106934 -0.017209999 0.999838471 -0.005178199 0.685298860 0.103523150 0.006933005 0.994602859 16.338979721
0.995038509 0.021364002 -0.097169667 -73.706939697 -0.021168437 0.999771297 0.003043183 0.669416666 0.097212456 -0.000971153 0.995263159 17.091928482
0.995417655 0.021640826 -0.093141690 -73.772018433 -0.021053188 0.999751866 0.007287184 0.654391408 0.093276262 -0.005292859 0.995626271 17.803647995
0.995816052 0.020729860 -0.088997886 -73.855979919 -0.020242777 0.999774933 0.006372196 0.640043437 0.089109927 -0.004543972 0.996011436 18.561857224
0.995992064 0.020317830 -0.087103315 -73.897338867 -0.019961903 0.999788463 0.004955445 0.635390401 0.087185554 -0.003196836 0.996186972 19.258676529
0.996279180 0.018591167 -0.084154487 -73.957504272 -0.018053690 0.999811530 0.007143356 0.629679918 0.084271416 -0.005597479 0.996427119 20.009605408
0.996550322 0.017029002 -0.081225000 -74.027832031 -0.016305102 0.999821365 0.009567314 0.622215390 0.081373401 -0.008209927 0.996649921 20.744899750
0.996758521 0.015158113 -0.079010814 -74.075286865 -0.014322733 0.999835491 0.011129056 0.612685204 0.079166509 -0.009961330 0.996811628 21.457653046
0.996908724 0.014466237 -0.077225469 -74.114860535 -0.013926627 0.999874771 0.007521487 0.604736149 0.077324606 -0.006422747 0.996985197 22.184354782
0.996975839 0.017152330 -0.075796045 -74.177276611 -0.017195322 0.999852121 0.000085432 0.598668993 0.075786300 0.001218163 0.997123361 22.934427261
0.997143328 0.017594231 -0.073454864 -74.246803284 -0.018177766 0.999808252 -0.007283121 0.583933175 0.073312625 0.008597561 0.997271955 23.625946045
0.997167170 0.018667629 -0.072864860 -74.287528992 -0.019533550 0.999746621 -0.011189424 0.565866590 0.072637521 0.012581035 0.997279108 24.354711533
0.997291088 0.019827541 -0.070833527 -74.342018127 -0.020557687 0.999742627 -0.009593803 0.551921725 0.070625089 0.011023988 0.997442067 25.091247559
0.997458577 0.022546984 -0.067586824 -74.420623779 -0.023017317 0.999715924 -0.006188276 0.539028645 0.067428082 0.007728216 0.997694194 25.803096771
0.997514009 0.025919834 -0.065527648 -74.472274780 -0.026043182 0.999660254 -0.001028839 0.518780172 0.065478712 0.002732829 0.997850239 26.544248581
0.997745514 0.024008088 -0.062670015 -74.525314331 -0.023988593 0.999711752 0.001063542 0.506200194 0.062677473 0.000442222 0.998033702 27.269426346
0.997927904 0.021478457 -0.060651753 -74.593452454 -0.021480059 0.999769092 0.000625671 0.495325327 0.060651191 0.000678430 0.998158753 27.940893173
0.997990549 0.020069713 -0.060100775 -74.633529663 -0.020049596 0.999798536 0.000937858 0.477903247 0.060107499 0.000269023 0.998191893 28.649871826
0.998073041 0.020023726 -0.058730576 -74.675979614 -0.020114675 0.999797225 -0.000957737 0.468621433 0.058699489 0.002137237 0.998273492 29.370931625
0.998189688 0.018433934 -0.057251163 -74.743232727 -0.018556941 0.999826491 -0.001617623 0.453622848 0.057211403 0.002677101 0.998358488 30.063117981
0.998237431 0.018093156 -0.056520678 -74.792564392 -0.018220842 0.999832392 -0.001744619 0.441337824 0.056479633 0.002771399 0.998400033 30.721961975
0.998286009 0.021393865 -0.054472715 -74.866264343 -0.021490872 0.999768257 -0.001195689 0.433228910 0.054434516 0.002364306 0.998514593 31.430004120
0.998251438 0.020777315 -0.055337347 -74.892700195 -0.020933041 0.999778330 -0.002235944 0.424480200 0.055278625 0.003390414 0.998465180 32.180576324
0.998156786 0.021646457 -0.056696147 -74.938835144 -0.021792170 0.999760628 -0.001953057 0.406264275 0.056640297 0.003184990 0.998389661 32.929737091
0.998092055 0.019412169 -0.058611501 -74.981735229 -0.019521387 0.999808669 -0.001291372 0.394609392 0.058575220 0.002433087 0.998279989 33.695995331
0.997952998 0.021235470 -0.060322452 -75.055854797 -0.021375399 0.999770164 -0.001675272 0.384367943 0.060273014 0.002961259 0.998177469 34.425140381
0.997627497 0.023882193 -0.064567670 -75.097839355 -0.024047816 0.999709189 -0.001789052 0.368465602 0.064506173 0.003337519 0.997911751 35.185276031
0.997498512 0.024766611 -0.066206910 -75.168769836 -0.025264552 0.999658346 -0.006694204 0.353335828 0.066018507 0.008350148 0.997783482 35.934070587
0.997311056 0.025561025 -0.068682119 -75.222297668 -0.026320187 0.999601781 -0.010171009 0.338112414 0.068394795 0.011951387 0.997586787 36.696937561
0.997091413 0.024352383 -0.072219066 -75.260391235 -0.025261007 0.999612510 -0.011694837 0.323196113 0.071906291 0.013485151 0.997320235 37.501956940
0.996888340 0.024282260 -0.074993297 -75.311630249 -0.025120314 0.999631882 -0.010251983 0.305984259 0.074716732 0.012103937 0.997131348 38.301620483
0.996749222 0.022748202 -0.077289581 -75.373062134 -0.023541691 0.999678850 -0.009370746 0.286252290 0.077051617 0.011159810 0.996964693 39.101726532
0.996743500 0.022705648 -0.077376254 -75.468475342 -0.023374898 0.999696672 -0.007754460 0.271288216 0.077176712 0.009537870 0.996971786 39.863792419
0.996596634 0.022477176 -0.079309195 -75.525718689 -0.022887979 0.999728918 -0.004274413 0.257847548 0.079191603 0.006075092 0.996840894 40.680488586
0.996450365 0.021838918 -0.081299715 -75.570716858 -0.021876073 0.999760509 0.000433789 0.245141655 0.081289724 0.001346269 0.996689618 41.486579895
0.996566594 0.021568708 -0.079935819 -75.654449463 -0.021457877 0.999767244 0.002245339 0.236887127 0.079965614 -0.000522377 0.996797442 42.342693329
0.996688962 0.024639681 -0.077485777 -75.739959717 -0.024505787 0.999696076 0.002678556 0.225168809 0.077528231 -0.000770837 0.996989846 43.152267456
0.996802986 0.024522347 -0.076043002 -75.795433044 -0.024467787 0.999699295 0.001649152 0.214290112 0.076060593 0.000216725 0.997103095 43.974010468
0.996942639 0.022745114 -0.074753590 -75.861610413 -0.022899956 0.999736965 -0.001214761 0.208911374 0.074706309 0.002922900 0.997201324 44.817024231
0.997182190 0.018903928 -0.072595954 -75.916610718 -0.019115072 0.999814808 -0.002214725 0.186041713 0.072540648 0.003596161 0.997358978 45.622817993
0.997352719 0.017562633 -0.070563272 -75.972129822 -0.017798709 0.999837935 -0.002718183 0.177816719 0.070504077 0.003966922 0.997503638 46.452651978
0.997445703 0.016078774 -0.069594696 -76.035919189 -0.016136484 0.999869704 -0.000267120 0.162827015 0.069581322 0.001389452 0.997575343 47.317771912
0.997588634 0.013770853 -0.068024032 -76.113212585 -0.013638577 0.999904096 0.002408562 0.147925675 0.068050660 -0.001475003 0.997680783 48.100017548
0.997661650 0.013591971 -0.066981934 -76.169677734 -0.013476999 0.999906778 0.002168038 0.137824684 0.067005165 -0.001260253 0.997751951 48.936096191
0.997624934 0.015030396 -0.067219421 -76.215209961 -0.015116420 0.999885559 -0.000771295 0.121752620 0.067200117 0.001785580 0.997737944 49.799755096
0.997643769 0.016940521 -0.066482976 -76.274024963 -0.017387213 0.999829948 -0.006145999 0.099606544 0.066367559 0.007287473 0.997768581 50.607646942
0.997612894 0.018995032 -0.066391163 -76.319343567 -0.019830771 0.999732018 -0.011951817 0.085850835 0.066146322 0.013239874 0.997722089 51.431026459
0.997595310 0.023661133 -0.065144852 -76.382934570 -0.024853185 0.999537051 -0.017549198 0.058721304 0.064699456 0.019126054 0.997721374 52.244014740
0.997766256 0.023466073 -0.062544763 -76.470680237 -0.024663441 0.999525726 -0.018441334 0.032198429 0.062082350 0.019942708 0.997871816 53.044193268
0.997828960 0.020385979 -0.062624015 -76.518638611 -0.021197751 0.999699295 -0.012325655 0.010759175 0.062353913 0.013626384 0.997961104 53.865066528
0.997750640 0.019400446 -0.064165801 -76.556289673 -0.019637473 0.999802411 -0.003065321 -0.014768645 0.064093649 0.004318479 0.997934639 54.698810577
0.997713387 0.017879970 -0.065179020 -76.607124329 -0.017629938 0.999834836 0.004409247 -0.030342549 0.065247074 -0.003250066 0.997863948 55.523391724
0.997632504 0.015965324 -0.066890709 -76.686424255 -0.015864406 0.999872088 0.002039617 -0.045367271 0.066914730 -0.000973606 0.997758150 56.331050873
0.997506917 0.011508552 -0.069624297 -76.730079651 -0.011624957 0.999931633 -0.001266949 -0.061318174 0.069604963 0.002073170 0.997572422 57.132411957
0.997367501 0.009646801 -0.071868472 -76.793937683 -0.009845268 0.999948621 -0.002407765 -0.079870045 0.071841545 0.003108991 0.997411251 57.944000244
0.997161269 0.012740592 -0.074209757 -76.861145020 -0.013127250 0.999902606 -0.004724893 -0.102545351 0.074142337 0.005685650 0.997231483 58.703830719
0.996824920 0.014046756 -0.078374937 -76.916198730 -0.014734709 0.999857724 -0.008206307 -0.119917095 0.078248516 0.009335084 0.996890247 59.491657257
0.996563077 0.014764181 -0.081510797 -76.995697021 -0.015778521 0.999805689 -0.011814123 -0.136828363 0.081320539 0.013059639 0.996602416 60.294277191
0.996238887 0.017198581 -0.084925450 -77.070541382 -0.018551385 0.999712884 -0.015165857 -0.165707111 0.084640242 0.016684299 0.996272027 61.058406830
0.995894969 0.022293579 -0.087728046 -77.148811340 -0.023717942 0.999602735 -0.015227247 -0.189375222 0.087353714 0.017245466 0.996028125 61.838825226
0.995401323 0.024997568 -0.092473954 -77.209098816 -0.026355460 0.999561548 -0.013491942 -0.210510075 0.092096128 0.015867094 0.995623708 62.628093719
0.995068908 0.027751507 -0.095224842 -77.312980652 -0.028567214 0.999565840 -0.007213346 -0.233497560 0.094983324 0.009898083 0.995429575 63.338840485
0.994668543 0.028748048 -0.099035762 -77.394729614 -0.029025670 0.999577641 -0.001363252 -0.255780637 0.098954760 0.004230562 0.995082915 64.114967346
0.994179726 0.028333047 -0.103941530 -77.483406067 -0.028294712 0.999597907 0.001843572 -0.263896108 0.103951953 0.001108154 0.994581640 64.850074768
0.993386447 0.028697072 -0.111174956 -77.557754517 -0.028600028 0.999587834 0.002467868 -0.270932317 0.111199953 0.000728060 0.993797719 65.593620300
0.992867887 0.025864994 -0.116380394 -77.659858704 -0.025299445 0.999659777 0.006334296 -0.283813477 0.116504654 -0.003344760 0.993184447 66.362518311
0.991939306 0.026475392 -0.123917393 -77.739227295 -0.025951078 0.999646127 0.005843651 -0.293878496 0.124028258 -0.002580756 0.992275298 67.111991882
0.991144359 0.031625167 -0.128968552 -77.856933594 -0.031170789 0.999498665 0.005540664 -0.309377640 0.129079148 -0.001471546 0.991633177 67.832824707
0.990239799 0.033919580 -0.135182813 -77.959960938 -0.033980869 0.999420702 0.001854723 -0.320391029 0.135167405 0.002757008 0.990818918 68.580955505
0.989404559 0.032584958 -0.141480848 -78.071792603 -0.033037715 0.999453664 -0.000851709 -0.329624295 0.141375810 0.005516888 0.989940643 69.295715332
0.988700688 0.033515751 -0.146108240 -78.189376831 -0.034171209 0.999414086 -0.001977884 -0.341088295 0.145956308 0.006948229 0.989266694 70.031867981
0.987980545 0.035981275 -0.150331721 -78.319198608 -0.035955250 0.999349356 0.002892016 -0.352616191 0.150337905 0.002547959 0.988631368 70.738006592
0.987202227 0.036830693 -0.155161783 -78.459182739 -0.036206484 0.999320865 0.006848120 -0.354707360 0.155308634 -0.001142617 0.987865329 71.459632874
0.986057758 0.035750356 -0.162517220 -78.576728821 -0.034710974 0.999354780 0.009231362 -0.371134520 0.162742391 -0.003461525 0.986662507 72.198524475
0.985060155 0.033469304 -0.168926761 -78.715255737 -0.033163305 0.999439240 0.004633308 -0.369771212 0.168987110 0.001038080 0.985617697 72.911544800
0.983589947 0.031532902 -0.177641198 -78.844543457 -0.032258645 0.999478936 -0.001197975 -0.390205652 0.177510843 0.006908779 0.984094560 73.610565186
0.981889129 0.029725421 -0.187109947 -78.979225159 -0.030994771 0.999512196 -0.003861428 -0.390332758 0.186903864 0.009590925 0.982331395 74.305686951
0.979744375 0.029463286 -0.198073000 -79.119697571 -0.030208549 0.999543309 -0.000741259 -0.403605968 0.197960719 0.006709743 0.980186939 75.029342651
0.977683127 0.030123223 -0.207914203 -79.299766541 -0.029564954 0.999545991 0.005792726 -0.415022552 0.207994297 0.000483524 0.978129864 75.672172546
0.975134015 0.031716216 -0.219334632 -79.468933105 -0.029501447 0.999475300 0.013366390 -0.420497298 0.219643474 -0.006563332 0.975558221 76.371063232
0.972547531 0.032934800 -0.230361804 -79.641281128 -0.029913124 0.999414623 0.016598200 -0.420447707 0.230773628 -0.009251698 0.972963512 77.073966980
0.969449639 0.036204718 -0.242604002 -79.815689087 -0.034235626 0.999337792 0.012328837 -0.426702619 0.242889717 -0.003646485 0.970047057 77.781394958
0.966571093 0.035034724 -0.253993839 -80.015106201 -0.035208419 0.999372542 0.003863476 -0.437893778 0.253969848 0.005208396 0.967198133 78.442428589
0.963370144 0.033140838 -0.266119510 -80.212799072 -0.034651153 0.999398947 -0.000980632 -0.440235734 0.265927106 0.010166059 0.963939548 79.100784302
0.959821761 0.032211810 -0.278755397 -80.412864685 -0.032534275 0.999464571 0.003470630 -0.442075580 0.278717935 0.005737918 0.960355878 79.832283020
0.956450641 0.033898376 -0.289919287 -80.630775452 -0.032184467 0.999424815 0.010678928 -0.445454955 0.290114522 -0.000882971 0.956991494 80.532592773
0.952671587 0.033785764 -0.302118152 -80.854461670 -0.030281642 0.999408841 0.016276181 -0.453192830 0.302489400 -0.006357223 0.953131497 81.244186401
0.949183583 0.030943586 -0.313197941 -81.104629517 -0.027631421 0.999505460 0.015009637 -0.456643939 0.313507497 -0.005592797 0.949569225 81.910812378
0.945015967 0.031062331 -0.325545639 -81.347785950 -0.029310169 0.999517441 0.010286622 -0.456491947 0.325708002 -0.000179225 0.945470393 82.618438721
0.941823721 0.027187102 -0.335005790 -81.585563660 -0.027778178 0.999609470 0.003027818 -0.458914608 0.334957272 0.006454180 0.942211270 83.301490784
0.939453185 0.022880103 -0.341912627 -81.850334167 -0.025314948 0.999675870 -0.002660084 -0.468027800 0.341740906 0.011154523 0.939728022 83.944435120
0.937183678 0.023795178 -0.348023832 -82.123168945 -0.026891971 0.999630034 -0.004069669 -0.480965376 0.347798258 0.013173075 0.937476933 84.623512268
0.933634460 0.028083343 -0.357124627 -82.386337280 -0.031729802 0.999486983 -0.004354503 -0.489594907 0.356819183 0.015397009 0.934046507 85.334861755
0.930508375 0.028849697 -0.365132630 -82.655868530 -0.031630814 0.999498367 -0.001636443 -0.508349717 0.364902288 0.013072169 0.930954039 86.016624451
0.927487254 0.028592413 -0.372759819 -82.946090698 -0.028987974 0.999569356 0.004544821 -0.504185140 0.372729242 0.006590288 0.927916765 86.697395325
0.924689412 0.031349801 -0.379429281 -83.224128723 -0.028416868 0.999507308 0.013329426 -0.516337156 0.379660219 -0.001543386 0.925124645 87.372901917
0.921909213 0.040770423 -0.385254741 -83.512817383 -0.035895538 0.999158561 0.019840635 -0.521085024 0.385739475 -0.004462340 0.922596931 88.063537598
0.919075072 0.047675781 -0.391188025 -83.811050415 -0.044625916 0.998860955 0.016889362 -0.521164179 0.391547680 0.001934535 0.920155704 88.731681824
0.916975617 0.044878788 -0.396410972 -84.113807678 -0.044827241 0.998950362 0.009399861 -0.521094680 0.396416724 0.009150566 0.918025017 89.367835999
0.915002048 0.036585279 -0.401787013 -84.401290894 -0.039046839 0.999235153 0.002064176 -0.529265583 0.401555210 0.013799785 0.915730774 90.052536011
0.913345337 0.036863461 -0.405513734 -84.717376709 -0.039977197 0.999200284 0.000791579 -0.521396875 0.405218601 0.015488316 0.914088607 90.733367920
0.910901487 0.043137863 -0.410362691 -85.030868530 -0.044491816 0.998990178 0.006254558 -0.529401004 0.410218060 0.012560494 0.911900938 91.420005798
0.908860743 0.046015717 -0.414553493 -85.363761902 -0.045707371 0.998897970 0.010670172 -0.536292195 0.414587677 0.009250454 0.909962356 92.084640503
0.906187594 0.042782858 -0.420706213 -85.665817261 -0.043165367 0.999030888 0.008617583 -0.544991016 0.420667112 0.010350792 0.907155931 92.760772705
0.904119015 0.040660404 -0.425341666 -85.989326477 -0.043727767 0.999040246 0.002553899 -0.559428632 0.425037235 0.016290210 0.905029178 93.432022095
0.901808858 0.038307898 -0.430433929 -86.312904358 -0.044021707 0.999025106 -0.003319005 -0.568636656 0.429887086 0.021941543 0.902615964 94.110160828
