1 -1.22322e-18 -1.71789e-20 0 7.5476e-19 1 6.23824e-19 0 -2.14909e-19 -9.89981e-19 1 0
0.999996 0.00290553 0.00022737 -0.0093241 -0.00290583 0.999995 0.00137172 -0.0134846 -0.000223384 -0.00137238 0.999999 0.666472
0.999985 0.00535116 0.000670724 -0.0205677 -0.00535237 0.999984 0.00181582 -0.0340253 -0.000660997 -0.00181939 0.999998 1.50384
0.99998 0.00636654 0.000397677 -0.0201435 -0.00636706 0.999979 0.00130293 -0.052723 -0.000389373 -0.00130544 0.999999 2.24508
0.999964 0.00843729 0.000925194 -0.0276566 -0.00843811 0.999964 0.000893482 -0.0696535 -0.000917622 -0.000901257 0.999999 2.98497
0.999961 0.00883571 0.000908721 -0.0281682 -0.00883644 0.999961 0.000803119 -0.0895604 -0.000901589 -0.000811117 0.999999 3.69279
0.999958 0.00899263 0.00202359 -0.0378146 -0.00899644 0.999958 0.00187739 -0.108021 -0.00200662 -0.00189551 0.999996 4.38526
0.999948 0.0100877 0.00141866 -0.0274962 -0.0100933 0.999941 0.00398517 -0.118337 -0.00137838 -0.00399928 0.999991 5.06853
0.999949 0.00946013 0.00345093 -0.0330083 -0.00948833 0.999921 0.00824841 -0.133534 -0.00337262 -0.00828073 0.99996 5.71458
0.999943 0.0087071 0.00609879 -0.0418589 -0.00877913 0.999891 0.0118846 -0.147248 -0.00599465 -0.0119374 0.999911 6.34726
0.999946 0.00802681 0.00653343 -0.0386991 -0.00812049 0.999863 0.0144402 -0.163179 -0.00641663 -0.0144925 0.999874 6.94167
0.999936 0.00812932 0.00780677 -0.0405791 -0.00824019 0.999864 0.0142758 -0.171439 -0.00768966 -0.0143392 0.999868 7.53192
0.99992 0.00926737 0.00858408 -0.0375357 -0.00936883 0.999886 0.0118546 -0.18481 -0.00847323 -0.0119341 0.999893 8.06572
0.999912 0.00916612 0.00953904 -0.0340929 -0.00925172 0.999917 0.00896873 -0.19056 -0.00945604 -0.0090562 0.999914 8.58669
0.999899 0.00792856 0.011757 -0.0287841 -0.00801481 0.999941 0.00730714 -0.197973 -0.0116984 -0.00740064 0.999904 9.08961
0.999885 0.00422654 0.0145956 -0.0268034 -0.00430389 0.999977 0.00527229 -0.214011 -0.0145729 -0.0053345 0.99988 9.55329
0.999894 0.00247678 0.0143272 -0.00899168 -0.00252894 0.99999 0.00362356 -0.229653 -0.0143181 -0.00365941 0.999891 9.99086
0.999827 0.00653673 0.0174296 -0.0183733 -0.00656582 0.999977 0.00161202 -0.238729 -0.0174186 -0.00172618 0.999847 10.4019
0.999741 0.0100874 0.0204185 -0.0209879 -0.0101049 0.999949 0.000753151 -0.244813 -0.0204098 -0.000959282 0.999791 10.7739
0.999636 0.0110991 0.0245972 -0.00900539 -0.0111468 0.999936 0.00180569 -0.251232 -0.0245756 -0.00207921 0.999696 11.115
0.999594 0.00735681 0.0275274 0.00474313 -0.0074242 0.99997 0.0023468 -0.258445 -0.0275093 -0.00255021 0.999618 11.4274
0.99957 0.00231194 0.029241 0.0291189 -0.00237401 0.999995 0.00208835 -0.269026 -0.029236 -0.00215687 0.99957 11.7235
0.999494 -0.000780818 0.0317913 0.0453319 0.000660824 0.999993 0.00378478 -0.283154 -0.0317941 -0.00376185 0.999487 11.9815
0.999398 -0.00221799 0.0346327 0.0560392 0.00206198 0.999988 0.00453957 -0.287292 -0.0346424 -0.00446542 0.99939 12.1975
0.99934 -0.00102859 0.0363038 0.0611386 0.000908571 0.999994 0.0033222 -0.28867 -0.036307 -0.00328703 0.999335 12.4039
0.999251 -0.000123714 0.0386992 0.0625765 3.94804e-05 0.999998 0.00217738 -0.296986 -0.0386993 -0.00217422 0.999249 12.5766
0.999131 0.00207285 0.0416258 0.0619294 -0.00213086 0.999997 0.00134925 -0.303303 -0.0416228 -0.00143678 0.999132 12.7487
0.999052 0.00456727 0.0432968 0.06578 -0.00461884 0.999989 0.00109122 -0.313002 -0.0432913 -0.00129017 0.999062 12.9148
0.998992 0.00553618 0.0445437 0.0770771 -0.00552768 0.999985 -0.000313866 -0.316518 -0.0445447 6.73269e-05 0.999007 13.0735
0.998924 0.00532299 0.0460673 0.0867409 -0.00523619 0.999984 -0.00200472 -0.32264 -0.0460773 0.00176134 0.998936 13.2231
0.998861 0.0042062 0.0475342 0.0975038 -0.0040449 0.999986 -0.00348896 -0.328768 -0.0475482 0.00329271 0.998864 13.3618
0.998768 0.00329437 0.0495104 0.0992489 -0.00306652 0.999984 -0.00467726 -0.333605 -0.049525 0.00451968 0.998763 13.4965
0.998693 0.00366272 0.0509845 0.104922 -0.00336645 0.999977 -0.00589567 -0.33631 -0.0510049 0.00571632 0.998682 13.6269
0.99865 0.00445566 0.0517541 0.106964 -0.00402764 0.999957 -0.00837164 -0.336658 -0.0517891 0.00815189 0.998625 13.7515
0.998627 0.00486755 0.0521634 0.118649 -0.00433681 0.999938 -0.0102829 -0.340086 -0.0522102 0.0100426 0.998586 13.871
0.998574 0.00419494 0.053219 0.122581 -0.00353503 0.999916 -0.012488 -0.345138 -0.0532669 0.012282 0.998505 13.9991
0.998622 0.00307547 0.0523978 0.131104 -0.00232935 0.999895 -0.0142947 -0.350706 -0.0524363 0.014153 0.998524 14.1254
0.998733 0.00276018 0.0502396 0.136747 -0.00197368 0.999875 -0.0156979 -0.353531 -0.0502766 0.0155789 0.998614 14.2492
0.998877 0.00255902 0.0473198 0.136413 -0.00178742 0.999865 -0.0163414 -0.359942 -0.0473552 0.0162384 0.998746 14.3654
0.999059 0.00311737 0.043266 0.138311 -0.00235828 0.999843 -0.0175845 -0.361684 -0.043314 0.0174659 0.998909 14.4966
0.999294 0.00337127 0.0374237 0.13699 -0.00267472 0.999823 -0.0186469 -0.364553 -0.03748 0.0185337 0.999125 14.6255
0.999517 0.00322538 0.0309076 0.130323 -0.00262474 0.999807 -0.0194543 -0.367238 -0.0309644 0.0193638 0.999333 14.7387
0.999706 0.00331134 0.0240107 0.122927 -0.00282687 0.999792 -0.0201829 -0.371241 -0.0240726 0.0201091 0.999508 14.8674
0.999874 0.00330886 0.0155018 0.116469 -0.00297961 0.999771 -0.0212145 -0.37225 -0.0155684 0.0211657 0.999655 14.9886
0.999984 0.00264183 0.00500283 0.113515 -0.00253039 0.999751 -0.0221521 -0.377147 -0.00506011 0.0221391 0.999742 15.1293
0.999966 0.00114193 -0.0081422 0.0997589 -0.00133579 0.999715 -0.0238434 -0.381685 0.00811265 0.0238535 0.999683 15.2769
0.999712 9.98212e-05 -0.0240127 0.0801033 -0.00070936 0.999678 -0.0253769 -0.392342 0.0240024 0.0253866 0.99939 15.4256
0.999049 0.000617308 -0.0435911 0.0510437 -0.00176915 0.99965 -0.0263901 -0.397439 0.0435596 0.0264421 0.998701 15.6054
0.997855 0.00152035 -0.0654423 0.00951776 -0.00322439 0.999658 -0.0259411 -0.40153 0.0653805 0.0260965 0.997519 15.7947
0.996023 0.00196289 -0.0890799 -0.0355466 -0.00414862 0.999695 -0.0243582 -0.408029 0.0890049 0.0246309 0.995727 15.9927
0.99327 0.00302711 -0.115781 -0.0876521 -0.00571077 0.999723 -0.022854 -0.414062 0.11568 0.0233614 0.993012 16.217
0.989335 0.00397203 -0.145605 -0.157693 -0.00702086 0.999767 -0.0204312 -0.422729 0.145489 0.0212356 0.989132 16.4326
0.983893 0.00467872 -0.178696 -0.22785 -0.00779707 0.999829 -0.0167523 -0.429666 0.178587 0.0178758 0.983762 16.6904
0.976427 0.00575795 -0.21577 -0.319803 -0.00868479 0.999883 -0.012619 -0.433676 0.215672 0.0141954 0.976363 16.9499
0.966796 0.00728295 -0.255447 -0.424136 -0.00941331 0.99993 -0.00711813 -0.443475 0.255377 0.00928638 0.966797 17.1905
0.954917 0.0113084 -0.296658 -0.557825 -0.0125595 0.999918 -0.00231158 -0.439836 0.296608 0.00593324 0.954981 17.4542
0.940924 0.0153948 -0.338267 -0.706296 -0.0154092 0.999878 0.00264311 -0.445719 0.338266 0.00272545 0.941046 17.7322
0.923982 0.0181236 -0.382007 -0.856246 -0.0161023 0.999834 0.00848782 -0.447852 0.382098 -0.0016914 0.92412 17.9936
0.905001 0.021893 -0.424846 -1.04249 -0.0167326 0.999734 0.0158742 -0.448488 0.425081 -0.00725741 0.905126 18.289
0.883229 0.0260823 -0.468216 -1.24462 -0.0173805 0.999587 0.0228966 -0.45009 0.468619 -0.0120851 0.883317 18.5775
0.859195 0.0310003 -0.510707 -1.47051 -0.0195145 0.999422 0.0278352 -0.447567 0.511275 -0.0139497 0.859304 18.8236
0.83149 0.0351618 -0.554426 -1.71904 -0.0211244 0.999274 0.0316931 -0.446623 0.555138 -0.0146405 0.831629 19.0953
0.80059 0.0387635 -0.597958 -1.96642 -0.0234068 0.999167 0.0334337 -0.434644 0.598756 -0.0127704 0.80083 19.3521
0.767121 0.04245 -0.640097 -2.26598 -0.0244012 0.999017 0.0370094 -0.430051 0.641039 -0.0127715 0.767402 19.6153
0.730251 0.04612 -0.68162 -2.58455 -0.0253686 0.998861 0.0404068 -0.409252 0.682708 -0.0122154 0.73059 19.8831
0.691588 0.0478978 -0.720702 -2.89975 -0.0232648 0.998758 0.0440523 -0.396167 0.721917 -0.013699 0.691844 20.1181
0.65023 0.0482376 -0.758205 -3.26621 -0.020838 0.998739 0.0456702 -0.38248 0.759452 -0.0138966 0.650415 20.3758
0.608339 0.0475178 -0.792254 -3.64697 -0.0156955 0.998731 0.04785 -0.367783 0.793522 -0.0166742 0.608313 20.6141
0.564467 0.0477453 -0.824073 -4.04791 -0.010949 0.998671 0.0503614 -0.357534 0.825383 -0.0194046 0.56424 20.825
0.517861 0.0498265 -0.854012 -4.4819 -0.00904917 0.998566 0.052773 -0.335948 0.855417 -0.019601 0.51757 21.0408
0.469969 0.049606 -0.881288 -4.92523 -0.00755394 0.998609 0.0521815 -0.309794 0.882651 -0.0178665 0.46969 21.2085
0.417354 0.0493521 -0.907403 -5.41404 -0.00293311 0.998592 0.0529627 -0.291557 0.908739 -0.0194427 0.416912 21.3888
0.36385 0.0490418 -0.930165 -5.91749 0.00286416 0.998549 0.0537676 -0.27495 0.931453 -0.0222275 0.363182 21.5404
0.309349 0.0486653 -0.949703 -6.40578 0.00535536 0.998585 0.0529145 -0.261749 0.950934 -0.0214551 0.30865 21.6552
0.256539 0.0540906 -0.965019 -6.97516 0.00644183 0.998315 0.0576693 -0.217176 0.966512 -0.0210109 0.255758 21.7614
0.20457 0.0596985 -0.97703 -7.54726 0.00954137 0.997969 0.0629758 -0.183143 0.978805 -0.0222052 0.203585 21.8468
0.156387 0.0613422 -0.985789 -8.12603 0.0151614 0.997803 0.064495 -0.163795 0.98758 -0.0250321 0.155113 21.9052
0.110911 0.0634138 -0.991805 -8.74059 0.0181509 0.997667 0.0658184 -0.142409 0.993665 -0.0253022 0.109501 21.9456
0.0705913 0.0620846 -0.995571 -9.36107 0.0190229 0.997796 0.0635722 -0.113231 0.997324 -0.0234263 0.0692547 21.9554
0.0368557 0.0583325 -0.997617 -10.0114 0.0156838 0.998138 0.0589424 -0.0808543 0.999198 -0.0178188 0.0358722 21.9437
0.00656862 0.0579146 -0.9983 -10.6718 0.0137969 0.998221 0.0580008 -0.0350802 0.999883 -0.0141544 0.0057579 21.9246
-0.0138574 0.0622032 -0.997967 -11.3702 0.0129776 0.99799 0.0620244 0.00310041 0.99982 -0.0120917 -0.0146368 21.8847
-0.0267259 0.0681771 -0.997315 -12.1044 0.013997 0.997599 0.0678214 0.0473414 0.999545 -0.0121469 -0.0276161 21.8572
-0.0343133 0.0706827 -0.996908 -12.8475 0.014914 0.997421 0.0702057 0.0846876 0.9993 -0.0124589 -0.0352789 21.8171
-0.0379265 0.0685642 -0.996925 -13.596 0.0152727 0.997567 0.0680272 0.117975 0.999164 -0.0126457 -0.0388813 21.7776
-0.0368637 0.0644288 -0.997241 -14.3657 0.0216984 0.997736 0.0636586 0.171574 0.999085 -0.0192919 -0.0381783 21.7497
-0.0330831 0.0628752 -0.997473 -15.1713 0.0327119 0.997553 0.0617953 0.198092 0.998917 -0.0305849 -0.0350589 21.7322
-0.0271225 0.063055 -0.997641 -15.9955 0.0351548 0.997451 0.0620873 0.239776 0.999014 -0.0333879 -0.0292701 21.7148
-0.0222735 0.0615229 -0.997857 -16.8316 0.0331107 0.997603 0.0607682 0.295125 0.999204 -0.0316862 -0.0242572 21.6891
-0.0190869 0.0560057 -0.998248 -17.6869 0.0368349 0.997791 0.0552758 0.320867 0.999139 -0.0357153 -0.0211078 21.6788
-0.0163629 0.0449107 -0.998857 -18.565 0.034286 0.998428 0.0443298 0.347189 0.999278 -0.0335214 -0.017877 21.6639
-0.0164293 0.0360959 -0.999213 -19.458 0.027564 0.998985 0.0356344 0.391277 0.999485 -0.0269569 -0.0174075 21.6413
-0.0176877 0.0332615 -0.99929 -20.3605 0.0213132 0.999232 0.0328824 0.413651 0.999616 -0.0207164 -0.018383 21.6104
-0.0215465 0.0390137 -0.999006 -21.3022 0.0122854 0.999173 0.0387552 0.442112 0.999692 -0.0114381 -0.022008 21.5724
-0.0266604 0.0476461 -0.998508 -22.2616 0.0072544 0.998846 0.0474685 0.480276 0.999618 -0.00597805 -0.0269753 21.531
-0.031228 0.0571402 -0.997878 -23.2393 0.00540979 0.99836 0.0569985 0.51735 0.999498 -0.00361836 -0.0314858 21.4819
-0.0328303 0.0669568 -0.997216 -24.2422 0.00424975 0.997754 0.066853 0.571757 0.999452 -0.00204311 -0.0330411 21.4413
-0.0338715 0.074889 -0.996616 -25.2364 0.00651542 0.997184 0.0747102 0.625054 0.999405 -0.00396283 -0.034264 21.4108
-0.0346662 0.0762558 -0.996485 -26.2545 0.00767893 0.997076 0.0760339 0.671489 0.999369 -0.00501613 -0.0351504 21.3678
-0.03695 0.0734941 -0.996611 -27.2602 0.00652868 0.997288 0.073302 0.732811 0.999296 -0.00379804 -0.0373296 21.3264
-0.0398327 0.0684253 -0.996861 -28.2761 0.00237353 0.997656 0.0683851 0.786916 0.999204 0.000357877 -0.0399017 21.27
-0.0450359 0.0632636 -0.99698 -29.292 0.00240176 0.997997 0.0632196 0.829108 0.998983 0.000452647 -0.0450976 21.2304
-0.0497117 0.0587624 -0.997033 -30.3192 0.00395667 0.998271 0.0586381 0.872033 0.998756 -0.00102994 -0.0498583 21.1602
-0.056899 0.0566503 -0.996771 -31.3405 0.00169225 0.998393 0.0566458 0.916582 0.998379 0.00153631 -0.0569034 21.0895
-0.0630632 0.0593466 -0.996243 -32.3916 0.0032656 0.998237 0.0592587 0.96001 0.998004 0.000483705 -0.0631458 21.0052
-0.0693834 0.0639659 -0.995537 -33.4387 0.00146072 0.997948 0.064019 1.00551 0.997589 0.00298766 -0.0693344 20.9188
-0.0761889 0.0671072 -0.994833 -34.495 0.00014686 0.997733 0.0672916 1.05672 0.997093 0.00498077 -0.0760261 20.8235
-0.0809722 0.06923 -0.994309 -35.5332 -0.00334857 0.99756 0.0697291 1.11126 0.996711 0.00897563 -0.0805429 20.7268
-0.0837817 0.0704905 -0.993988 -36.6107 -0.00744787 0.997423 0.0713618 1.1675 0.996456 0.0133819 -0.0830408 20.6271
-0.0848909 0.0716021 -0.993814 -37.666 -0.0114841 0.997278 0.0728326 1.22886 0.996324 0.0175959 -0.0838375 20.5194
-0.0858365 0.071689 -0.993727 -38.738 -0.0130255 0.997242 0.0730677 1.28254 0.996224 0.0192156 -0.0846659 20.4154
-0.0879609 0.0706451 -0.993616 -39.8041 -0.0134134 0.997308 0.072095 1.33772 0.996034 0.0196693 -0.0867764 20.3158
-0.0890329 0.0702821 -0.993546 -40.8632 -0.0143995 0.997312 0.0718389 1.38731 0.995925 0.0207026 -0.0877816 20.2105
-0.0896356 0.0695519 -0.993543 -41.9423 -0.0161718 0.997326 0.0712756 1.44638 0.995843 0.0224563 -0.0882711 20.1045
-0.0906986 0.0669742 -0.993624 -43.0161 -0.0203505 0.997403 0.0690866 1.50105 0.99567 0.0264868 -0.0891002 19.9911
-0.0911712 0.062313 -0.993884 -44.0731 -0.0255989 0.997564 0.064892 1.54952 0.995506 0.0313586 -0.089354 19.877
-0.0908631 0.0613675 -0.993971 -45.161 -0.0286562 0.997525 0.0642065 1.60143 0.995451 0.0343174 -0.0888796 19.7725
-0.0885674 0.0657995 -0.993894 -46.2645 -0.0289534 0.997224 0.0686 1.65673 0.995649 0.0348523 -0.0864165 19.6619
-0.0871633 0.0691585 -0.993791 -47.3621 -0.028516 0.997005 0.0718833 1.71465 0.995786 0.0346045 -0.0849301 19.5614
-0.0851349 0.0683534 -0.994022 -48.4504 -0.0266112 0.997132 0.0708464 1.774 0.996014 0.0324836 -0.0830718 19.4662
-0.0833001 0.0678001 -0.994215 -49.5563 -0.0263665 0.997184 0.0702116 1.82712 0.996176 0.0320626 -0.0812778 19.3722
-0.0801249 0.0680001 -0.994463 -50.6748 -0.0296914 0.997065 0.0705703 1.88672 0.996343 0.0351814 -0.0778707 19.2774
-0.0739058 0.0688941 -0.994883 -51.7836 -0.0351066 0.996813 0.0716357 1.94815 0.996647 0.0402212 -0.0712517 19.1764
-0.0678305 0.0687568 -0.995325 -52.9028 -0.0386279 0.996694 0.0714838 2.0058 0.996949 0.0432961 -0.0649503 19.0817
-0.0614447 0.0679555 -0.995794 -54.0165 -0.0403571 0.996695 0.0705071 2.06391 0.997294 0.0445197 -0.0584992 19.0018
-0.0583268 0.0668718 -0.996055 -55.1137 -0.0400318 0.996795 0.0692656 2.12324 0.997495 0.0439139 -0.0554628 18.9434
-0.0513052 0.0673569 -0.996409 -56.2306 -0.0388757 0.996832 0.0693872 2.17177 0.997926 0.0422961 -0.0485242 18.8697
-0.0453085 0.0679573 -0.996659 -57.3395 -0.0377952 0.996853 0.0696886 2.22816 0.998258 0.0408264 -0.0425974 18.8144
-0.0398516 0.0700033 -0.99675 -58.4527 -0.0356665 0.996807 0.0714333 2.28121 0.998569 0.0383974 -0.0372276 18.7645
-0.03528 0.0700075 -0.996922 -59.5854 -0.0373898 0.996753 0.0713187 2.3505 0.998678 0.0397908 -0.0325479 18.7201
-0.0286747 0.0699256 -0.99714 -60.7223 -0.036946 0.996794 0.0709638 2.4062 0.998906 0.0388752 -0.0259993 18.6805
-0.024774 0.0649245 -0.997583 -61.8663 -0.036956 0.997147 0.0658139 2.4649 0.99901 0.0384972 -0.022304 18.6499
-0.0202008 0.0598142 -0.998005 -62.9973 -0.0368622 0.997486 0.0605292 2.50787 0.999116 0.0380114 -0.0179451 18.6189
-0.0159218 0.0585259 -0.998159 -64.1391 -0.0379162 0.997532 0.0590939 2.55973 0.999154 0.0387873 -0.0136634 18.5901
-0.0124651 0.0608597 -0.998068 -65.3059 -0.0362842 0.997461 0.0612758 2.60995 0.999264 0.036978 -0.0102252 18.5737
-0.00908984 0.0603047 -0.998139 -66.451 -0.0359489 0.997515 0.0605944 2.6622 0.999312 0.0364328 -0.00689936 18.5495
-0.00724015 0.0603196 -0.998153 -67.6112 -0.0376979 0.997453 0.0605508 2.71094 0.999263 0.0380667 -0.00494778 18.5199
-0.00805054 0.061062 -0.998101 -68.7777 -0.0393153 0.997343 0.0613327 2.76308 0.999194 0.0397344 -0.00562848 18.5215
-0.00674909 0.0608739 -0.998123 -69.9398 -0.0396048 0.997346 0.0610943 2.81034 0.999193 0.0399428 -0.00432027 18.5045
-0.0054939 0.0590892 -0.998238 -71.0979 -0.0402862 0.997429 0.059263 2.85539 0.999173 0.0405408 -0.00309929 18.4857
-0.00430324 0.05761 -0.99833 -72.2621 -0.0394995 0.99755 0.0577353 2.90346 0.99921 0.039682 -0.00201713 18.4753
-0.0039515 0.0579119 -0.998314 -73.4226 -0.0360183 0.997666 0.0580168 2.94544 0.999343 0.0361868 -0.00185639 18.4676
-0.00531708 0.0584251 -0.998278 -74.5998 -0.0330185 0.997737 0.0585694 2.9906 0.999441 0.0332731 -0.00337594 18.4667
-0.00584767 0.0613744 -0.998098 -75.7683 -0.0324592 0.997577 0.0615326 3.03462 0.999456 0.0327572 -0.00384134 18.461
-0.00597775 0.0652668 -0.99785 -76.9418 -0.0341664 0.997272 0.0654336 3.08664 0.999398 0.0344841 -0.00373151 18.4442
-0.00676215 0.0655681 -0.997825 -78.1168 -0.0364828 0.997168 0.0657721 3.13481 0.999311 0.0368482 -0.00435089 18.436
-0.0063898 0.0632764 -0.997976 -79.2675 -0.0376223 0.997274 0.0634728 3.19059 0.999272 0.0379518 -0.00399177 18.4157
-0.00550458 0.0616278 -0.998084 -80.4268 -0.0377328 0.997376 0.0617922 3.23198 0.999273 0.0380007 -0.00316474 18.4006
-0.00519342 0.0603846 -0.998162 -81.5841 -0.0362474 0.997508 0.0605337 3.2814 0.999329 0.0364952 -0.00299168 18.3879
-0.00628096 0.0621601 -0.998046 -82.7496 -0.034188 0.997469 0.0623393 3.32265 0.999396 0.0345128 -0.00413993 18.3808
-0.00510095 0.0649606 -0.997875 -83.9081 -0.0340707 0.997297 0.0650971 3.36972 0.999406 0.0343304 -0.0028739 18.3679
-0.00657867 0.067502 -0.997697 -85.0755 -0.0340189 0.997126 0.0676877 3.41807 0.9994 0.0343859 -0.00426342 18.3721
-0.00630859 0.0678576 -0.997675 -86.2226 -0.0352472 0.99706 0.0680387 3.47526 0.999359 0.0355945 -0.00389824 18.3544
-0.00537935 0.065496 -0.997838 -87.3633 -0.0348731 0.997234 0.0656443 3.52754 0.999377 0.0351509 -0.00308042 18.3409
-0.00540926 0.0644513 -0.997906 -88.5071 -0.0337278 0.997341 0.0645976 3.57389 0.999416 0.0340066 -0.00322108 18.3289
-0.00465934 0.0655082 -0.997841 -89.666 -0.0323433 0.99732 0.065625 3.62171 0.999466 0.0325793 -0.0025281 18.3132
-0.00533804 0.0681006 -0.997664 -90.8281 -0.0302449 0.997211 0.0682315 3.67795 0.999528 0.0305385 -0.00326345 18.3163
-0.00459791 0.0704351 -0.997506 -91.9757 -0.0277499 0.997123 0.070536 3.73566 0.999604 0.028005 -0.00263011 18.3044
-0.00389754 0.0723431 -0.997372 -93.1152 -0.0285856 0.996964 0.0724252 3.79244 0.999584 0.0287928 -0.00181774 18.2899
-0.00513134 0.0741035 -0.997237 -94.2622 -0.0307799 0.996766 0.0742269 3.84978 0.999513 0.0310758 -0.00283385 18.2832
-0.00434146 0.0734629 -0.997288 -95.4209 -0.0326287 0.996756 0.0735658 3.91191 0.999458 0.0328596 -0.00193039 18.2665
-0.0044446 0.0694504 -0.997575 -96.556 -0.0351158 0.996959 0.0695639 3.96646 0.999373 0.0353398 -0.00199228 18.2518
-0.00388668 0.0680063 -0.997677 -97.7131 -0.0376319 0.996968 0.0681046 4.01923 0.999284 0.0378092 -0.00131569 18.2363
-0.00549486 0.0662969 -0.997785 -98.8594 -0.0375883 0.997081 0.0664571 4.07103 0.999278 0.0378702 -0.00298684 18.2362
-0.00462984 0.0669955 -0.997742 -99.9708 -0.0357172 0.997106 0.0671185 4.11677 0.999351 0.0359474 -0.00222355 18.2185
-0.00507724 0.06893 -0.997609 -101.124 -0.0355717 0.996978 0.0690674 4.17512 0.999354 0.0358373 -0.00260994 18.2125
-0.00467418 0.0710416 -0.997462 -102.276 -0.0334504 0.996904 0.0711586 4.23195 0.999429 0.0336982 -0.00228333 18.2075
-0.00545372 0.0701462 -0.997522 -103.411 -0.0367107 0.99685 0.0702996 4.29377 0.999311 0.0370031 -0.00286143 18.197
-0.00595449 0.0715689 -0.997418 -104.565 -0.0413634 0.996564 0.0717546 4.35428 0.999126 0.0416839 -0.00297369 18.1825
-0.00665715 0.0706433 -0.997479 -105.705 -0.044185 0.996507 0.0708693 4.41834 0.999001 0.0445454 -0.00351252 18.1594
-0.00763714 0.0671049 -0.997717 -106.857 -0.0453815 0.996695 0.0673836 4.47105 0.998941 0.0457925 -0.00456657 18.1432
-0.00821805 0.0633914 -0.997955 -108.018 -0.0465286 0.996883 0.0637065 4.52431 0.998883 0.046957 -0.00524292 18.1251
-0.00847274 0.0618426 -0.99805 -109.192 -0.0429162 0.997144 0.0621508 4.58328 0.999043 0.0433591 -0.00579449 18.1129
-0.00978682 0.0615806 -0.998054 -110.382 -0.0380762 0.997355 0.0619108 4.6301 0.999227 0.038608 -0.00741618 18.1095
-0.0089259 0.0634231 -0.997947 -111.592 -0.0374188 0.997266 0.0637145 4.68437 0.99926 0.0379107 -0.00652828 18.0819
-0.0107059 0.0674143 -0.997668 -112.778 -0.0365108 0.997033 0.0677633 4.73969 0.999276 0.0371511 -0.00821277 18.0715
-0.0100559 0.0673603 -0.997678 -113.992 -0.0344932 0.997111 0.0676698 4.80659 0.999354 0.0350936 -0.00770335 18.0538
-0.0101759 0.0631939 -0.997949 -115.202 -0.0347328 0.997377 0.0635117 4.85966 0.999345 0.0353078 -0.00795432 18.0254
-0.0105696 0.0598387 -0.998152 -116.432 -0.0353129 0.997563 0.0601773 4.91281 0.99932 0.0358837 -0.00843074 18.004
-0.0115059 0.0581106 -0.998244 -117.647 -0.0341869 0.997703 0.0584732 4.96584 0.999349 0.0347997 -0.00949286 17.9908
-0.0128733 0.0594527 -0.998148 -118.868 -0.0356611 0.997568 0.0598781 5.01493 0.999281 0.0363659 -0.0107218 17.9728
-0.0132775 0.0637275 -0.997879 -120.117 -0.039968 0.997136 0.0642118 5.0781 0.999113 0.0407358 -0.0106924 17.9465
-0.0139526 0.0672733 -0.997637 -121.362 -0.0456397 0.996651 0.0678451 5.1372 0.998861 0.0464784 -0.0108355 17.9141
-0.0140202 0.0672501 -0.997638 -122.616 -0.0525944 0.996305 0.0678994 5.20118 0.998518 0.0534221 -0.0104314 17.8739
-0.0148104 0.0651215 -0.997767 -123.865 -0.0556509 0.996276 0.0658503 5.26074 0.99834 0.0565019 -0.0111311 17.8518
-0.0153609 0.0641789 -0.99782 -125.079 -0.0577369 0.996216 0.0649645 5.31539 0.998214 0.058609 -0.0115973 17.821
-0.0173721 0.0631971 -0.99785 -126.332 -0.0579061 0.996262 0.0641046 5.37146 0.998171 0.0588952 -0.0136476 17.8117
-0.0165841 0.063112 -0.997869 -127.537 -0.0565534 0.996349 0.0639558 5.41517 0.998262 0.0574935 -0.0129544 17.7754
-0.0176569 0.0636738 -0.997815 -128.795 -0.0562311 0.996327 0.064574 5.46623 0.998262 0.0572484 -0.0140116 17.7499
-0.0185751 0.0685275 -0.997476 -130.024 -0.0560812 0.996006 0.0694708 5.52695 0.998253 0.0572301 -0.0146578 17.7275
-0.0192396 0.0724633 -0.997185 -131.257 -0.0544538 0.995814 0.0734142 5.59101 0.998331 0.055713 -0.0152132 17.6981
-0.0192008 0.0718098 -0.997233 -132.508 -0.0546191 0.995853 0.072762 5.65207 0.998323 0.0558651 -0.015199 17.6641
-0.0185501 0.0700668 -0.99737 -133.749 -0.0552847 0.995943 0.0709949 5.7183 0.998298 0.0564562 -0.0146012 17.6296
-0.0175184 0.0697328 -0.997412 -134.988 -0.0541459 0.996035 0.0705875 5.77797 0.998379 0.0552423 -0.0136732 17.6055
-0.0170606 0.0691567 -0.99746 -136.218 -0.0540991 0.99608 0.0699863 5.83609 0.99839 0.0551557 -0.0132524 17.5816
-0.0155273 0.0714657 -0.997322 -137.437 -0.0543352 0.995908 0.0722104 5.89424 0.998402 0.0553109 -0.0115807 17.5459
-0.0148965 0.0745243 -0.997108 -138.688 -0.0548704 0.995655 0.0752355 5.96657 0.998382 0.0558325 -0.0107426 17.5261
-0.0135597 0.0760462 -0.997012 -139.922 -0.0560796 0.995476 0.0766918 6.02813 0.998334 0.0569519 -0.00923369 17.4995
-0.0122715 0.073466 -0.997222 -141.137 -0.0589598 0.995509 0.0740653 6.09383 0.998185 0.059705 -0.00788487 17.4736
-0.0124179 0.0705243 -0.997433 -142.359 -0.058275 0.995763 0.0711318 6.15789 0.998223 0.0590087 -0.00825545 17.452
-0.0119481 0.0681679 -0.997602 -143.597 -0.0555187 0.996089 0.0687295 6.21862 0.998386 0.0562067 -0.00811679 17.4358
-0.0117326 0.0680127 -0.997615 -144.797 -0.0537455 0.996199 0.0685483 6.27054 0.998486 0.0544216 -0.0080326 17.4162
-0.0122018 0.068008 -0.99761 -146.028 -0.051699 0.996307 0.0685515 6.33299 0.998588 0.0524119 -0.0086408 17.402
-0.0130348 0.0677171 -0.997619 -147.245 -0.0487918 0.996473 0.0682767 6.37317 0.998724 0.0495657 -0.0096848 17.3803
-0.0129304 0.0676471 -0.997625 -148.46 -0.0484663 0.996494 0.0681985 6.43683 0.998741 0.049233 -0.00960647 17.3602
-0.0131874 0.0704015 -0.997432 -149.671 -0.0463331 0.996404 0.0709415 6.49462 0.998839 0.0471496 -0.00987808 17.3393
-0.013515 0.0721499 -0.997302 -150.886 -0.0429999 0.996429 0.0726694 6.55283 0.998984 0.0438661 -0.0103643 17.3205
-0.0134031 0.0706414 -0.997412 -152.089 -0.0411731 0.996616 0.0711383 6.61014 0.999062 0.04202 -0.0104492 17.2989
-0.0138187 0.0709149 -0.997387 -153.301 -0.0424696 0.99654 0.0714431 6.67405 0.999002 0.0433459 -0.0107592 17.2747
-0.0138398 0.0754483 -0.997054 -154.513 -0.0429613 0.996183 0.0759788 6.73472 0.998981 0.0438862 -0.0105456 17.2501
-0.0128632 0.0816608 -0.996577 -155.748 -0.0468921 0.995514 0.082179 6.81397 0.998817 0.0477887 -0.00897623 17.2206
-0.0121609 0.0817338 -0.99658 -156.973 -0.0519205 0.995258 0.0822589 6.88744 0.998577 0.0527433 -0.00785956 17.1991
-0.0111602 0.0780666 -0.996886 -158.173 -0.0555461 0.99536 0.078569 6.96021 0.998394 0.0562499 -0.00677216 17.1694
-0.00949956 0.0723929 -0.997331 -159.375 -0.0582135 0.995644 0.0728249 7.02577 0.998259 0.0587499 -0.00524394 17.1417
-0.00888541 0.0705743 -0.997467 -160.572 -0.0605954 0.995635 0.0709845 7.09171 0.998123 0.0610727 -0.00457014 17.1296
-0.00799953 0.0675991 -0.99768 -161.785 -0.0566494 0.996079 0.0679449 7.14675 0.998362 0.0570615 -0.00413871 17.1205
-0.00808478 0.0637073 -0.997936 -162.986 -0.0526758 0.996556 0.0640459 7.19531 0.998579 0.0530848 -0.0047011 17.1082
-0.00857384 0.0607068 -0.998119 -164.188 -0.0476206 0.996998 0.0610477 7.23887 0.998829 0.0480544 -0.00565721 17.1039
-0.00967065 0.06281 -0.997979 -165.401 -0.0444098 0.997014 0.0631796 7.29333 0.998967 0.044931 -0.00685239 17.0947
-0.00830549 0.0695347 -0.997545 -166.601 -0.0438155 0.996596 0.0698333 7.34556 0.999005 0.044288 -0.00523052 17.0728
-0.00674527 0.0726182 -0.997337 -167.817 -0.0451973 0.996318 0.0728497 7.41174 0.998955 0.0455684 -0.00343828 17.0558
-0.00597934 0.070172 -0.997517 -169.021 -0.0467959 0.996422 0.0703755 7.46355 0.998887 0.0471005 -0.00267418 17.0438
-0.00449779 0.0702117 -0.997522 -170.212 -0.0487773 0.996329 0.0703477 7.52726 0.9988 0.0489728 -0.00105654 17.0239
-0.00352776 0.0710763 -0.997465 -171.414 -0.0476191 0.996327 0.0711637 7.59038 0.998859 0.0477495 -0.00013021 17.0134
-0.00238001 0.069306 -0.997593 -172.599 -0.0473089 0.996471 0.0693409 7.64549 0.998878 0.04736 0.00090718 17
-0.000958602 0.0682087 -0.997671 -173.752 -0.047792 0.996528 0.0681765 7.6945 0.998857 0.047746 0.00230456 16.9899
-0.000404812 0.0695176 -0.997581 -174.889 -0.0487511 0.996393 0.0694546 7.74773 0.998811 0.0486612 0.0029857 16.9935
0.00100714 0.0713132 -0.997453 -176.011 -0.0487462 0.996272 0.0711795 7.79633 0.998811 0.0485504 0.00447964 16.9884
0.00131967 0.0729958 -0.997331 -177.091 -0.0495628 0.996111 0.0728409 7.84039 0.99877 0.0493344 0.00493242 16.9828
0.00178152 0.074229 -0.99724 -178.14 -0.0503177 0.995985 0.0740457 7.88927 0.998732 0.0500469 0.0055094 16.9764
0.00226524 0.075405 -0.99715 -179.162 -0.048928 0.995967 0.0752044 7.93093 0.9988 0.0486182 0.00594552 16.9721
0.0029924 0.0745183 -0.997215 -180.162 -0.0496811 0.995999 0.0742784 7.97642 0.998761 0.0493205 0.00668258 16.9668
0.00417753 0.0744012 -0.99722 -181.129 -0.0506173 0.995966 0.0740956 8.02059 0.998709 0.050167 0.00792666 16.9662
0.00607232 0.0745697 -0.997197 -182.083 -0.0515818 0.995911 0.0741595 8.07126 0.99865 0.050987 0.00989394 16.9642
0.00444719 0.0730867 -0.997316 -183.01 -0.0501518 0.996087 0.072773 8.1108 0.998732 0.0496935 0.00809522 16.9781
0.00223372 0.0701978 -0.997531 -183.938 -0.0478238 0.996399 0.0700111 8.14764 0.998853 0.0475494 0.00558281 16.9741
-0.00258176 0.0669388 -0.997754 -184.854 -0.0469935 0.996647 0.0669861 8.18428 0.998892 0.0470609 0.00057259 16.9691
-0.00864797 0.0638542 -0.997922 -185.763 -0.0486765 0.996749 0.064201 8.22792 0.998777 0.0491306 -0.00551165 16.9578
-0.0114729 0.0630562 -0.997944 -186.672 -0.050548 0.996697 0.0635586 8.26697 0.998656 0.0511733 -0.00824765 16.9361
-0.0147325 0.0640073 -0.997841 -187.574 -0.0521147 0.996543 0.0646936 8.30601 0.998532 0.0529553 -0.0113458 16.9094
-0.017821 0.0655885 -0.997688 -188.468 -0.0510831 0.996483 0.0664218 8.34757 0.998535 0.0521487 -0.0144079 16.8943
-0.0185891 0.0674651 -0.997548 -189.379 -0.0484816 0.996486 0.0682967 8.38387 0.998651 0.0496324 -0.015253 16.8729
-0.0205911 0.0678865 -0.997481 -190.3 -0.0471872 0.996514 0.0687948 8.42383 0.998674 0.0484849 -0.017316 16.8646
-0.0214978 0.0671058 -0.997514 -191.208 -0.0468962 0.996579 0.0680536 8.46133 0.998668 0.0482426 -0.0182773 16.8388
-0.0220799 0.0660307 -0.997573 -192.11 -0.048385 0.996577 0.0670356 8.50026 0.998585 0.0497477 -0.0188094 16.8114
-0.0215806 0.0653889 -0.997626 -192.997 -0.0523485 0.996416 0.066442 8.54528 0.998396 0.0536581 -0.0180803 16.7788
-0.0212281 0.0633269 -0.997767 -193.893 -0.0542413 0.996449 0.0643973 8.58796 0.998302 0.0554872 -0.0177178 16.7472
-0.0196074 0.0606514 -0.997966 -194.793 -0.0553265 0.996563 0.0616531 8.62584 0.998276 0.0564228 -0.0161844 16.7216
-0.0191572 0.0587128 -0.998091 -195.692 -0.0552773 0.996685 0.0596911 8.65898 0.998287 0.0563153 -0.0158482 16.7043
-0.0198431 0.0580785 -0.998115 -196.622 -0.0551641 0.996727 0.0590945 8.70023 0.99828 0.0562328 -0.0165743 16.6859
-0.0176492 0.0606585 -0.998002 -197.536 -0.0531673 0.996689 0.0615189 8.74157 0.99843 0.0541469 -0.0143657 16.6589
-0.0185787 0.0624458 -0.997875 -198.46 -0.0517809 0.996648 0.063333 8.7773 0.998486 0.0528475 -0.0152829 16.6437
-0.0177068 0.0587583 -0.998115 -199.402 -0.0473227 0.997104 0.0595383 8.81383 0.998723 0.0482878 -0.014875 16.6288
-0.0177704 0.055495 -0.998301 -200.313 -0.046427 0.997336 0.0562678 8.84877 0.998764 0.047348 -0.0151466 16.608
-0.0168132 0.0557413 -0.998304 -201.264 -0.0503471 0.997131 0.0565238 8.89384 0.99859 0.051212 -0.0139585 16.5779
-0.0158277 0.0594961 -0.998103 -202.213 -0.0513213 0.996864 0.060236 8.93991 0.998557 0.0521774 -0.0127246 16.5637
-0.0141884 0.0591863 -0.998146 -203.171 -0.0497302 0.996969 0.0598234 8.97464 0.998662 0.0504868 -0.0112021 16.5473
-0.0118373 0.0605878 -0.998093 -204.153 -0.0487954 0.996938 0.0610964 9.01536 0.998739 0.0494255 -0.00884466 16.5245
-0.00962165 0.0650065 -0.997838 -205.123 -0.0487933 0.996665 0.0654005 9.0701 0.998763 0.049317 -0.00641769 16.5063
-0.00884842 0.0694045 -0.997549 -206.103 -0.0460006 0.996504 0.0697398 9.11557 0.998902 0.046505 -0.00562483 16.504
-0.00807433 0.0696428 -0.997539 -207.084 -0.0453085 0.996522 0.0699385 9.16095 0.99894 0.0457618 -0.00489083 16.4914
-0.00604851 0.0710591 -0.997454 -208.067 -0.0480707 0.996298 0.0712683 9.21115 0.998826 0.0483794 -0.00261026 16.4721
-0.00133845 0.0731268 -0.997322 -209.076 -0.0511068 0.996014 0.0730995 9.27111 0.998692 0.0510677 0.00240416 16.452
0.000298407 0.0732965 -0.99731 -210.083 -0.051539 0.995986 0.0731837 9.32491 0.998671 0.0513785 0.00407483 16.4533
0.00273278 0.0707611 -0.99749 -211.107 -0.0545311 0.99602 0.0705074 9.38163 0.998508 0.0542015 0.00658059 16.4493
0.00545936 0.0685217 -0.997635 -212.113 -0.0555901 0.996128 0.068114 9.42751 0.998439 0.0550867 0.00924734 16.4482
0.00744622 0.0670812 -0.99772 -213.136 -0.0547093 0.99628 0.0665761 9.47965 0.998475 0.0540888 0.0110885 16.4466
0.00853934 0.0688678 -0.997589 -214.189 -0.0547334 0.996162 0.0683008 9.5336 0.998465 0.0540182 0.0122759 16.4567
0.0101609 0.0717199 -0.997373 -215.225 -0.0558136 0.99591 0.0710461 9.5927 0.99839 0.0549451 0.0141223 16.466
0.0111815 0.071611 -0.99737 -216.268 -0.0562848 0.995896 0.0708742 9.64564 0.998352 0.0553443 0.0151662 16.4704
0.012091 0.0690948 -0.997537 -217.327 -0.0555839 0.996114 0.0683225 9.69799 0.998381 0.0546209 0.0158845 16.4756
0.01168 0.0658834 -0.997759 -218.382 -0.0534497 0.996442 0.0651707 9.74961 0.998502 0.0525687 0.0151599 16.4929
0.0120922 0.0646149 -0.997837 -219.447 -0.0507961 0.996661 0.0639232 9.79865 0.998636 0.0499133 0.015334 16.5013
0.0113216 0.0639445 -0.997889 -220.528 -0.0516237 0.99666 0.0632801 9.84869 0.998602 0.0507983 0.0145848 16.5093
0.0117912 0.0636385 -0.997903 -221.605 -0.0509149 0.996716 0.0629612 9.89827 0.998633 0.0500658 0.0149926 16.5174
0.0119591 0.0646031 -0.997839 -222.704 -0.0536171 0.996517 0.0638749 9.95162 0.99849 0.0527373 0.0153813 16.52
0.0113013 0.0666026 -0.997716 -223.803 -0.0539486 0.996367 0.0659014 10.0029 0.99848 0.0530806 0.0148534 16.5222
0.0114496 0.0682765 -0.997601 -224.934 -0.0548531 0.996207 0.0675515 10.06 0.998429 0.053948 0.0151514 16.5321
0.010878 0.0699149 -0.997494 -226.052 -0.0557921 0.996041 0.0692046 10.1173 0.998383 0.0548995 0.0147356 16.535
0.0105714 0.071316 -0.997398 -227.175 -0.0570369 0.995873 0.0706024 10.1739 0.998316 0.0561421 0.0145954 16.5326
0.0103304 0.0690986 -0.997556 -228.319 -0.060064 0.995851 0.0683585 10.2464 0.998141 0.059211 0.0144379 16.5305
0.00932244 0.0647708 -0.997857 -229.466 -0.0590421 0.996195 0.0641113 10.2991 0.998212 0.0583178 0.0131112 16.5378
0.00735342 0.0586198 -0.998253 -230.62 -0.0564296 0.996714 0.0581137 10.3497 0.99838 0.0559037 0.0106371 16.5515
0.00624379 0.0542028 -0.99851 -231.769 -0.0517843 0.997208 0.0538083 10.3926 0.998639 0.0513712 0.00903321 16.5549
0.00493025 0.0543067 -0.998512 -232.939 -0.0468748 0.997439 0.0540169 10.4364 0.998889 0.0465388 0.00746324 16.5538
0.00355924 0.0580798 -0.998306 -234.125 -0.0408068 0.997489 0.0578868 10.4839 0.999161 0.0405316 0.00592035 16.554
0.00133888 0.0608302 -0.998147 -235.306 -0.037782 0.997439 0.0607363 10.5336 0.999285 0.0376307 0.00363374 16.5578
-0.000827017 0.0606981 -0.998156 -236.491 -0.0362629 0.997498 0.0606882 10.5813 0.999342 0.0362462 0.00137614 16.5467
-0.00266187 0.0609532 -0.998137 -237.679 -0.0367982 0.997459 0.0610099 10.636 0.999319 0.036892 -0.000412138 16.5334
-0.00464585 0.0629826 -0.998004 -238.886 -0.0360787 0.997354 0.0631096 10.6843 0.999338 0.0362999 -0.00236123 16.5206
-0.00719208 0.0625691 -0.998015 -240.099 -0.0351966 0.997406 0.0627846 10.7388 0.999355 0.0355783 -0.0049712 16.5027
-0.00869091 0.0607292 -0.998116 -241.32 -0.0353433 0.997512 0.0610001 10.7948 0.999337 0.0358069 -0.00652292 16.48
-0.0110736 0.0605405 -0.998104 -242.546 -0.0353131 0.997519 0.0608968 10.847 0.999315 0.0359205 -0.00890822 16.454
-0.012971 0.0616959 -0.998011 -243.766 -0.035487 0.997437 0.0621217 10.9014 0.999286 0.0362222 -0.0107484 16.4268
-0.0151984 0.0621709 -0.99795 -245.014 -0.0356258 0.997398 0.062679 10.9556 0.99925 0.0365054 -0.012944 16.3953
-0.0182596 0.0633923 -0.997822 -246.253 -0.0366012 0.997277 0.0640275 11.0126 0.999163 0.0376906 -0.0158897 16.3694
-0.0205326 0.0654819 -0.997642 -247.504 -0.0377343 0.997091 0.0662223 11.0696 0.999077 0.039005 -0.018002 16.3334
-0.0222892 0.0661765 -0.997559 -248.77 -0.0394366 0.996972 0.0670187 11.1303 0.998973 0.0408341 -0.0196119 16.3023
-0.0238356 0.0664409 -0.997506 -250.012 -0.0417941 0.996851 0.0673959 11.1919 0.998842 0.0432963 -0.0209836 16.2626
-0.0231512 0.066717 -0.997503 -251.246 -0.0431654 0.996774 0.06767 11.2458 0.9988 0.0446243 -0.0201966 16.2174
-0.023548 0.0661335 -0.997533 -252.492 -0.0420946 0.996859 0.0670825 11.2939 0.998836 0.0435704 -0.0206901 16.1881
-0.0233617 0.0645162 -0.997643 -253.72 -0.0403042 0.997043 0.0654212 11.3517 0.998914 0.0417376 -0.0206923 16.1527
-0.0237067 0.0640663 -0.997664 -254.963 -0.038844 0.997132 0.0649552 11.4096 0.998964 0.0402931 -0.0211501 16.1216
-0.0232276 0.0644639 -0.99765 -256.218 -0.0383875 0.997125 0.0653238 11.4652 0.998993 0.0398146 -0.0206862 16.0873
-0.0239161 0.0646627 -0.997621 -257.461 -0.0375507 0.997144 0.065532 11.5173 0.999009 0.0390286 -0.0214197 16.0491
-0.0240245 0.0651245 -0.997588 -258.713 -0.0373093 0.997122 0.0659926 11.5724 0.999015 0.0388048 -0.0215256 16.0182
-0.0234259 0.0660324 -0.997542 -259.942 -0.0352578 0.997141 0.0668338 11.6284 0.999104 0.0367368 -0.0210308 15.9852
-0.0237196 0.0688056 -0.997348 -261.165 -0.0307704 0.997106 0.0695206 11.6821 0.999245 0.0323378 -0.0215338 15.9552
-0.02343 0.0724731 -0.997095 -262.396 -0.0271192 0.996956 0.0731002 11.74 0.999358 0.0287531 -0.0213933 15.9215
-0.0229311 0.0744726 -0.996959 -263.613 -0.0249346 0.996869 0.0750393 11.8048 0.999426 0.0265795 -0.0210024 15.8942
-0.0235514 0.0733108 -0.997031 -264.833 -0.0245026 0.996966 0.0738847 11.8623 0.999422 0.0261699 -0.0216837 15.8607
-0.0234358 0.0722893 -0.997108 -266.038 -0.0272372 0.996966 0.0729191 11.9203 0.999354 0.0288674 -0.0213957 15.8221
-0.0240561 0.074822 -0.996907 -267.262 -0.0333737 0.996579 0.0756028 11.9864 0.999153 0.0350892 -0.0214767 15.7765
-0.0241203 0.0805865 -0.996456 -268.501 -0.0380057 0.995951 0.0814656 12.0678 0.998986 0.039836 -0.0209599 15.7335
-0.0239384 0.0803087 -0.996483 -269.708 -0.0415449 0.995827 0.0812539 12.1439 0.99885 0.0433439 -0.0205021 15.6867
-0.0242898 0.0740313 -0.99696 -270.927 -0.0428166 0.996262 0.0750226 12.2073 0.998788 0.0445087 -0.0210292 15.6524
-0.0245345 0.0684489 -0.997353 -272.134 -0.0403391 0.996773 0.0694014 12.2659 0.998885 0.0419351 -0.0216942 15.6204
-0.0253265 0.0674349 -0.997402 -273.357 -0.0353098 0.997039 0.0683069 12.3222 0.999055 0.0369481 -0.0228704 15.5959
-0.0243572 0.0686171 -0.997346 -274.574 -0.0309034 0.997113 0.0693558 12.38 0.999226 0.0325107 -0.0221663 15.5619
-0.0222485 0.0705656 -0.997259 -275.792 -0.0300324 0.997009 0.0712179 12.4454 0.999301 0.0315346 -0.0200627 15.5224
-0.0210748 0.0730438 -0.997106 -277.007 -0.0306684 0.996811 0.0736704 12.5061 0.999307 0.0321322 -0.0187675 15.4908
-0.0201499 0.0743854 -0.997026 -278.221 -0.0317723 0.996677 0.0750015 12.5728 0.999292 0.033189 -0.0177195 15.4587
-0.02009 0.0750929 -0.996974 -279.454 -0.0323821 0.996603 0.0757175 12.6434 0.999274 0.0338052 -0.0175901 15.4275
-0.0186825 0.0745087 -0.997045 -280.652 -0.032321 0.996653 0.0750851 12.7054 0.999303 0.0336283 -0.0162117 15.3882
-0.0190895 0.0728308 -0.997162 -281.864 -0.033018 0.996753 0.073433 12.7691 0.999272 0.034326 -0.0166228 15.3612
-0.0190342 0.0718195 -0.997236 -283.092 -0.0328386 0.996834 0.0724173 12.8294 0.999279 0.0341263 -0.0166155 15.3356
-0.0187099 0.0714618 -0.997268 -284.289 -0.0334941 0.996838 0.0720594 12.8928 0.999264 0.0347508 -0.0162571 15.3061
-0.018982 0.0715627 -0.997255 -285.502 -0.0337733 0.99682 0.0721743 12.9509 0.999249 0.0350506 -0.0165047 15.2841
-0.0187459 0.0716138 -0.997256 -286.731 -0.034388 0.996795 0.0722271 13.014 0.999233 0.0356476 -0.0162232 15.2547
-0.0182938 0.0723562 -0.997211 -287.919 -0.0339897 0.996756 0.0729468 13.0709 0.999255 0.0352294 -0.0157751 15.2162
-0.019176 0.0709873 -0.997293 -289.132 -0.0337899 0.99686 0.0716062 13.1333 0.999245 0.0350716 -0.0167171 15.1912
-0.0180907 0.0682649 -0.997503 -290.351 -0.0336606 0.997059 0.068845 13.194 0.99927 0.034822 -0.0157397 15.1606
-0.0188693 0.0656069 -0.997667 -291.563 -0.0341141 0.997222 0.0662228 13.2481 0.99924 0.0352841 -0.0165788 15.1318
-0.0191661 0.0645093 -0.997733 -292.772 -0.0363297 0.997212 0.0651735 13.3018 0.999156 0.0374964 -0.0167691 15.1018
-0.0199313 0.0642141 -0.997737 -293.985 -0.0392892 0.997114 0.0649589 13.3601 0.999029 0.040495 -0.0173509 15.0726
-0.0198524 0.0653817 -0.997663 -295.192 -0.0419722 0.996925 0.0661686 13.4173 0.998922 0.0431877 -0.0170472 15.033
-0.0207442 0.0666786 -0.997559 -296.436 -0.0449978 0.9967 0.0675569 13.4734 0.998772 0.0462894 -0.0176754 14.9985
-0.0209145 0.066566 -0.997563 -297.652 -0.04682 0.996621 0.0674847 13.5343 0.998684 0.0481173 -0.0177272 14.9528
-0.0211848 0.0648077 -0.997673 -298.863 -0.0466675 0.996745 0.0657383 13.5852 0.998686 0.0479515 -0.0180915 14.9219
-0.022077 0.0626767 -0.99779 -300.09 -0.0447309 0.996972 0.0636151 13.6389 0.998755 0.0460364 -0.0192066 14.8953
-0.0223482 0.062164 -0.997816 -301.316 -0.0418365 0.997133 0.0630584 13.691 0.998875 0.0431543 -0.0196834 14.866
-0.0230494 0.0640327 -0.997682 -302.542 -0.0398591 0.997094 0.0649158 13.7461 0.998939 0.041263 -0.0204302 14.8395
-0.0233214 0.0654881 -0.997581 -303.773 -0.0377694 0.997082 0.0663383 13.7983 0.999014 0.0392252 -0.0207799 14.8053
-0.0228165 0.0649849 -0.997625 -305.012 -0.0383884 0.997092 0.0658282 13.854 0.999002 0.0397992 -0.0202555 14.7606
