1.000000e+00 -1.734723e-18 -6.776264e-21 0.000000e+00 0.000000e+00 1.000000e+00 8.673617e-19 0.000000e+00 -2.168404e-19 -8.673617e-19 1.000000e+00 0.000000e+00
9.999957e-01 2.945718e-03 2.484465e-05 -1.267917e-02 -2.945755e-03 9.999943e-01 1.649286e-03 -5.377554e-03 -1.998617e-05 -1.649352e-03 9.999986e-01 5.107444e-01
9.999859e-01 5.301918e-03 -5.848025e-05 -3.259188e-02 -5.301790e-03 9.999839e-01 2.010603e-03 -3.137747e-02 6.913937e-05 -2.010265e-03 9.999980e-01 1.487771e+00
9.999815e-01 6.007431e-03 9.607822e-04 -3.547606e-02 -6.009050e-03 9.999805e-01 1.689852e-03 -5.091498e-02 -9.506119e-04 -1.695594e-03 9.999981e-01 2.270517e+00
9.999655e-01 8.188876e-03 1.362950e-03 -3.744433e-02 -8.191100e-03 9.999651e-01 1.633319e-03 -7.231087e-02 -1.349527e-03 -1.644427e-03 9.999977e-01 3.012024e+00
9.999615e-01 8.678527e-03 1.326545e-03 -5.114003e-02 -8.680487e-03 9.999612e-01 1.479099e-03 -8.938929e-02 -1.313658e-03 -1.490557e-03 9.999980e-01 3.725749e+00
9.999576e-01 8.903718e-03 2.345186e-03 -5.494792e-02 -8.909650e-03 9.999571e-01 2.530896e-03 -1.082032e-01 -2.322551e-03 -2.551684e-03 9.999940e-01 4.432370e+00
9.999444e-01 1.024468e-02 2.483252e-03 -4.370281e-02 -1.025684e-02 9.999352e-01 4.937552e-03 -1.234051e-01 -2.432508e-03 -4.962748e-03 9.999847e-01 5.126126e+00
9.999476e-01 9.452404e-03 3.918965e-03 -5.352737e-02 -9.487144e-03 9.999150e-01 8.942722e-03 -1.335028e-01 -3.834102e-03 -8.979434e-03 9.999523e-01 5.783150e+00
9.999528e-01 8.612575e-03 4.497219e-03 -4.958548e-02 -8.666179e-03 9.998900e-01 1.203895e-02 -1.458225e-01 -4.393038e-03 -1.207735e-02 9.999174e-01 6.413560e+00
9.999542e-01 8.011778e-03 5.226988e-03 -5.331519e-02 -8.085641e-03 9.998655e-01 1.426622e-02 -1.588564e-01 -5.111988e-03 -1.430783e-02 9.998846e-01 7.020020e+00
9.999432e-01 8.129509e-03 6.899509e-03 -6.215220e-02 -8.230287e-03 9.998580e-01 1.470597e-02 -1.721361e-01 -6.778977e-03 -1.476192e-02 9.998681e-01 7.610991e+00
9.999278e-01 9.188835e-03 7.741637e-03 -6.259986e-02 -9.285898e-03 9.998775e-01 1.259636e-02 -1.827876e-01 -7.624944e-03 -1.266734e-02 9.998907e-01 8.142601e+00
9.999190e-01 9.031938e-03 8.964248e-03 -5.560345e-02 -9.118444e-03 9.999118e-01 9.656530e-03 -1.870284e-01 -8.876241e-03 -9.737488e-03 9.999132e-01 8.690802e+00
9.999181e-01 8.099241e-03 9.908170e-03 -5.011439e-02 -8.179984e-03 9.999334e-01 8.135900e-03 -1.955426e-01 -9.841617e-03 -8.216283e-03 9.999178e-01 9.194075e+00
9.999161e-01 4.111321e-03 1.228206e-02 -4.327539e-02 -4.192125e-03 9.999697e-01 6.560453e-03 -2.105233e-01 -1.225472e-02 -6.611391e-03 9.999031e-01 9.663090e+00
9.999050e-01 2.525864e-03 1.355297e-02 -3.689496e-02 -2.594774e-03 9.999838e-01 5.069328e-03 -2.268642e-01 -1.353995e-02 -5.104013e-03 9.998953e-01 1.009642e+01
9.998483e-01 6.830175e-03 1.602238e-02 -4.341976e-02 -6.881727e-03 9.999713e-01 3.164586e-03 -2.423916e-01 -1.600030e-02 -3.274368e-03 9.998666e-01 1.051694e+01
9.997592e-01 9.876219e-03 1.959453e-02 -4.757662e-02 -9.932900e-03 9.999468e-01 2.797446e-03 -2.443757e-01 -1.956586e-02 -2.991403e-03 9.998041e-01 1.089538e+01
9.996875e-01 1.122975e-02 2.233282e-02 -3.350025e-02 -1.129462e-02 9.999323e-01 2.780588e-03 -2.444811e-01 -2.230008e-02 -3.031960e-03 9.997467e-01 1.124351e+01
9.996369e-01 7.615241e-03 2.584866e-02 -1.928612e-02 -7.712330e-03 9.999636e-01 3.658437e-03 -2.497501e-01 -2.581986e-02 -3.856462e-03 9.996592e-01 1.156373e+01
9.996001e-01 2.302519e-03 2.818551e-02 4.755377e-03 -2.409896e-03 9.999900e-01 3.776280e-03 -2.633236e-01 -2.817654e-02 -3.842694e-03 9.995956e-01 1.184698e+01
9.995195e-01 -3.414251e-04 3.099357e-02 2.015187e-02 1.888173e-04 9.999878e-01 4.926649e-03 -2.788981e-01 -3.099488e-02 -4.918429e-03 9.995074e-01 1.212483e+01
9.994626e-01 -2.286438e-03 3.270134e-02 4.227204e-02 2.094497e-03 9.999804e-01 5.902570e-03 -2.846215e-01 -3.271419e-02 -5.830905e-03 9.994477e-01 1.234415e+01
9.993732e-01 -1.096245e-03 3.538491e-02 2.670866e-02 9.132173e-04 9.999861e-01 5.188220e-03 -2.841974e-01 -3.539011e-02 -5.152653e-03 9.993603e-01 1.254050e+01
9.993112e-01 -2.619344e-04 3.710908e-02 3.336816e-02 1.067930e-04 9.999912e-01 4.182606e-03 -2.926219e-01 -3.710986e-02 -4.175762e-03 9.993025e-01 1.271256e+01
9.992038e-01 2.168612e-03 3.983916e-02 3.379516e-02 -2.293426e-03 9.999926e-01 3.087514e-03 -2.975859e-01 -3.983217e-02 -3.176424e-03 9.992013e-01 1.287963e+01
9.991201e-01 4.464460e-03 4.170362e-02 3.748574e-02 -4.581828e-03 9.999858e-01 2.719184e-03 -3.070217e-01 -4.169089e-02 -2.907870e-03 9.991263e-01 1.305783e+01
9.990714e-01 5.372610e-03 4.275007e-02 4.972584e-02 -5.442226e-03 9.999840e-01 1.512217e-03 -3.077651e-01 -4.274127e-02 -1.743468e-03 9.990847e-01 1.322117e+01
9.989715e-01 5.333311e-03 4.502834e-02 5.391756e-02 -5.339387e-03 9.999857e-01 1.464901e-05 -3.124735e-01 -4.502762e-02 -2.550576e-04 9.989857e-01 1.337352e+01
9.989152e-01 4.329399e-03 4.636357e-02 7.035457e-02 -4.261947e-03 9.999897e-01 -1.553600e-03 -3.198787e-01 -4.636983e-02 1.354316e-03 9.989234e-01 1.351186e+01
9.988486e-01 3.431472e-03 4.785113e-02 6.996995e-02 -3.312190e-03 9.999912e-01 -2.571833e-03 -3.249181e-01 -4.785954e-02 2.410380e-03 9.988512e-01 1.364542e+01
9.987913e-01 3.587861e-03 4.902155e-02 7.644862e-02 -3.407572e-03 9.999871e-01 -3.760848e-03 -3.279971e-01 -4.903442e-02 3.589258e-03 9.987906e-01 1.377985e+01
9.986942e-01 4.313131e-03 5.090378e-02 6.902330e-02 -4.021304e-03 9.999749e-01 -5.833948e-03 -3.286753e-01 -5.092767e-02 5.621631e-03 9.986865e-01 1.390744e+01
9.986799e-01 4.868838e-03 5.113420e-02 8.887341e-02 -4.472852e-03 9.999591e-01 -7.855649e-03 -3.304100e-01 -5.117036e-02 7.616563e-03 9.986609e-01 1.403093e+01
9.986182e-01 4.285765e-03 5.237594e-02 9.083615e-02 -3.751130e-03 9.999399e-01 -1.030168e-02 -3.341416e-01 -5.241695e-02 1.009098e-02 9.985743e-01 1.417149e+01
9.986777e-01 3.070306e-03 5.131762e-02 1.004521e-01 -2.458525e-03 9.999252e-01 -1.198034e-02 -3.399753e-01 -5.135057e-02 1.183834e-02 9.986105e-01 1.430056e+01
9.987579e-01 2.818757e-03 4.974738e-02 1.041016e-01 -2.156559e-03 9.999084e-01 -1.335987e-02 -3.435942e-01 -4.978049e-02 1.323600e-02 9.986725e-01 1.441642e+01
9.989071e-01 2.596495e-03 4.666822e-02 1.005337e-01 -1.932081e-03 9.998962e-01 -1.427645e-02 -3.460839e-01 -4.670045e-02 1.417068e-02 9.988084e-01 1.453699e+01
9.990762e-01 3.097767e-03 4.286283e-02 1.046908e-01 -2.440334e-03 9.998787e-01 -1.538190e-02 -3.490033e-01 -4.290529e-02 1.526309e-02 9.989625e-01 1.467296e+01
9.992878e-01 3.213137e-03 3.759847e-02 9.748152e-02 -2.602383e-03 9.998641e-01 -1.628181e-02 -3.506001e-01 -3.764568e-02 1.617237e-02 9.991603e-01 1.479732e+01
9.995244e-01 3.198444e-03 3.067075e-02 9.776169e-02 -2.678082e-03 9.998520e-01 -1.699219e-02 -3.568687e-01 -3.072057e-02 1.690197e-02 9.993851e-01 1.490934e+01
9.997149e-01 3.156142e-03 2.366878e-02 9.123156e-02 -2.735129e-03 9.998378e-01 -1.779903e-02 -3.604876e-01 -2.372112e-02 1.772922e-02 9.995614e-01 1.504053e+01
9.998740e-01 3.312385e-03 1.552666e-02 8.505917e-02 -3.018081e-03 9.998161e-01 -1.894005e-02 -3.626400e-01 -1.558654e-02 1.889080e-02 9.997001e-01 1.516373e+01
9.999805e-01 2.761990e-03 5.595316e-03 8.824969e-02 -2.649525e-03 9.997963e-01 -2.000869e-02 -3.626865e-01 -5.649440e-03 1.999347e-02 9.997841e-01 1.531472e+01
9.999772e-01 1.286748e-03 -6.626854e-03 6.997222e-02 -1.429918e-03 9.997647e-01 -2.164524e-02 -3.674378e-01 6.597443e-03 2.165423e-02 9.997438e-01 1.546226e+01
9.997408e-01 -9.522319e-05 -2.276621e-02 5.501708e-02 -4.403251e-04 9.997233e-01 -2.351765e-02 -3.785116e-01 2.276216e-02 2.352158e-02 9.994642e-01 1.561835e+01
9.990928e-01 5.527121e-04 -4.258322e-02 2.783194e-02 -1.594515e-03 9.997001e-01 -2.443503e-02 -3.870037e-01 4.255695e-02 2.448076e-02 9.987941e-01 1.580022e+01
9.979521e-01 1.454515e-03 -6.394902e-02 -1.408490e-02 -3.006342e-03 9.997032e-01 -2.417710e-02 -3.894947e-01 6.389488e-02 2.431984e-02 9.976603e-01 1.599740e+01
9.962287e-01 1.799014e-03 -8.674753e-02 -6.688230e-02 -3.817644e-03 9.997256e-01 -2.310988e-02 -3.948689e-01 8.668216e-02 2.335390e-02 9.959622e-01 1.621287e+01
9.934996e-01 2.823439e-03 -1.138004e-01 -1.153427e-01 -5.323581e-03 9.997510e-01 -2.167162e-02 -4.008541e-01 1.137109e-01 2.213658e-02 9.932672e-01 1.644041e+01
9.895665e-01 3.616542e-03 -1.440318e-01 -1.828190e-01 -6.540274e-03 9.997820e-01 -1.983091e-02 -4.102463e-01 1.439286e-01 2.056601e-02 9.893743e-01 1.667048e+01
9.842077e-01 4.394948e-03 -1.769630e-01 -2.382705e-01 -7.431506e-03 9.998362e-01 -1.650015e-02 -4.150699e-01 1.768615e-01 1.755468e-02 9.840792e-01 1.691886e+01
9.768549e-01 5.449640e-03 -2.138335e-01 -3.288958e-01 -8.310911e-03 9.998875e-01 -1.248414e-02 -4.201861e-01 2.137414e-01 1.397234e-02 9.767903e-01 1.719702e+01
9.674895e-01 7.163839e-03 -2.528095e-01 -4.313534e-01 -9.344894e-03 9.999287e-01 -7.427563e-03 -4.283141e-01 2.527383e-01 9.548568e-03 9.674876e-01 1.745759e+01
9.555996e-01 1.072603e-02 -2.944730e-01 -5.697779e-01 -1.196166e-02 9.999256e-01 -2.395209e-03 -4.308191e-01 2.944254e-01 5.811247e-03 9.556568e-01 1.771484e+01
9.415919e-01 1.500920e-02 -3.364216e-01 -7.239397e-01 -1.502941e-02 9.998838e-01 2.544075e-03 -4.321404e-01 3.364207e-01 2.660739e-03 9.417080e-01 1.800916e+01
9.253711e-01 1.719998e-02 -3.786720e-01 -8.749153e-01 -1.551119e-02 9.998515e-01 7.509979e-03 -4.333248e-01 3.787450e-01 -1.075865e-03 9.255004e-01 1.828109e+01
9.059635e-01 2.131133e-02 -4.228191e-01 -1.044517e+00 -1.662697e-02 9.997527e-01 1.476432e-02 -4.363206e-01 4.230292e-01 -6.345741e-03 9.060938e-01 1.857450e+01
8.844084e-01 2.508602e-02 -4.660391e-01 -1.256802e+00 -1.699925e-02 9.996233e-01 2.154817e-02 -4.383944e-01 4.664042e-01 -1.113507e-02 8.845017e-01 1.888417e+01
8.602747e-01 2.960471e-02 -5.089706e-01 -1.488926e+00 -1.901302e-02 9.994811e-01 2.599940e-02 -4.338460e-01 5.094762e-01 -1.268956e-02 8.603912e-01 1.914185e+01
8.321863e-01 3.373951e-02 -5.534687e-01 -1.730510e+00 -2.079555e-02 9.993439e-01 2.965226e-02 -4.300988e-01 5.541061e-01 -1.316652e-02 8.323420e-01 1.940720e+01
8.021667e-01 3.719108e-02 -5.959408e-01 -1.989037e+00 -2.304762e-02 9.992431e-01 3.133684e-02 -4.209305e-01 5.966552e-01 -1.140235e-02 8.024167e-01 1.968387e+01
7.687777e-01 4.078961e-02 -6.382139e-01 -2.298649e+00 -2.449409e-02 9.991097e-01 3.435021e-02 -4.110038e-01 6.390468e-01 -1.077521e-02 7.690924e-01 1.994916e+01
7.321924e-01 4.444967e-02 -6.796459e-01 -2.625990e+00 -2.548744e-02 9.989574e-01 3.787505e-02 -3.982232e-01 6.806208e-01 -1.040939e-02 7.325619e-01 2.022753e+01
6.938770e-01 4.612186e-02 -7.186149e-01 -2.935513e+00 -2.357092e-02 9.988667e-01 4.134936e-02 -3.854325e-01 7.197077e-01 -1.175296e-02 6.941778e-01 2.047048e+01
6.529482e-01 4.662587e-02 -7.559660e-01 -3.304680e+00 -2.148010e-02 9.988419e-01 4.305283e-02 -3.708608e-01 7.570979e-01 -1.187305e-02 6.531936e-01 2.072756e+01
6.111030e-01 4.564616e-02 -7.902338e-01 -3.693176e+00 -1.615276e-02 9.988471e-01 4.520502e-02 -3.593093e-01 7.913863e-01 -1.486046e-02 6.111358e-01 2.098144e+01
5.669734e-01 4.620796e-02 -8.224390e-01 -4.099852e+00 -1.179321e-02 9.987784e-01 4.798542e-02 -3.527914e-01 8.236517e-01 -1.750726e-02 5.668257e-01 2.119569e+01
5.199701e-01 4.743780e-02 -8.528661e-01 -4.520738e+00 -9.985319e-03 9.987260e-01 4.946298e-02 -3.288541e-01 8.541261e-01 -1.720313e-02 5.197814e-01 2.142684e+01
4.711318e-01 4.714871e-02 -8.808018e-01 -4.984613e+00 -8.357131e-03 9.987642e-01 4.899301e-02 -2.995267e-01 8.820233e-01 -1.572119e-02 4.709436e-01 2.161057e+01
4.190359e-01 4.714177e-02 -9.067450e-01 -5.470374e+00 -4.275768e-03 9.987426e-01 4.994877e-02 -2.835065e-01 9.079596e-01 -1.705330e-02 4.187106e-01 2.178856e+01
3.665353e-01 4.612157e-02 -9.292602e-01 -5.992003e+00 1.239230e-03 9.987455e-01 5.005910e-02 -2.674315e-01 9.304034e-01 -1.950000e-02 3.660183e-01 2.193975e+01
3.125162e-01 4.603969e-02 -9.487960e-01 -6.490681e+00 3.515903e-03 9.987619e-01 4.962232e-02 -2.565310e-01 9.499060e-01 -1.884365e-02 3.119674e-01 2.207098e+01
2.591827e-01 5.028696e-02 -9.645183e-01 -7.054022e+00 4.875531e-03 9.985628e-01 5.337208e-02 -2.228793e-01 9.658160e-01 -1.853566e-02 2.585650e-01 2.218376e+01
2.081593e-01 5.492503e-02 -9.765515e-01 -7.650636e+00 7.445695e-03 9.983041e-01 5.773558e-02 -1.761873e-01 9.780666e-01 -1.928931e-02 2.073973e-01 2.227938e+01
1.606880e-01 5.786417e-02 -9.853076e-01 -8.246507e+00 1.268378e-02 9.980765e-01 6.068257e-02 -1.593377e-01 9.869238e-01 -2.224838e-02 1.596450e-01 2.233921e+01
1.146886e-01 5.942502e-02 -9.916225e-01 -8.869696e+00 1.545866e-02 9.979816e-01 6.159401e-02 -1.436608e-01 9.932813e-01 -2.239329e-02 1.135384e-01 2.239701e+01
7.536571e-02 5.743664e-02 -9.955004e-01 -9.501928e+00 1.655471e-02 9.981301e-01 5.884166e-02 -1.144248e-01 9.970186e-01 -2.091487e-02 7.427394e-02 2.239809e+01
3.875848e-02 5.439239e-02 -9.977671e-01 -1.016500e+01 1.287591e-02 9.984073e-01 5.492746e-02 -8.185845e-02 9.991657e-01 -1.497607e-02 3.799640e-02 2.241227e+01
1.052352e-02 5.387888e-02 -9.984920e-01 -1.082305e+01 1.081957e-02 9.984827e-01 5.399241e-02 -4.452184e-02 9.998861e-01 -1.137144e-02 9.924613e-03 2.237943e+01
-1.249202e-02 5.755851e-02 -9.982639e-01 -1.152321e+01 1.029135e-02 9.982964e-01 5.743159e-02 -3.377391e-03 9.998691e-01 -9.556047e-03 -1.306309e-02 2.233737e+01
-2.493804e-02 6.296867e-02 -9.977038e-01 -1.226143e+01 1.097163e-02 9.979714e-01 6.271132e-02 3.910198e-02 9.996288e-01 -9.382537e-03 -2.557832e-02 2.231434e+01
-3.217414e-02 6.601090e-02 -9.973000e-01 -1.302066e+01 1.197545e-02 9.977705e-01 6.565569e-02 7.521266e-02 9.994106e-01 -9.830700e-03 -3.289292e-02 2.227410e+01
-3.677767e-02 6.416054e-02 -9.972616e-01 -1.377893e+01 1.245973e-02 9.978887e-01 6.374138e-02 1.081625e-01 9.992458e-01 -1.008135e-02 -3.749944e-02 2.224501e+01
-3.627473e-02 5.947513e-02 -9.975704e-01 -1.455245e+01 1.881203e-02 9.980912e-01 5.882211e-02 1.618963e-01 9.991648e-01 -1.663257e-02 -3.732433e-02 2.221511e+01
-3.189849e-02 5.887444e-02 -9.977556e-01 -1.537185e+01 2.897843e-02 9.978984e-01 5.795642e-02 1.848505e-01 9.990710e-01 -2.706466e-02 -3.353754e-02 2.218124e+01
-2.582954e-02 5.811952e-02 -9.979754e-01 -1.619998e+01 3.225559e-02 9.978371e-01 5.727663e-02 2.136985e-01 9.991459e-01 -3.071086e-02 -2.764836e-02 2.217254e+01
-2.117746e-02 5.657927e-02 -9.981734e-01 -1.705565e+01 3.036439e-02 9.979732e-01 5.592370e-02 2.720861e-01 9.993146e-01 -2.912461e-02 -2.285253e-02 2.214236e+01
-1.848754e-02 5.243972e-02 -9.984529e-01 -1.792456e+01 3.386826e-02 9.980834e-01 5.179320e-02 3.064370e-01 9.992553e-01 -3.285833e-02 -2.022815e-02 2.213084e+01
-1.615785e-02 4.199968e-02 -9.989869e-01 -1.880281e+01 3.138387e-02 9.986464e-01 4.147775e-02 3.164063e-01 9.993768e-01 -3.068189e-02 -1.745408e-02 2.212689e+01
-1.494633e-02 3.264134e-02 -9.993553e-01 -1.970692e+01 2.486247e-02 9.991701e-01 3.226344e-02 3.521985e-01 9.995792e-01 -2.436422e-02 -1.574547e-02 2.210651e+01
-1.606312e-02 3.016941e-02 -9.994157e-01 -2.060686e+01 1.852624e-02 9.993821e-01 2.987064e-02 3.779715e-01 9.996994e-01 -1.803560e-02 -1.661212e-02 2.208163e+01
-2.028976e-02 3.429540e-02 -9.992057e-01 -2.155545e+01 9.564769e-03 9.993724e-01 3.410690e-02 4.016919e-01 9.997484e-01 -8.865152e-03 -2.060505e-02 2.204425e+01
-2.436122e-02 4.327251e-02 -9.987662e-01 -2.251980e+01 4.472471e-03 9.990575e-01 4.317604e-02 4.365531e-01 9.996933e-01 -3.415133e-03 -2.453180e-02 2.200840e+01
-2.889759e-02 5.271346e-02 -9.981914e-01 -2.352568e+01 2.337509e-03 9.986093e-01 5.266785e-02 4.844809e-01 9.995797e-01 -8.113087e-04 -2.898062e-02 2.195699e+01
-3.098811e-02 6.255679e-02 -9.975602e-01 -2.453063e+01 1.315233e-03 9.980412e-01 6.254610e-02 5.228824e-01 9.995189e-01 6.261605e-04 -3.100969e-02 2.191421e+01
-3.188537e-02 7.052285e-02 -9.970004e-01 -2.553736e+01 3.572318e-03 9.975093e-01 7.044460e-02 5.825034e-01 9.994852e-01 -1.315451e-03 -3.205788e-02 2.188793e+01
-3.304612e-02 7.298153e-02 -9.967856e-01 -2.659058e+01 4.424875e-03 9.973313e-01 7.287478e-02 6.248922e-01 9.994441e-01 -2.002424e-03 -3.328086e-02 2.184845e+01
-3.403912e-02 7.019824e-02 -9.969521e-01 -2.759131e+01 3.384259e-03 9.975326e-01 7.012356e-02 6.792613e-01 9.994148e-01 -9.870009e-04 -3.419270e-02 2.180677e+01
-3.799776e-02 6.523223e-02 -9.971463e-01 -2.861352e+01 -1.538956e-03 9.978620e-01 6.533769e-02 7.301450e-01 9.992767e-01 4.017249e-03 -3.781613e-02 2.174694e+01
-4.152270e-02 6.017588e-02 -9.973237e-01 -2.964981e+01 -1.254230e-03 9.981807e-01 6.027980e-02 7.738506e-01 9.991368e-01 3.753852e-03 -4.137168e-02 2.171957e+01
-4.629744e-02 5.542107e-02 -9.973891e-01 -3.067467e+01 9.717613e-04 9.984618e-01 5.543557e-02 8.088565e-01 9.989273e-01 1.597300e-03 -4.628008e-02 2.165744e+01
-5.356812e-02 5.306581e-02 -9.971531e-01 -3.172467e+01 -1.785922e-03 9.985803e-01 5.323769e-02 8.535433e-01 9.985626e-01 4.632680e-03 -5.339729e-02 2.158837e+01
-6.026519e-02 5.528401e-02 -9.966502e-01 -3.275841e+01 1.752303e-04 9.984657e-01 5.537412e-02 8.924625e-01 9.981824e-01 3.162488e-03 -6.018241e-02 2.149414e+01
-6.745213e-02 5.968336e-02 -9.959358e-01 -3.383632e+01 -2.001111e-03 9.981991e-01 5.995453e-02 9.374107e-01 9.977205e-01 6.037038e-03 -6.721122e-02 2.141150e+01
-7.411528e-02 6.306913e-02 -9.952533e-01 -3.489501e+01 -2.596889e-03 9.979826e-01 6.343547e-02 9.801956e-01 9.972463e-01 7.286099e-03 -7.380197e-02 2.131382e+01
-7.729716e-02 6.532300e-02 -9.948658e-01 -3.595461e+01 -6.461373e-03 9.977975e-01 6.601752e-02 1.037219e+00 9.969872e-01 1.153117e-02 -7.670484e-02 2.121580e+01
-8.159296e-02 6.688959e-02 -9.944186e-01 -3.703235e+01 -1.052935e-02 9.976318e-01 6.796968e-02 1.088761e+00 9.966102e-01 1.601643e-02 -8.069543e-02 2.111519e+01
-8.191801e-02 6.797634e-02 -9.943181e-01 -3.810126e+01 -1.462540e-02 9.974819e-01 6.939756e-02 1.144953e+00 9.965318e-01 2.022721e-02 -8.071755e-02 2.101740e+01
-8.455521e-02 6.816461e-02 -9.940845e-01 -3.918003e+01 -1.650672e-02 9.974246e-01 6.979768e-02 1.206359e+00 9.962821e-01 2.231083e-02 -8.321227e-02 2.092650e+01
-8.592294e-02 6.779894e-02 -9.939922e-01 -4.025787e+01 -1.688736e-02 9.974394e-01 6.949385e-02 1.252842e+00 9.961587e-01 2.275702e-02 -8.455799e-02 2.080997e+01
-8.599681e-02 6.703891e-02 -9.940373e-01 -4.132669e+01 -1.757091e-02 9.974764e-01 6.879094e-02 1.299007e+00 9.961405e-01 2.338194e-02 -8.460185e-02 2.070577e+01
-8.844626e-02 6.683302e-02 -9.938363e-01 -4.240523e+01 -1.945798e-02 9.974402e-01 6.880704e-02 1.354291e+00 9.958909e-01 2.542377e-02 -8.691942e-02 2.061397e+01
-8.853525e-02 6.458432e-02 -9.939770e-01 -4.349058e+01 -2.364053e-02 9.974784e-01 6.691753e-02 1.410959e+00 9.957925e-01 2.942271e-02 -8.678519e-02 2.049255e+01
-8.830039e-02 5.973945e-02 -9.943008e-01 -4.457263e+01 -2.815526e-02 9.976514e-01 6.244113e-02 1.461517e+00 9.956959e-01 3.350837e-02 -8.641103e-02 2.036931e+01
-8.858146e-02 5.828969e-02 -9.943619e-01 -4.567689e+01 -3.194306e-02 9.976065e-01 6.132549e-02 1.509417e+00 9.955567e-01 3.719526e-02 -8.650749e-02 2.027403e+01
-8.627403e-02 6.287217e-02 -9.942856e-01 -4.678721e+01 -3.235800e-02 9.973034e-01 6.587070e-02 1.560328e+00 9.957459e-01 3.785603e-02 -8.400696e-02 2.016248e+01
-8.548009e-02 6.595955e-02 -9.941541e-01 -4.789572e+01 -3.189013e-02 9.971139e-01 6.889792e-02 1.620226e+00 9.958294e-01 3.759310e-02 -8.312992e-02 2.006047e+01
-8.318093e-02 6.639981e-02 -9.943198e-01 -4.899450e+01 -3.007368e-02 9.971560e-01 6.910505e-02 1.674953e+00 9.960806e-01 3.565108e-02 -8.094747e-02 1.997162e+01
-8.097179e-02 6.525361e-02 -9.945780e-01 -5.010899e+01 -2.984098e-02 9.972486e-01 6.785827e-02 1.730396e+00 9.962696e-01 3.517379e-02 -7.880177e-02 1.988634e+01
-7.737056e-02 6.552500e-02 -9.948468e-01 -5.121010e+01 -3.278028e-02 9.971313e-01 6.822483e-02 1.780712e+00 9.964634e-01 3.788995e-02 -7.500068e-02 1.977664e+01
-7.147062e-02 6.641424e-02 -9.952291e-01 -5.233159e+01 -3.796773e-02 9.968765e-01 6.925076e-02 1.847170e+00 9.967199e-01 4.273598e-02 -6.872579e-02 1.968664e+01
-6.689335e-02 6.650707e-02 -9.955411e-01 -5.346833e+01 -4.149242e-02 9.967274e-01 6.937432e-02 1.905326e+00 9.968971e-01 4.594809e-02 -6.391490e-02 1.958501e+01
-5.975459e-02 6.612230e-02 -9.960207e-01 -5.459065e+01 -4.335226e-02 9.966903e-01 6.876760e-02 1.957996e+00 9.972713e-01 4.728893e-02 -5.669027e-02 1.951176e+01
-5.475349e-02 6.531974e-02 -9.963610e-01 -5.571709e+01 -4.318830e-02 9.967692e-01 6.771984e-02 2.018464e+00 9.975655e-01 4.673904e-02 -5.175555e-02 1.943667e+01
-4.888459e-02 6.560342e-02 -9.966476e-01 -5.684875e+01 -4.252850e-02 9.967989e-01 6.769936e-02 2.067798e+00 9.978986e-01 4.569538e-02 -4.593809e-02 1.936990e+01
-4.371642e-02 6.567565e-02 -9.968829e-01 -5.798886e+01 -4.113233e-02 9.968725e-01 6.747874e-02 2.120879e+00 9.981969e-01 4.395404e-02 -4.087831e-02 1.932809e+01
-3.815568e-02 6.840749e-02 -9.969275e-01 -5.912647e+01 -3.891827e-02 9.967954e-01 6.988795e-02 2.175965e+00 9.985137e-01 4.146531e-02 -3.537110e-02 1.927309e+01
-3.284846e-02 6.824946e-02 -9.971273e-01 -6.026069e+01 -4.050163e-02 9.967554e-01 6.955825e-02 2.240765e+00 9.986394e-01 4.267016e-02 -2.997767e-02 1.921600e+01
-2.677620e-02 6.839690e-02 -9.972988e-01 -6.143046e+01 -4.029434e-02 9.967718e-01 6.944262e-02 2.301663e+00 9.988291e-01 4.204490e-02 -2.393375e-02 1.918565e+01
-2.210544e-02 6.455338e-02 -9.976693e-01 -6.258281e+01 -4.024420e-02 9.970469e-01 6.540480e-02 2.359489e+00 9.989454e-01 4.159620e-02 -1.944226e-02 1.916283e+01
-1.811390e-02 5.993141e-02 -9.980381e-01 -6.371884e+01 -4.002597e-02 9.973583e-01 6.061704e-02 2.399358e+00 9.990345e-01 4.104545e-02 -1.566723e-02 1.912644e+01
-1.446907e-02 5.843572e-02 -9.981863e-01 -6.486737e+01 -4.154776e-02 9.973935e-01 5.899156e-02 2.445499e+00 9.990318e-01 4.232596e-02 -1.200348e-02 1.910517e+01
-1.075130e-02 6.012304e-02 -9.981330e-01 -6.604688e+01 -3.931982e-02 9.973933e-01 6.050201e-02 2.492095e+00 9.991689e-01 3.989689e-02 -8.359250e-03 1.908859e+01
-7.736029e-03 6.116066e-02 -9.980979e-01 -6.721753e+01 -3.901474e-02 9.973494e-01 6.141719e-02 2.546172e+00 9.992087e-01 3.941566e-02 -5.329355e-03 1.907530e+01
-6.529532e-03 6.092493e-02 -9.981210e-01 -6.839136e+01 -4.028731e-02 9.973159e-01 6.113934e-02 2.601435e+00 9.991668e-01 4.061082e-02 -4.057502e-03 1.905116e+01
-5.837974e-03 6.135513e-02 -9.980989e-01 -6.955120e+01 -4.252920e-02 9.971976e-01 6.154849e-02 2.654530e+00 9.990782e-01 4.280767e-02 -3.212227e-03 1.903786e+01
-5.108251e-03 6.134629e-02 -9.981034e-01 -7.073135e+01 -4.285126e-02 9.971862e-01 6.150922e-02 2.700014e+00 9.990684e-01 4.308419e-02 -2.465110e-03 1.903257e+01
-3.545066e-03 6.061031e-02 -9.981552e-01 -7.189807e+01 -4.314152e-02 9.972229e-01 6.070692e-02 2.750107e+00 9.990627e-01 4.327714e-02 -9.203988e-04 1.901731e+01
-2.349205e-03 5.908714e-02 -9.982500e-01 -7.306672e+01 -4.305433e-02 9.973212e-01 5.913348e-02 2.798615e+00 9.990700e-01 4.311790e-02 2.010467e-04 1.900728e+01
-2.787752e-03 5.847126e-02 -9.982852e-01 -7.425379e+01 -3.969936e-02 9.974956e-01 5.853588e-02 2.842919e+00 9.992078e-01 3.979447e-02 -4.594971e-04 1.901580e+01
-2.059892e-03 5.963611e-02 -9.982180e-01 -7.543355e+01 -3.616610e-02 9.975627e-01 5.967159e-02 2.885882e+00 9.993437e-01 3.622457e-02 1.019361e-04 1.900289e+01
-2.085218e-03 6.195057e-02 -9.980770e-01 -7.663007e+01 -3.599224e-02 9.974279e-01 6.198547e-02 2.934250e+00 9.993499e-01 3.605228e-02 1.498871e-04 1.900946e+01
-2.348223e-03 6.469418e-02 -9.979023e-01 -7.782511e+01 -3.722373e-02 9.972079e-01 6.473675e-02 2.995581e+00 9.993042e-01 3.729766e-02 6.649423e-05 1.899209e+01
-1.567647e-03 6.627714e-02 -9.978000e-01 -7.899746e+01 -3.974449e-02 9.970087e-01 6.628702e-02 3.043236e+00 9.992087e-01 3.976096e-02 1.071195e-03 1.897338e+01
-1.365847e-03 6.428170e-02 -9.979308e-01 -8.017296e+01 -4.075188e-02 9.970992e-01 6.428391e-02 3.100470e+00 9.991684e-01 4.075536e-02 1.257717e-03 1.897375e+01
-7.191864e-04 6.202178e-02 -9.980745e-01 -8.133298e+01 -4.079608e-02 9.972421e-01 6.199945e-02 3.147790e+00 9.991673e-01 4.076212e-02 1.813044e-03 1.896549e+01
-2.575470e-04 6.132781e-02 -9.981176e-01 -8.250928e+01 -3.973387e-02 9.973288e-01 6.128959e-02 3.192702e+00 9.992103e-01 3.967486e-02 2.179933e-03 1.896234e+01
-9.081354e-04 6.269148e-02 -9.980325e-01 -8.368360e+01 -3.745193e-02 9.973306e-01 6.268147e-02 3.237961e+00 9.992981e-01 3.743517e-02 1.442208e-03 1.895717e+01
-7.771315e-04 6.499406e-02 -9.978853e-01 -8.486793e+01 -3.756553e-02 9.971794e-01 6.497734e-02 3.288568e+00 9.992939e-01 3.753658e-02 1.666598e-03 1.894960e+01
4.284337e-04 6.713399e-02 -9.977438e-01 -8.604251e+01 -3.754212e-02 9.970417e-01 6.707063e-02 3.339924e+00 9.992950e-01 3.742868e-02 2.947520e-03 1.895249e+01
-2.840969e-04 6.762451e-02 -9.977108e-01 -8.722367e+01 -3.867279e-02 9.969637e-01 6.758489e-02 3.399755e+00 9.992519e-01 3.860346e-02 2.331996e-03 1.894242e+01
6.514210e-04 6.685664e-02 -9.977623e-01 -8.838066e+01 -3.843507e-02 9.970270e-01 6.678227e-02 3.453159e+00 9.992609e-01 3.830556e-02 3.219125e-03 1.893599e+01
8.205703e-05 6.526575e-02 -9.978679e-01 -8.954145e+01 -3.729837e-02 9.971738e-01 6.521728e-02 3.500920e+00 9.993042e-01 3.721349e-02 2.516132e-03 1.893089e+01
6.687019e-04 6.596997e-02 -9.978213e-01 -9.071234e+01 -3.608221e-02 9.971734e-01 6.590295e-02 3.546706e+00 9.993486e-01 3.595953e-02 3.047156e-03 1.892665e+01
1.197201e-03 6.860318e-02 -9.976433e-01 -9.188096e+01 -3.428720e-02 9.970602e-01 6.852194e-02 3.599935e+00 9.994113e-01 3.412436e-02 3.545894e-03 1.893324e+01
1.570397e-03 7.096189e-02 -9.974777e-01 -9.304080e+01 -3.113346e-02 9.969989e-01 7.087881e-02 3.661886e+00 9.995140e-01 3.094362e-02 3.774975e-03 1.893059e+01
1.961064e-03 7.271222e-02 -9.973510e-01 -9.418822e+01 -3.208620e-02 9.968440e-01 7.261216e-02 3.722125e+00 9.994832e-01 3.185881e-02 4.287935e-03 1.892606e+01
2.517639e-03 7.466526e-02 -9.972054e-01 -9.534830e+01 -3.434042e-02 9.966269e-01 7.453524e-02 3.783463e+00 9.994071e-01 3.405680e-02 5.073185e-03 1.890607e+01
1.497535e-03 7.432187e-02 -9.972331e-01 -9.651976e+01 -3.571692e-02 9.966020e-01 7.422119e-02 3.845952e+00 9.993609e-01 3.550695e-02 4.146997e-03 1.890197e+01
2.682158e-03 7.081447e-02 -9.974859e-01 -9.765715e+01 -3.822706e-02 9.967677e-01 7.066069e-02 3.903487e+00 9.992655e-01 3.794143e-02 5.380519e-03 1.889497e+01
2.357642e-03 6.956420e-02 -9.975746e-01 -9.881481e+01 -4.143270e-02 9.967276e-01 6.940721e-02 3.958436e+00 9.991386e-01 4.116857e-02 5.232161e-03 1.888398e+01
2.636560e-03 6.785188e-02 -9.976919e-01 -9.997748e+01 -4.143112e-02 9.968461e-01 6.768487e-02 4.014177e+00 9.991379e-01 4.115704e-02 5.439425e-03 1.888677e+01
3.677034e-03 6.827804e-02 -9.976595e-01 -1.011181e+02 -3.953391e-02 9.968963e-01 6.808009e-02 4.062738e+00 9.992115e-01 3.919105e-02 6.364921e-03 1.887962e+01
2.908297e-03 6.955788e-02 -9.975736e-01 -1.022738e+02 -3.914863e-02 9.968211e-01 6.939127e-02 4.124721e+00 9.992292e-01 3.885184e-02 5.622149e-03 1.887834e+01
3.256191e-03 7.198664e-02 -9.974002e-01 -1.034529e+02 -3.742176e-02 9.967157e-01 7.181506e-02 4.180259e+00 9.992943e-01 3.709063e-02 5.939365e-03 1.888535e+01
2.811752e-03 7.193570e-02 -9.974053e-01 -1.045980e+02 -3.966199e-02 9.966325e-01 7.176815e-02 4.250104e+00 9.992092e-01 3.935729e-02 5.655398e-03 1.888366e+01
1.811373e-03 7.217468e-02 -9.973903e-01 -1.057481e+02 -4.462423e-02 9.964043e-01 7.202228e-02 4.318766e+00 9.990022e-01 4.437732e-02 5.025600e-03 1.888051e+01
2.511788e-03 7.178544e-02 -9.974169e-01 -1.069265e+02 -4.731858e-02 9.963113e-01 7.158671e-02 4.385671e+00 9.988767e-01 4.701654e-02 5.899310e-03 1.885814e+01
2.079161e-03 6.862470e-02 -9.976403e-01 -1.081122e+02 -4.922421e-02 9.964402e-01 6.843956e-02 4.446752e+00 9.987856e-01 4.896576e-02 5.449758e-03 1.884657e+01
1.836586e-03 6.524413e-02 -9.978676e-01 -1.093044e+02 -5.023347e-02 9.966155e-01 6.506981e-02 4.500266e+00 9.987359e-01 5.000684e-02 5.107811e-03 1.885054e+01
8.797757e-04 6.360219e-02 -9.979749e-01 -1.104797e+02 -4.663534e-02 9.968921e-01 6.349207e-02 4.558197e+00 9.989116e-01 4.648504e-02 3.843153e-03 1.885799e+01
-6.903152e-05 6.290702e-02 -9.980193e-01 -1.116738e+02 -4.210057e-02 9.971343e-01 6.285414e-02 4.613395e+00 9.991134e-01 4.202152e-02 2.579589e-03 1.885051e+01
1.493599e-04 6.460381e-02 -9.979109e-01 -1.128607e+02 -4.115348e-02 9.970660e-01 6.454295e-02 4.666833e+00 9.991529e-01 4.105786e-02 2.807595e-03 1.885311e+01
-2.071695e-03 6.845623e-02 -9.976519e-01 -1.140704e+02 -4.037096e-02 9.968351e-01 6.848401e-02 4.722860e+00 9.991827e-01 4.041804e-02 6.985065e-04 1.882903e+01
-1.821575e-03 6.861189e-02 -9.976417e-01 -1.152892e+02 -3.809988e-02 9.969143e-01 6.863142e-02 4.791734e+00 9.992723e-01 3.813505e-02 7.981519e-04 1.883846e+01
-1.899633e-03 6.568652e-02 -9.978385e-01 -1.164953e+02 -3.843403e-02 9.970982e-01 6.571096e-02 4.846542e+00 9.992594e-01 3.847578e-02 6.304782e-04 1.882948e+01
-3.379878e-03 6.189962e-02 -9.980766e-01 -1.177378e+02 -3.883280e-02 9.973214e-01 6.198429e-02 4.906514e+00 9.992400e-01 3.896761e-02 -9.670872e-04 1.881694e+01
-3.731400e-03 6.029122e-02 -9.981738e-01 -1.189793e+02 -3.775651e-02 9.974606e-01 6.038928e-02 4.962440e+00 9.992800e-01 3.791290e-02 -1.445536e-03 1.880900e+01
-4.563370e-03 6.118819e-02 -9.981158e-01 -1.202176e+02 -3.925758e-02 9.973458e-01 6.132047e-02 5.016878e+00 9.992187e-01 3.946343e-02 -2.149156e-03 1.880057e+01
-4.891160e-03 6.513784e-02 -9.978642e-01 -1.214676e+02 -4.340780e-02 9.969218e-01 6.528909e-02 5.079767e+00 9.990455e-01 4.363443e-02 -2.048612e-03 1.877571e+01
-5.548946e-03 6.901388e-02 -9.976002e-01 -1.227336e+02 -4.919348e-02 9.963889e-01 6.920371e-02 5.146481e+00 9.987739e-01 4.945943e-02 -2.133873e-03 1.876429e+01
-5.554819e-03 6.925581e-02 -9.975834e-01 -1.239958e+02 -5.613629e-02 9.960041e-01 6.945875e-02 5.213286e+00 9.984077e-01 5.638646e-02 -1.644857e-03 1.872910e+01
-5.887803e-03 6.752825e-02 -9.976999e-01 -1.252668e+02 -5.898184e-02 9.959568e-01 6.775834e-02 5.279530e+00 9.982417e-01 5.924513e-02 -1.881055e-03 1.871267e+01
-5.779235e-03 6.626133e-02 -9.977855e-01 -1.265196e+02 -6.126853e-02 9.959042e-01 6.649126e-02 5.339257e+00 9.981046e-01 6.151712e-02 -1.695828e-03 1.868552e+01
-6.703517e-03 6.573167e-02 -9.978148e-01 -1.277930e+02 -6.145273e-02 9.959242e-01 6.601998e-02 5.401591e+00 9.980875e-01 6.176101e-02 -2.636803e-03 1.867915e+01
-6.400499e-03 6.525729e-02 -9.978479e-01 -1.290437e+02 -6.071977e-02 9.960017e-01 6.552603e-02 5.453751e+00 9.981344e-01 6.100849e-02 -2.412499e-03 1.867395e+01
-7.404320e-03 6.583399e-02 -9.978031e-01 -1.303007e+02 -5.985886e-02 9.960119e-01 6.616000e-02 5.506148e+00 9.981794e-01 6.021722e-02 -3.434043e-03 1.864870e+01
-7.978193e-03 7.030546e-02 -9.974936e-01 -1.315582e+02 -5.991632e-02 9.956995e-01 7.065823e-02 5.567327e+00 9.981716e-01 6.032987e-02 -3.731437e-03 1.864096e+01
-8.223449e-03 7.410075e-02 -9.972168e-01 -1.327968e+02 -5.859493e-02 9.955013e-01 7.445647e-02 5.636006e+00 9.982480e-01 5.904414e-02 -3.844524e-03 1.862756e+01
-8.452698e-03 7.378277e-02 -9.972385e-01 -1.340637e+02 -5.820211e-02 9.955472e-01 7.415096e-02 5.706231e+00 9.982691e-01 5.866816e-02 -4.120745e-03 1.860160e+01
-7.289840e-03 7.244194e-02 -9.973459e-01 -1.353270e+02 -5.922761e-02 9.955902e-01 7.274733e-02 5.769434e+00 9.982179e-01 5.960074e-02 -2.967129e-03 1.858573e+01
-5.897515e-03 7.224123e-02 -9.973697e-01 -1.365726e+02 -5.820562e-02 9.956713e-01 7.246238e-02 5.833883e+00 9.982872e-01 5.847987e-02 -1.667140e-03 1.857326e+01
-5.306693e-03 7.129817e-02 -9.974409e-01 -1.378163e+02 -5.776625e-02 9.957675e-01 7.148588e-02 5.898013e+00 9.983161e-01 5.799777e-02 -1.165603e-03 1.856136e+01
-4.267864e-03 7.346497e-02 -9.972886e-01 -1.390520e+02 -5.824090e-02 9.955866e-01 7.358882e-02 5.963148e+00 9.982935e-01 5.839705e-02 2.963944e-05 1.854700e+01
-3.587014e-03 7.705929e-02 -9.970200e-01 -1.402960e+02 -5.851342e-02 9.953020e-01 7.713702e-02 6.031816e+00 9.982802e-01 5.861575e-02 9.388426e-04 1.853618e+01
-2.220551e-03 7.848775e-02 -9.969126e-01 -1.415347e+02 -5.964141e-02 9.951300e-01 7.848026e-02 6.103032e+00 9.982174e-01 5.963154e-02 2.471385e-03 1.851928e+01
-1.200166e-03 7.611275e-02 -9.970985e-01 -1.427730e+02 -6.259953e-02 9.951379e-01 7.603844e-02 6.173348e+00 9.980380e-01 6.250916e-02 3.570293e-03 1.851050e+01
-1.496497e-03 7.343244e-02 -9.972990e-01 -1.440098e+02 -6.210290e-02 9.953683e-01 7.338346e-02 6.240441e+00 9.980687e-01 6.204498e-02 3.070803e-03 1.850891e+01
-9.791583e-04 7.200212e-02 -9.974040e-01 -1.452623e+02 -5.951376e-02 9.956324e-01 7.193265e-02 6.303555e+00 9.982270e-01 5.942969e-02 3.310237e-03 1.849536e+01
-1.650576e-04 7.142977e-02 -9.974456e-01 -1.464908e+02 -5.740100e-02 9.958004e-01 7.132145e-02 6.361335e+00 9.983512e-01 5.726614e-02 3.935777e-03 1.849091e+01
-1.405349e-03 7.135073e-02 -9.974503e-01 -1.477312e+02 -5.569084e-02 9.958977e-01 7.131814e-02 6.426394e+00 9.984471e-01 5.564907e-02 2.574000e-03 1.849889e+01
-1.640762e-03 7.038227e-02 -9.975187e-01 -1.489555e+02 -5.252432e-02 9.961371e-01 7.037118e-02 6.481317e+00 9.986183e-01 5.250946e-02 2.062359e-03 1.848531e+01
-1.798572e-03 7.060980e-02 -9.975023e-01 -1.501898e+02 -5.206052e-02 9.961447e-01 7.060756e-02 6.546484e+00 9.986424e-01 5.205749e-02 1.884346e-03 1.847848e+01
-1.770677e-03 7.344191e-02 -9.972979e-01 -1.514169e+02 -5.028757e-02 9.960311e-01 7.343791e-02 6.606784e+00 9.987333e-01 5.028172e-02 1.929567e-03 1.846673e+01
-1.232403e-03 7.431241e-02 -9.972342e-01 -1.526504e+02 -4.667003e-02 9.961441e-01 7.428885e-02 6.673584e+00 9.989096e-01 4.663251e-02 2.240513e-03 1.846187e+01
-2.850996e-03 7.319588e-02 -9.973135e-01 -1.538826e+02 -4.479180e-02 9.963072e-01 7.325008e-02 6.736767e+00 9.989923e-01 4.488030e-02 4.381088e-04 1.845256e+01
-2.412195e-03 7.370195e-02 -9.972774e-01 -1.551034e+02 -4.614080e-02 9.962099e-01 7.373467e-02 6.804282e+00 9.989321e-01 4.619304e-02 9.976164e-04 1.844975e+01
-1.964273e-03 7.818808e-02 -9.969366e-01 -1.563420e+02 -4.682786e-02 9.958378e-01 7.819416e-02 6.866121e+00 9.989011e-01 4.683801e-02 1.705285e-03 1.843776e+01
-2.399174e-03 8.420671e-02 -9.964454e-01 -1.575660e+02 -5.016172e-02 9.951837e-01 8.422087e-02 6.949106e+00 9.987383e-01 5.018548e-02 1.836336e-03 1.841910e+01
-8.119825e-04 8.473423e-02 -9.964032e-01 -1.588087e+02 -5.513420e-02 9.948842e-01 8.464998e-02 7.029256e+00 9.984787e-01 5.500463e-02 3.863927e-03 1.841197e+01
1.883756e-04 8.233020e-02 -9.966050e-01 -1.600297e+02 -5.879510e-02 9.948820e-01 8.217674e-02 7.106685e+00 9.982701e-01 5.858001e-02 5.028025e-03 1.839634e+01
1.398917e-03 7.684522e-02 -9.970420e-01 -1.612335e+02 -6.119628e-02 9.951809e-01 7.661591e-02 7.178011e+00 9.981248e-01 6.090808e-02 6.094818e-03 1.838022e+01
2.151961e-03 7.462826e-02 -9.972091e-01 -1.624257e+02 -6.400750e-02 9.951768e-01 7.433804e-02 7.246243e+00 9.979471e-01 6.366888e-02 6.918351e-03 1.838352e+01
3.582540e-03 7.191033e-02 -9.974046e-01 -1.636762e+02 -6.068314e-02 9.955885e-01 7.156142e-02 7.310142e+00 9.981507e-01 6.026927e-02 7.930482e-03 1.839144e+01
3.555692e-03 6.752013e-02 -9.977115e-01 -1.649131e+02 -5.678495e-02 9.961216e-01 6.721015e-02 7.371694e+00 9.983801e-01 5.641602e-02 7.376030e-03 1.839012e+01
4.047024e-03 6.488771e-02 -9.978843e-01 -1.661406e+02 -5.196437e-02 9.965579e-01 6.459071e-02 7.416614e+00 9.986408e-01 5.159303e-02 7.404945e-03 1.839393e+01
3.296999e-03 6.690682e-02 -9.977537e-01 -1.673486e+02 -4.873999e-02 9.965841e-01 6.666733e-02 7.474123e+00 9.988061e-01 4.841070e-02 6.546777e-03 1.841055e+01
3.334904e-03 7.276712e-02 -9.973433e-01 -1.685637e+02 -4.731397e-02 9.962434e-01 7.252866e-02 7.532713e+00 9.988745e-01 4.694640e-02 6.765279e-03 1.839163e+01
4.226024e-03 7.606776e-02 -9.970937e-01 -1.697979e+02 -4.897903e-02 9.959216e-01 7.577075e-02 7.612151e+00 9.987909e-01 4.851647e-02 7.934516e-03 1.838937e+01
6.359263e-03 7.469108e-02 -9.971864e-01 -1.709982e+02 -5.036113e-02 9.959651e-01 7.427843e-02 7.666289e+00 9.987109e-01 4.974708e-02 1.009513e-02 1.838422e+01
8.173588e-03 7.363476e-02 -9.972517e-01 -1.722245e+02 -5.252589e-02 9.959399e-01 7.310739e-02 7.733826e+00 9.985862e-01 5.178399e-02 1.200814e-02 1.838717e+01
7.568513e-03 7.470068e-02 -9.971772e-01 -1.734437e+02 -5.128362e-02 9.959226e-01 7.421745e-02 7.802728e+00 9.986555e-01 5.057715e-02 1.136858e-02 1.839571e+01
8.638321e-03 7.373952e-02 -9.972401e-01 -1.746480e+02 -5.120664e-02 9.960015e-01 7.320437e-02 7.865096e+00 9.986508e-01 5.043295e-02 1.237974e-02 1.840005e+01
1.114360e-02 7.261753e-02 -9.972976e-01 -1.758032e+02 -5.144465e-02 9.960803e-01 7.195407e-02 7.920141e+00 9.986137e-01 5.050380e-02 1.483571e-02 1.839278e+01
1.249297e-02 7.385306e-02 -9.971908e-01 -1.769727e+02 -5.252007e-02 9.959406e-01 7.310248e-02 7.976138e+00 9.985418e-01 5.145927e-02 1.632102e-02 1.841212e+01
1.422262e-02 7.566645e-02 -9.970317e-01 -1.781134e+02 -5.239507e-02 9.958191e-01 7.482701e-02 8.030923e+00 9.985252e-01 5.117531e-02 1.812771e-02 1.842024e+01
1.388262e-02 7.723992e-02 -9.969158e-01 -1.792135e+02 -5.331770e-02 9.956507e-01 7.639942e-02 8.082744e+00 9.984811e-01 5.209264e-02 1.794049e-02 1.842831e+01
1.470240e-02 7.840564e-02 -9.968131e-01 -1.802685e+02 -5.397670e-02 9.955295e-01 7.750855e-02 8.138092e+00 9.984340e-01 5.266512e-02 1.886875e-02 1.844098e+01
1.537589e-02 7.987036e-02 -9.966866e-01 -1.813172e+02 -5.257307e-02 9.954903e-01 7.896344e-02 8.181731e+00 9.984987e-01 5.118474e-02 1.950558e-02 1.845413e+01
1.512328e-02 7.939054e-02 -9.967288e-01 -1.823392e+02 -5.348267e-02 9.954801e-01 7.847958e-02 8.237236e+00 9.984543e-01 5.212085e-02 1.930094e-02 1.846890e+01
1.711192e-02 7.971221e-02 -9.966710e-01 -1.833043e+02 -5.457872e-02 9.954052e-01 7.867391e-02 8.278519e+00 9.983629e-01 5.305077e-02 2.138389e-02 1.848067e+01
1.707313e-02 7.958014e-02 -9.966822e-01 -1.842817e+02 -5.562380e-02 9.953594e-01 7.852168e-02 8.336015e+00 9.983059e-01 5.409864e-02 2.142045e-02 1.848998e+01
1.674523e-02 7.882247e-02 -9.967480e-01 -1.852205e+02 -5.387144e-02 9.955109e-01 7.781961e-02 8.381817e+00 9.984075e-01 5.239314e-02 2.091634e-02 1.851501e+01
1.431364e-02 7.607934e-02 -9.969990e-01 -1.861387e+02 -5.203052e-02 9.958070e-01 7.524139e-02 8.421264e+00 9.985430e-01 5.079739e-02 1.821207e-02 1.852764e+01
9.556181e-03 7.299544e-02 -9.972864e-01 -1.870692e+02 -5.080718e-02 9.960793e-01 7.242023e-02 8.463776e+00 9.986628e-01 4.997725e-02 1.322741e-02 1.854014e+01
5.139835e-03 7.039260e-02 -9.975061e-01 -1.879868e+02 -5.212485e-02 9.961821e-01 7.003058e-02 8.509874e+00 9.986274e-01 5.163491e-02 8.789417e-03 1.853655e+01
1.301505e-03 6.906442e-02 -9.976113e-01 -1.888929e+02 -5.414964e-02 9.961534e-01 6.889284e-02 8.562161e+00 9.985320e-01 5.393063e-02 5.036314e-03 1.853481e+01
-2.818509e-03 6.948839e-02 -9.975787e-01 -1.898189e+02 -5.515140e-02 9.960536e-01 6.953798e-02 8.605719e+00 9.984741e-01 5.521386e-02 1.024998e-03 1.851398e+01
-3.806359e-03 7.110189e-02 -9.974618e-01 -1.907245e+02 -5.453846e-02 9.959697e-01 7.120365e-02 8.652438e+00 9.985045e-01 5.467106e-02 8.677095e-05 1.850957e+01
-5.757607e-03 7.279989e-02 -9.973299e-01 -1.916598e+02 -5.226924e-02 9.959612e-01 7.300173e-02 8.696216e+00 9.986165e-01 5.254999e-02 -1.929157e-03 1.850891e+01
-6.556320e-03 7.348086e-02 -9.972750e-01 -1.925624e+02 -5.132192e-02 9.959575e-01 7.372118e-02 8.742342e+00 9.986607e-01 5.166541e-02 -2.758635e-03 1.850764e+01
-7.528751e-03 7.285518e-02 -9.973141e-01 -1.934776e+02 -5.069880e-02 9.960319e-01 7.314424e-02 8.787098e+00 9.986857e-01 5.111331e-02 -3.805204e-03 1.849114e+01
-8.615845e-03 7.191386e-02 -9.973736e-01 -1.943827e+02 -5.163534e-02 9.960480e-01 7.226433e-02 8.827092e+00 9.986289e-01 5.212234e-02 -4.868498e-03 1.847694e+01
-8.443724e-03 7.115986e-02 -9.974291e-01 -1.952725e+02 -5.583415e-02 9.958751e-01 7.152165e-02 8.879409e+00 9.984044e-01 5.629452e-02 -4.435742e-03 1.845506e+01
-7.803159e-03 6.962150e-02 -9.975429e-01 -1.961735e+02 -5.742556e-02 9.958958e-01 6.995575e-02 8.928782e+00 9.983193e-01 5.783034e-02 -3.773078e-03 1.842703e+01
-7.122868e-03 6.726531e-02 -9.977097e-01 -1.970898e+02 -5.887584e-02 9.959760e-01 6.756875e-02 8.972091e+00 9.982399e-01 5.922227e-02 -3.133903e-03 1.841295e+01
-5.748207e-03 6.498413e-02 -9.978697e-01 -1.979838e+02 -5.889251e-02 9.961322e-01 6.521022e-02 9.013786e+00 9.982478e-01 5.914190e-02 -1.898894e-03 1.840984e+01
