1.000000000 0.000000000 0.000000000 0.000000000 0.000000000 1.000000000 0.000000000 0.000000000 0.000000000 0.000000000 1.000000000 0.000000000
0.999996722 0.002562297 -0.000022508 0.007492071 -0.002562266 0.999995828 0.001304778 -0.013136828 0.000025852 -0.001304716 0.999999106 0.723091066
0.999985397 0.005398222 0.000244662 0.001083444 -0.005398592 0.999984205 0.001543892 -0.023846356 -0.000236324 -0.001545190 0.999998748 1.476129651
0.999977887 0.006647049 0.000215632 0.008946002 -0.006647291 0.999977231 0.001144002 -0.038473133 -0.000208023 -0.001145410 0.999999344 2.188574076
0.999962330 0.008670426 0.000384345 0.010695396 -0.008670569 0.999962330 0.000368191 -0.048305098 -0.000381138 -0.000371509 0.999999881 2.917791128
0.999962449 0.008658349 0.000423861 0.015988586 -0.008658493 0.999962449 0.000337514 -0.064539000 -0.000420923 -0.000341171 0.999999881 3.615065575
0.999959052 0.008916891 0.001544639 -0.000047482 -0.008919097 0.999959171 0.001427066 -0.079278588 -0.001531851 -0.001440784 0.999997795 4.284655571
0.999947488 0.010075103 0.001849683 0.004687730 -0.010082810 0.999940336 0.004204684 -0.092446767 -0.001807211 -0.004223113 0.999989390 4.965470314
0.999951065 0.009530020 0.002640749 0.022963820 -0.009551085 0.999921739 0.008082345 -0.100119658 -0.002563517 -0.008107173 0.999963820 5.601106167
0.999945700 0.008935244 0.005362157 -0.003088806 -0.008998626 0.999888480 0.011914865 -0.110325404 -0.005255097 -0.011962470 0.999914646 6.222110748
0.999952018 0.007923540 0.005755393 0.012193048 -0.008007175 0.999860525 0.014656849 -0.129554480 -0.005638456 -0.014702229 0.999875963 6.795105457
0.999937594 0.008508581 0.007234943 0.006291632 -0.008610022 0.999863327 0.014107478 -0.128848583 -0.007113920 -0.014168890 0.999874294 7.371319771
0.999919057 0.009759485 0.008157904 0.016058754 -0.009850024 0.999889433 0.011132995 -0.132224247 -0.008048352 -0.011212450 0.999904752 7.909008026
0.999912262 0.009598706 0.009128442 0.018724523 -0.009674542 0.999918699 0.008300189 -0.135056496 -0.009048029 -0.008387774 0.999923885 8.402389526
0.999906063 0.007576515 0.011417927 0.020705208 -0.007651354 0.999949396 0.006525166 -0.139335141 -0.011367911 -0.006611917 0.999913514 8.906422615
0.999907672 0.003937866 0.013004024 0.025854200 -0.003997055 0.999981761 0.004528809 -0.154533088 -0.012985950 -0.004580369 0.999905169 9.352507591
0.999904513 0.002027280 0.013667527 0.059183680 -0.002069821 0.999993145 0.003099142 -0.157703847 -0.013661148 -0.003127136 0.999901772 9.782800674
0.999838233 0.006404935 0.016804064 0.044148013 -0.006424266 0.999978840 0.001096612 -0.166393340 -0.016796680 -0.001204388 0.999858201 10.186885834
0.999746919 0.010750156 0.019759621 0.038563192 -0.010755043 0.999942183 0.000141084 -0.172911435 -0.019756963 -0.000353564 0.999804676 10.537514687
0.999668837 0.011382103 0.023077769 0.056024984 -0.011421428 0.999933541 0.001572914 -0.188634887 -0.023058331 -0.001835974 0.999732435 10.867970467
0.999612808 0.007458367 0.026806392 0.056467116 -0.007519222 0.999969363 0.002170064 -0.193175778 -0.026789384 -0.002370787 0.999638319 11.171131134
0.999591112 0.002130775 0.028514368 0.093882233 -0.002180703 0.999996185 0.001719988 -0.192559883 -0.028510595 -0.001781466 0.999591887 11.484094620
0.999516428 -0.001308185 0.031068116 0.108512819 0.001193323 0.999992371 0.003715334 -0.206828982 -0.031072743 -0.003676463 0.999510407 11.725355148
0.999421895 -0.001703840 0.033958063 0.106879473 0.001557434 0.999989450 0.004337368 -0.209835738 -0.033965096 -0.004281973 0.999413848 11.921893120
0.999366283 -0.000691026 0.035589561 0.135678053 0.000587910 0.999995589 0.002907726 -0.207136586 -0.035591409 -0.002884959 0.999362230 12.142021179
0.999281168 0.000488099 0.037906379 0.122345805 -0.000566584 0.999997735 0.002059755 -0.217270672 -0.037905287 -0.002079752 0.999279201 12.312720299
0.999172926 0.002801707 0.040565591 0.120892167 -0.002844270 0.999995470 0.000991579 -0.219040304 -0.040562630 -0.001106138 0.999176323 12.473140717
0.999094486 0.005282352 0.042216633 0.124634564 -0.005325010 0.999985397 0.000898052 -0.231612518 -0.042211268 -0.001122043 0.999108136 12.628798485
0.999034464 0.006354128 0.043470126 0.143181354 -0.006332227 0.999979794 -0.000641463 -0.236993417 -0.043473322 0.000365581 0.999054551 12.784526825
0.998972535 0.005552147 0.044976518 0.155159265 -0.005450245 0.999982238 -0.002387956 -0.240240887 -0.044988979 0.002140370 0.998985171 12.927250862
0.998911202 0.004178242 0.046464883 0.162050337 -0.004002832 0.999984503 -0.003867493 -0.243216574 -0.046480328 0.003677291 0.998912513 13.059165955
0.998816252 0.003873169 0.048488215 0.163381130 -0.003629144 0.999980330 -0.005119705 -0.244743288 -0.048507094 0.004937673 0.998810709 13.196328163
0.998739958 0.004528987 0.049979642 0.164485514 -0.004219019 0.999971211 -0.006305629 -0.247132450 -0.050006758 0.006086819 0.998730361 13.323034286
0.998696268 0.005350778 0.050765548 0.182742894 -0.004926146 0.999951839 -0.008486018 -0.248737782 -0.050808515 0.008224875 0.998674512 13.445924759
0.998646379 0.005814909 0.051686637 0.184967339 -0.005263845 0.999927878 -0.010791385 -0.249851078 -0.051745661 0.010504706 0.998605132 13.557033539
0.998595178 0.004819936 0.052767869 0.187493205 -0.004142877 0.999907851 -0.012932761 -0.254921526 -0.052825339 0.012695981 0.998522997 13.673726082
0.998641670 0.003845870 0.051961068 0.196395934 -0.003082131 0.999886155 -0.014770461 -0.258485764 -0.052011956 0.014590248 0.998539865 13.796617508
0.998754501 0.003106982 0.049797148 0.209713608 -0.002298149 0.999864578 -0.016291589 -0.257499218 -0.049841028 0.016156856 0.998626471 13.930031776
0.998895943 0.002868524 0.046888333 0.208425343 -0.002084165 0.999857187 -0.016768578 -0.269969940 -0.046929739 0.016652342 0.998759389 14.032023430
0.999073327 0.004234946 0.042830966 0.211314440 -0.003460677 0.999829471 -0.018135328 -0.267580748 -0.042900473 0.017970297 0.998917758 14.156425476
0.999302924 0.003358709 0.037180126 0.212615937 -0.002645917 0.999812067 -0.019203948 -0.272401363 -0.037237640 0.019092189 0.999124050 14.284486771
0.999523520 0.003296765 0.030688090 0.204745084 -0.002681570 0.999795079 -0.020066325 -0.273300737 -0.030747958 0.019974472 0.999327481 14.394865036
0.999710858 0.003370199 0.023808915 0.196276650 -0.002874707 0.999779224 -0.020814884 -0.276421756 -0.023873810 0.020740425 0.999499798 14.516934395
0.999878228 0.003154124 0.015286133 0.194281608 -0.002819082 0.999756396 -0.021890270 -0.277963936 -0.015351458 0.021844510 0.999643624 14.631325722
0.999986351 0.002119332 0.004771046 0.196276218 -0.002010155 0.999738634 -0.022772791 -0.285207957 -0.004818063 0.022762889 0.999729216 14.757975578
0.999964654 0.000375526 -0.008382589 0.190819800 -0.000581971 0.999696136 -0.024639014 -0.286633104 0.008370791 0.024643028 0.999661207 14.909726143
0.999713361 -0.000234361 -0.023940135 0.163555056 -0.000396993 0.999652326 -0.026364032 -0.291272581 0.023937993 0.026365982 0.999365628 15.057207108
0.999052584 0.000223745 -0.043519575 0.139581323 -0.001420161 0.999621868 -0.027462486 -0.295109838 0.043496974 0.027498275 0.998675048 15.222417831
0.997858405 0.001104770 -0.065400653 0.107104421 -0.002884586 0.999627829 -0.027125865 -0.298461378 0.065346360 0.027256431 0.997490287 15.406894684
0.996023715 0.001537403 -0.089074537 0.074074626 -0.003823685 0.999667466 -0.025502104 -0.309062809 0.089005709 0.025741298 0.995698452 15.590872765
0.993271947 0.002233127 -0.115782961 0.025499344 -0.005068164 0.999694407 -0.024197185 -0.310037732 0.115693539 0.024621198 0.992979705 15.803185463
0.989369214 0.003201000 -0.145389780 -0.038554907 -0.006421154 0.999744177 -0.021684552 -0.324650586 0.145283177 0.022387598 0.989136815 16.014581680
0.983920157 0.003485888 -0.178574711 -0.113684893 -0.006882143 0.999806881 -0.018402746 -0.328308761 0.178476110 0.019335808 0.983754277 16.253093719
0.976448536 0.004495175 -0.215703577 -0.195606470 -0.007808737 0.999864161 -0.014511881 -0.333881289 0.215609103 0.015854478 0.976350963 16.498687744
0.966801763 0.006103420 -0.255454570 -0.284076452 -0.008773383 0.999918044 -0.009313598 -0.341246247 0.255376816 0.011245605 0.966776133 16.725629807
0.954999506 0.009112022 -0.296467364 -0.402661324 -0.010895931 0.999931097 -0.004365447 -0.342053592 0.296407163 0.007399288 0.955033004 16.993122101
0.940908253 0.013031995 -0.338410527 -0.540625095 -0.013868180 0.999903858 -0.000053022 -0.346595317 0.338377297 0.004743026 0.940998554 17.247045517
0.923923492 0.015231656 -0.382274091 -0.663761616 -0.014121834 0.999883950 0.005708981 -0.357322574 0.382316768 0.000123751 0.924031377 17.510837555
0.904948950 0.017930161 -0.425142169 -0.850638866 -0.013877505 0.999823928 0.012627704 -0.349802941 0.425293773 -0.005527514 0.905038416 17.806114197
0.883404732 0.023054430 -0.468043327 -1.027595997 -0.015638324 0.999683142 0.019724999 -0.358504236 0.468349874 -0.010105744 0.883485258 18.044466019
0.858876884 0.028057823 -0.511413097 -1.230137348 -0.018251190 0.999540806 0.024186742 -0.359760851 0.511856914 -0.011439534 0.858994603 18.301042557
0.831170082 0.031215230 -0.555141211 -1.464866161 -0.018984212 0.999433935 0.027773928 -0.360429734 0.555693984 -0.012545940 0.831292272 18.570039749
0.800210655 0.034255795 -0.598739982 -1.679389000 -0.021093782 0.999357283 0.028984722 -0.352996856 0.599348068 -0.010564189 0.800418794 18.824661255
0.766709924 0.037475407 -0.640898943 -1.950094223 -0.021816537 0.999239206 0.032329492 -0.351235926 0.641622901 -0.010805149 0.766944170 19.073570251
0.729846120 0.040963974 -0.682382882 -2.254558563 -0.022893146 0.999107718 0.035491720 -0.333519280 0.683228016 -0.010281609 0.730132818 19.344871521
0.691118062 0.042121425 -0.721513271 -2.564130783 -0.020681281 0.999044001 0.038513426 -0.322579563 0.722445786 -0.011695508 0.691328585 19.589626312
0.649699986 0.041823756 -0.759039283 -2.906678200 -0.018180802 0.999054611 0.039486960 -0.306916714 0.759973288 -0.011854734 0.649846256 19.858043671
0.607819736 0.040038843 -0.793064892 -3.263414383 -0.012099441 0.999078989 0.041166481 -0.293115139 0.793982804 -0.015426160 0.607744396 20.090919495
0.563511372 0.040411528 -0.825119257 -3.655664444 -0.008176154 0.999026716 0.043345056 -0.280915320 0.826067805 -0.017679131 0.563293338 20.307266235
0.516864419 0.042054068 -0.855033636 -4.068841934 -0.006637734 0.998959541 0.045120448 -0.263574123 0.856041431 -0.017645666 0.516605794 20.519435883
0.469010621 0.041275728 -0.882227600 -4.487435341 -0.005183048 0.999018788 0.043984491 -0.245675445 0.883177340 -0.016056566 0.468764305 20.677181244
0.416368753 0.039903212 -0.908319831 -4.959051609 0.000668099 0.999022782 0.044194121 -0.227351367 0.909195602 -0.019007901 0.415935129 20.876846313
0.361401290 0.039631855 -0.931567848 -5.412864685 0.005413508 0.998990238 0.044600386 -0.214255512 0.932394624 -0.021161688 0.360821903 21.042858124
0.307483256 0.038292311 -0.950782716 -5.912100792 0.007763467 0.999055684 0.042747196 -0.189959705 0.951521814 -0.020525413 0.306895643 21.166116714
0.254616201 0.043773480 -0.966050982 -6.471189499 0.008429132 0.998836517 0.047480673 -0.157309413 0.967005432 -0.020232316 0.253950983 21.286291122
0.202562690 0.049099602 -0.978037596 -7.001213074 0.012086408 0.998540819 0.052632138 -0.145191550 0.979194701 -0.022482272 0.201673701 21.382575989
0.154635608 0.050463121 -0.986681998 -7.565755844 0.017352857 0.998401880 0.053782124 -0.122891486 0.987819195 -0.025438378 0.153512776 21.444471359
0.109942272 0.052065089 -0.992573321 -8.140145302 0.019895744 0.998311698 0.054569844 -0.106994629 0.993738830 -0.025747517 0.108720817 21.491119385
0.069600984 0.050497316 -0.996296048 -8.752601624 0.020591874 0.998432457 0.052044149 -0.080006659 0.997362375 -0.024137929 0.068452060 21.511888504
0.034689754 0.045868840 -0.998344898 -9.385023117 0.017585674 0.998763502 0.046499122 -0.047235012 0.999243498 -0.019169610 0.033840217 21.503963470
0.005626526 0.045471795 -0.998949766 -10.042459488 0.015175014 0.998846650 0.045552578 -0.011107087 0.999868989 -0.015415378 0.004929997 21.495973587
-0.014718983 0.049954690 -0.998643100 -10.722725868 0.014442577 0.998657644 0.049742561 0.014333367 0.999787390 -0.013690819 -0.015420698 21.464990616
-0.027791329 0.056173604 -0.998034179 -11.441300392 0.015304554 0.998326659 0.055763908 0.042585850 0.999496579 -0.013724711 -0.028604539 21.435161591
-0.036048599 0.058211017 -0.997653306 -12.173708916 0.015514773 0.998214304 0.057683166 0.081748962 0.999229610 -0.013398965 -0.036887363 21.417978287
-0.039584473 0.056028388 -0.997644246 -12.895730972 0.016044775 0.998333573 0.055430487 0.102776110 0.999087393 -0.013812791 -0.040417470 21.376417160
-0.038697824 0.051988792 -0.997897565 -13.657649994 0.023494298 0.998416901 0.051104739 0.138922274 0.998974741 -0.021467265 -0.039857998 21.337949753
-0.034569602 0.049968608 -0.998152256 -14.452653885 0.035527296 0.998179555 0.048739526 0.184994102 0.998770654 -0.033776753 -0.036281917 21.336894989
-0.028906593 0.050423678 -0.998309493 -15.238091469 0.035746753 0.998140156 0.049380064 0.216624081 0.998942733 -0.034258906 -0.030655310 21.316448212
-0.024158016 0.049009729 -0.998506010 -16.065225601 0.034139793 0.998255432 0.048171438 0.246429086 0.999125004 -0.032925066 -0.025789056 21.305559158
-0.020956483 0.042991973 -0.998855591 -16.896726608 0.037652582 0.998400271 0.042182405 0.274261057 0.999071181 -0.036725495 -0.022541711 21.294963837
-0.018845698 0.031490635 -0.999326348 -17.779741287 0.035124063 0.998907745 0.030815061 0.319419384 0.999205232 -0.034519669 -0.019931195 21.280519485
-0.018356262 0.023205802 -0.999562085 -18.656164169 0.027649285 0.999360025 0.022693355 0.345362037 0.999449074 -0.027220612 -0.018986139 21.257242203
-0.019537559 0.020324625 -0.999602556 -19.545310974 0.022118561 0.999557436 0.019891396 0.363954604 0.999564469 -0.021721136 -0.019978464 21.225246429
-0.022672171 0.026881890 -0.999381483 -20.461568832 0.012744691 0.999564946 0.026597690 0.372527331 0.999661863 -0.012133779 -0.023004908 21.170879364
-0.027753143 0.035016648 -0.999001324 -21.403629303 0.008333206 0.999359608 0.034797709 0.396192014 0.999580085 -0.007359138 -0.028027173 21.141021729
-0.032392170 0.044500157 -0.998484075 -22.351242065 0.006404507 0.998997092 0.044315245 0.426754594 0.999454737 -0.004959330 -0.032644685 21.101633072
-0.034030668 0.054219488 -0.997949004 -23.340192795 0.005631393 0.998521864 0.054058582 0.473300040 0.999404848 -0.003780193 -0.034285702 21.060092926
-0.034832206 0.061921410 -0.997473061 -24.311580658 0.007550356 0.998066545 0.061694592 0.515574157 0.999364614 -0.005382318 -0.035232384 21.022184372
-0.035644084 0.062707350 -0.997395277 -25.281419754 0.008146544 0.998014510 0.062455148 0.559559584 0.999331295 -0.005899167 -0.036084168 20.977531433
-0.038218770 0.059992947 -0.997466803 -26.288295746 0.007087658 0.998187304 0.059764698 0.606753588 0.999244273 -0.004785571 -0.038574707 20.944259644
-0.040650576 0.054905955 -0.997663677 -27.283205032 0.006798598 0.998481095 0.054673925 0.653103352 0.999150276 -0.004560188 -0.040962115 20.898036957
-0.045856059 0.049763888 -0.997707725 -28.275190353 0.007330470 0.998748243 0.049478866 0.691999972 0.998921096 -0.005044761 -0.046163447 20.864219666
-0.051496539 0.045622382 -0.997630477 -29.293344498 0.007496597 0.998945475 0.045295540 0.720937133 0.998644948 -0.005146270 -0.051784247 20.803182602
-0.058575962 0.043698873 -0.997326016 -30.288270950 0.006781729 0.999035835 0.043375477 0.756425917 0.998259842 -0.004222836 -0.058815844 20.744722366
-0.064790562 0.046411294 -0.996819019 -31.359907150 0.007606477 0.998911738 0.046014331 0.792556524 0.997869909 -0.004600987 -0.065073080 20.664112091
-0.071158826 0.050989114 -0.996160924 -32.358051300 0.005122125 0.998698115 0.050753094 0.826460183 0.997451842 -0.001490929 -0.071327351 20.581298828
-0.077225730 0.053865965 -0.995557487 -33.392398834 0.002177852 0.998546243 0.053858742 0.870784521 0.997011244 0.001991104 -0.077230744 20.487644196
-0.082063586 0.055920012 -0.995057046 -34.397171021 -0.001346166 0.998417497 0.056219883 0.912924588 0.996626139 0.005953116 -0.081858419 20.396865845
-0.084705412 0.057151478 -0.994765639 -35.446750641 -0.005950901 0.998306990 0.057861648 0.958770990 0.996388257 0.010820948 -0.084221877 20.300865173
-0.086019784 0.058198992 -0.994592071 -36.487453461 -0.010131589 0.998189569 0.059285764 1.009160757 0.996241927 0.015176548 -0.085274406 20.187334061
-0.086883225 0.058250602 -0.994513988 -37.541336060 -0.011766323 0.998159409 0.059492063 1.046261787 0.996149004 0.016870638 -0.086037919 20.080657959
-0.089067787 0.057464205 -0.994366467 -38.574321747 -0.011184563 0.998213708 0.058688357 1.088133931 0.995962739 0.016348798 -0.088265978 20.003637314
-0.090327486 0.056745637 -0.994294107 -39.632137299 -0.012095273 0.998239279 0.058069594 1.136101365 0.995838583 0.017271539 -0.089482091 19.906507492
-0.090881802 0.055777702 -0.994298339 -40.701107025 -0.014654502 0.998247147 0.057338681 1.184582233 0.995753765 0.019781994 -0.089905120 19.793062210
-0.091947228 0.053249169 -0.994339049 -41.725433350 -0.019118031 0.998290837 0.055228624 1.225737691 0.995580316 0.024087928 -0.090772033 19.696321487
-0.092346944 0.048254441 -0.994556963 -42.781433105 -0.023942471 0.998428762 0.050665401 1.269463897 0.995438993 0.028490942 -0.091046505 19.587610245
-0.091965869 0.047583245 -0.994624555 -43.829841614 -0.026389295 0.998390377 0.050203424 1.309822440 0.995412409 0.030864445 -0.090562142 19.485504150
-0.089822084 0.052070331 -0.994595706 -44.926551819 -0.026732834 0.998146534 0.054670479 1.348284483 0.995598912 0.031498972 -0.088263609 19.379228592
-0.087834120 0.055481430 -0.994588792 -45.992912292 -0.026607107 0.997960806 0.058019266 1.388784170 0.995779693 0.031559199 -0.086178795 19.277324677
-0.085845701 0.054112226 -0.994837821 -47.066524506 -0.025113130 0.998089254 0.056456123 1.455005407 0.995991886 0.029830011 -0.084322736 19.176124573
-0.084028147 0.053805567 -0.995009601 -48.158466339 -0.024940107 0.998114765 0.056079667 1.494840860 0.996151090 0.029527921 -0.082527831 19.087461472
-0.079615623 0.054210868 -0.995350480 -49.276226044 -0.029433001 0.997956932 0.056707099 1.544264793 0.996390998 0.033810921 -0.077857375 18.995702744
-0.073947109 0.054751601 -0.995758057 -50.360252380 -0.034061868 0.997770548 0.057391759 1.595410585 0.996680260 0.038161334 -0.071917288 18.896896362
-0.067843601 0.054395035 -0.996212065 -51.456768036 -0.038651988 0.997619748 0.057104152 1.640467405 0.996946990 0.042379718 -0.065579616 18.812223434
-0.061841637 0.053762265 -0.996636987 -52.541130066 -0.039973285 0.997613609 0.056295302 1.687981129 0.997285306 0.043320246 -0.059544999 18.730649948
-0.058402717 0.052293070 -0.996922553 -53.586837769 -0.038658306 0.997759581 0.054601703 1.738311768 0.997544348 0.041728228 -0.056250308 18.707914352
-0.051325776 0.052844971 -0.997282863 -54.665637970 -0.036775161 0.997821689 0.054766182 1.769641519 0.998004615 0.039486159 -0.049270600 18.623170853
-0.045410745 0.053650174 -0.997526765 -55.746204376 -0.035942003 0.997822523 0.055302288 1.814432621 0.998321593 0.038364429 -0.043383572 18.561393738
-0.039860990 0.055584524 -0.997658014 -56.836219788 -0.035224043 0.997752786 0.056997165 1.855070353 0.998584211 0.037413504 -0.037813500 18.513666153
-0.035537377 0.056087829 -0.997793138 -57.955875397 -0.035448227 0.997724891 0.057346504 1.912567854 0.998739421 0.037407950 -0.033468299 18.497133255
-0.028939949 0.055893350 -0.998017251 -59.039001465 -0.035589427 0.997744799 0.056910094 1.949329138 0.998947382 0.037165843 -0.026885472 18.443059921
-0.024973914 0.050666749 -0.998403311 -60.175178528 -0.035942443 0.998023570 0.051546540 2.008723021 0.999041855 0.037172366 -0.023103466 18.418472290
-0.020309446 0.045681223 -0.998749614 -61.285594940 -0.035876181 0.998278975 0.046389237 2.044855118 0.999149799 0.036773462 -0.018635627 18.386425018
-0.015931085 0.044434652 -0.998885274 -62.411651611 -0.036032200 0.998337626 0.044984955 2.093763113 0.999223590 0.036708698 -0.014303524 18.355117798
-0.013599939 0.046458527 -0.998827577 -63.541687012 -0.035851013 0.998255074 0.046920039 2.136490345 0.999264598 0.036447093 -0.011910624 18.348352432
-0.010547662 0.045507547 -0.998908281 -64.655395508 -0.036577821 0.998277664 0.045865055 2.181023598 0.999275088 0.037021659 -0.008864930 18.311113358
-0.008640923 0.045759633 -0.998915076 -65.803070068 -0.038381130 0.998201072 0.046058945 2.210718155 0.999225795 0.038737476 -0.006869072 18.270261765
-0.010979005 0.047283366 -0.998821199 -66.960884094 -0.038365811 0.998125970 0.047672171 2.244211912 0.999203384 0.038843989 -0.009144365 18.318603516
-0.008982930 0.046479356 -0.998878896 -68.095352173 -0.039173849 0.998135984 0.046797078 2.289271832 0.999192059 0.039550297 -0.007145410 18.285739899
-0.007674019 0.044406638 -0.998984098 -69.219451904 -0.039027020 0.998239100 0.044673324 2.318959713 0.999208689 0.039330196 -0.005927447 18.265605927
-0.008560679 0.043652494 -0.999010086 -70.381599426 -0.037361335 0.998335183 0.043943159 2.347479343 0.999265134 0.037700534 -0.006915512 18.276348114
-0.006718526 0.043637916 -0.999024749 -71.496376038 -0.033906739 0.998462915 0.043841399 2.380204439 0.999402463 0.034168236 -0.005228578 18.246372223
-0.008340971 0.044180933 -0.998988867 -72.645256042 -0.031602651 0.998512745 0.044423755 2.413424253 0.999465704 0.031941224 -0.006932332 18.257141113
-0.006922580 0.046776749 -0.998881400 -73.776412964 -0.031413317 0.998402119 0.046972014 2.448145390 0.999482572 0.031703342 -0.005442107 18.228961945
-0.007098624 0.051059686 -0.998670340 -74.924217224 -0.033659127 0.998117387 0.051270664 2.477127552 0.999408126 0.033978324 -0.005366636 18.223854065
-0.007623145 0.050541449 -0.998692870 -76.084068298 -0.035491824 0.998079062 0.050781295 2.520749331 0.999340832 0.035832554 -0.005814693 18.217182159
-0.006361621 0.048266660 -0.998814285 -77.214363098 -0.036064167 0.998173594 0.048465393 2.566362858 0.999329269 0.036329728 -0.004609305 18.191389084
-0.005810389 0.046472523 -0.998902619 -78.332794189 -0.036117017 0.998257995 0.046652611 2.588793755 0.999330819 0.036348447 -0.004121819 18.169204712
-0.005325853 0.045364454 -0.998956323 -79.451255798 -0.033466157 0.998402774 0.045517739 2.629061699 0.999425650 0.033673652 -0.003799173 18.158483505
-0.006614597 0.047754075 -0.998837173 -80.592819214 -0.033883367 0.998274744 0.047951572 2.645130396 0.999403894 0.034161150 -0.004985115 18.165046692
-0.005498499 0.050873064 -0.998690009 -81.714614868 -0.032746542 0.998160243 0.051026370 2.676860332 0.999448538 0.032984212 -0.003822468 18.148818970
-0.006207893 0.053074561 -0.998571277 -82.843254089 -0.033090435 0.998032629 0.053251650 2.713969231 0.999433100 0.033373732 -0.004439421 18.159019470
-0.006480678 0.053363789 -0.998554170 -83.974868774 -0.034091234 0.997982800 0.053554513 2.753858566 0.999397695 0.034389012 -0.004648368 18.156320572
-0.005400034 0.050752226 -0.998696804 -85.069023132 -0.033692624 0.998134971 0.050905865 2.795217037 0.999417603 0.033923604 -0.003679987 18.136213303
-0.005903090 0.049468398 -0.998758197 -86.183250427 -0.031865980 0.998259127 0.049632013 2.833080530 0.999474645 0.032119393 -0.004316454 18.141485214
-0.005154063 0.050696585 -0.998700798 -87.325965881 -0.030528681 0.998240530 0.050830778 2.873243332 0.999520540 0.030751001 -0.003597295 18.118419647
-0.005035474 0.052969929 -0.998583376 -88.462310791 -0.027760966 0.998203814 0.053089775 2.923590899 0.999601841 0.027988978 -0.003555932 18.122570038
-0.004252952 0.055003352 -0.998477101 -89.587837219 -0.026150154 0.998138487 0.055096090 2.971912146 0.999648988 0.026344648 -0.002806688 18.108633041
-0.003540349 0.057027351 -0.998366356 -90.693260193 -0.026974643 0.998003840 0.057102300 3.013010025 0.999629855 0.027132735 -0.001994989 18.096258163
-0.003664112 0.058837757 -0.998260796 -91.844161987 -0.028568827 0.997853935 0.058918633 3.050774336 0.999585092 0.028735029 -0.001975324 18.095354080
-0.003135777 0.058115460 -0.998304963 -92.964782715 -0.030762022 0.997831762 0.058184538 3.097621918 0.999521792 0.030892329 -0.001341229 18.083826065
-0.003230470 0.053727381 -0.998550355 -94.077156067 -0.033161152 0.998000622 0.053805090 3.144847393 0.999444723 0.033286896 -0.001442349 18.073591232
-0.002524200 0.052431017 -0.998621404 -95.234664917 -0.034208935 0.998035550 0.052486733 3.180199623 0.999411523 0.034294259 -0.000725632 18.062263489
-0.004233194 0.050831337 -0.998698294 -96.302787781 -0.034897912 0.998091340 0.050948381 3.216286659 0.999381840 0.035068162 -0.002451206 18.081520081
-0.003516262 0.051477540 -0.998667955 -97.398368835 -0.033652261 0.998102427 0.051566876 3.255918503 0.999427438 0.033788756 -0.001777254 18.065080643
-0.003825386 0.053493809 -0.998560846 -98.525978088 -0.033083998 0.998014688 0.053591292 3.295482397 0.999445260 0.033241395 -0.002048003 18.064567566
-0.003763746 0.055352140 -0.998459816 -99.647544861 -0.032000661 0.997948825 0.055444442 3.338325262 0.999480784 0.032160047 -0.001984721 18.059467316
-0.004492049 0.054237127 -0.998517990 -100.750183105 -0.034879323 0.997911930 0.054361124 3.385277510 0.999381483 0.035071816 -0.002590916 18.057571411
-0.005045779 0.055913001 -0.998422921 -101.863800049 -0.039599519 0.997641385 0.056069355 3.420054674 0.999202847 0.039819993 -0.002819750 18.047868729
-0.005814376 0.054849919 -0.998477817 -102.973121643 -0.042245731 0.997589648 0.055047147 3.466394424 0.999090374 0.042501483 -0.003483186 18.040224075
-0.006773142 0.051105171 -0.998670340 -104.062461853 -0.043151215 0.997748017 0.051350635 3.501050949 0.999045670 0.043441642 -0.004552638 18.031089783
-0.006989794 0.047272172 -0.998857617 -105.210556030 -0.042872846 0.997949302 0.047529198 3.543483257 0.999056101 0.043156091 -0.004948769 18.008781433
-0.007577950 0.045736425 -0.998924792 -106.363777161 -0.039324913 0.998167157 0.046000049 3.596726656 0.999197781 0.039631214 -0.005765480 17.992702484
-0.009006566 0.045580570 -0.998920023 -107.542610168 -0.035481874 0.998317003 0.045872957 3.626704693 0.999329746 0.035856720 -0.007374126 18.010118484
-0.008672625 0.047443312 -0.998836279 -108.737251282 -0.034489263 0.998265326 0.047715656 3.666209698 0.999367416 0.034862939 -0.007021296 17.982450485
-0.010572922 0.051536601 -0.998615146 -109.899589539 -0.034035705 0.998073697 0.051869016 3.705178976 0.999364674 0.034536976 -0.008798471 17.981019974
-0.009915384 0.051189858 -0.998639703 -111.106590271 -0.032372240 0.998148859 0.051486120 3.765088797 0.999426663 0.032838706 -0.008239900 17.945192337
-0.009965864 0.046723444 -0.998858154 -112.313812256 -0.031916887 0.998383820 0.047019713 3.806586981 0.999440849 0.032349035 -0.008458491 17.908222198
-0.011379243 0.044397194 -0.998949051 -113.483703613 -0.031833395 0.998491287 0.044739470 3.822338343 0.999428391 0.032309040 -0.009948761 17.917625427
-0.012410301 0.042515196 -0.999018788 -114.679519653 -0.030817034 0.998604774 0.042880412 3.867248774 0.999448001 0.031318948 -0.011082794 17.896467209
-0.013830998 0.044055361 -0.998933375 -115.865562439 -0.032870617 0.998468876 0.044490002 3.899945736 0.999363899 0.033450887 -0.012361694 17.887340546
-0.013490098 0.048398178 -0.998737037 -117.099250793 -0.037697624 0.998093128 0.048876163 3.945530415 0.999198139 0.038309354 -0.011639876 17.852939606
-0.014000571 0.051766030 -0.998561084 -118.318550110 -0.043433361 0.997684896 0.052329570 3.988855124 0.998958290 0.044103507 -0.011719785 17.822368622
-0.014048616 0.051690150 -0.998564363 -119.547607422 -0.051401228 0.997305214 0.052348118 4.036726475 0.998579204 0.052062854 -0.011353822 17.784049988
-0.014499269 0.049720071 -0.998657882 -120.702499390 -0.053774912 0.997278690 0.050432149 4.070089340 0.998447835 0.054433968 -0.011786118 17.777532578
-0.015368355 0.048585568 -0.998700738 -121.892211914 -0.055829715 0.997218788 0.049372599 4.112681389 0.998322070 0.056515947 -0.012613096 17.753885269
-0.015488098 0.047717545 -0.998740792 -123.127494812 -0.056211155 0.997239351 0.048517510 4.152588844 0.998298764 0.056891814 -0.012763086 17.727382660
-0.016022462 0.047078025 -0.998762667 -124.294799805 -0.054506935 0.997364521 0.047886528 4.184785843 0.998384833 0.055206746 -0.013414157 17.698652267
-0.017303880 0.047456149 -0.998723388 -125.528808594 -0.053515393 0.997397244 0.048320334 4.225295544 0.998417079 0.054283205 -0.014719206 17.695213318
-0.018437767 0.052260462 -0.998463273 -126.740631104 -0.053542819 0.997148514 0.053180370 4.271617889 0.998395383 0.054441072 -0.015587021 17.674041748
-0.019142674 0.056029763 -0.998245597 -127.958770752 -0.051439159 0.997051060 0.056949127 4.319288731 0.998492658 0.052439068 -0.016204098 17.644184113
-0.018720744 0.055453748 -0.998285711 -129.189605713 -0.052910142 0.997006714 0.056374919 4.361220837 0.998423755 0.053874813 -0.015730646 17.612247467
-0.018173143 0.053574178 -0.998398483 -130.378326416 -0.052681383 0.997125030 0.054464765 4.415139675 0.998445988 0.053586803 -0.015298531 17.577438354
-0.017199770 0.053134609 -0.998439252 -131.606170654 -0.052084200 0.997183561 0.053965013 4.458842278 0.998494565 0.052931093 -0.014383852 17.561017990
-0.015785513 0.053034473 -0.998467803 -132.793853760 -0.052852958 0.997152090 0.053800169 4.489276886 0.998477519 0.053621244 -0.012937526 17.528812408
-0.015376899 0.055441067 -0.998343587 -133.971496582 -0.053095266 0.997007608 0.056184679 4.530021191 0.998471022 0.053871259 -0.012387227 17.500095367
-0.014764110 0.058080882 -0.998202682 -135.247833252 -0.053637162 0.996828020 0.058794230 4.598814964 0.998451293 0.054408807 -0.011601988 17.491708755
-0.013129277 0.059492752 -0.998142421 -136.406372070 -0.055361256 0.996654034 0.060132246 4.633048058 0.998380005 0.056047913 -0.009791754 17.474683762
-0.012451294 0.056992222 -0.998297036 -137.607559204 -0.057573937 0.996677160 0.057617843 4.680685997 0.998263657 0.058193304 -0.009128653 17.446256638
-0.012567683 0.054033618 -0.998460054 -138.798339844 -0.056691937 0.996894240 0.054662466 4.729899883 0.998312652 0.057291616 -0.009465381 17.422832489
-0.011899651 0.051636081 -0.998595059 -139.970199585 -0.053731166 0.997189879 0.052203707 4.779850006 0.998484492 0.054276884 -0.009091744 17.413057327
-0.012003069 0.050960083 -0.998628557 -141.163833618 -0.052585952 0.997286379 0.051523641 4.824923992 0.998544276 0.053132277 -0.009290713 17.393161774
-0.012431930 0.050977599 -0.998622358 -142.374542236 -0.049877148 0.997424781 0.051537380 4.873434067 0.998678029 0.050449152 -0.009857299 17.381074905
-0.013307258 0.050509609 -0.998634934 -143.591171265 -0.047588900 0.997559607 0.051089358 4.889737129 0.998778343 0.048203796 -0.010871086 17.384475708
-0.013031384 0.050730191 -0.998627365 -144.782165527 -0.046985094 0.997577965 0.051290002 4.933130264 0.998810649 0.047588985 -0.010616259 17.355194092
-0.013331888 0.053589463 -0.998474061 -145.960220337 -0.044485498 0.997542322 0.054133430 4.973338604 0.998920977 0.045139320 -0.010915169 17.336126328
-0.013226910 0.055084020 -0.998394132 -147.131057739 -0.041781954 0.997578919 0.055592582 5.015228271 0.999039173 0.042450175 -0.010893369 17.320142746
-0.013933928 0.053339522 -0.998479247 -148.283508301 -0.039112985 0.997782826 0.053848147 5.060596466 0.999137580 0.039803818 -0.011816765 17.310596466
-0.013847745 0.053678434 -0.998462260 -149.461990356 -0.041097540 0.997683585 0.054206558 5.107323170 0.999059200 0.041784983 -0.011609615 17.273134232
-0.014124015 0.058376256 -0.998194754 -150.635757446 -0.041879628 0.997383654 0.058921408 5.154831409 0.999022901 0.042636223 -0.011642287 17.252828598
-0.013141183 0.064638995 -0.997822225 -151.881347656 -0.046576954 0.996785581 0.065185249 5.214947224 0.998828292 0.047332127 -0.010088255 17.221988678
-0.012284299 0.064466015 -0.997844219 -153.044586182 -0.051832851 0.996536911 0.065019667 5.268236160 0.998580158 0.052519832 -0.008900300 17.204633713
-0.010918463 0.060926896 -0.998082459 -154.207260132 -0.055864513 0.996545970 0.061444227 5.321172714 0.998378634 0.056428276 -0.007477096 17.171436310
-0.009407559 0.055368386 -0.998421669 -155.404800415 -0.057436593 0.996787488 0.055818953 5.371811390 0.998304844 0.057871051 -0.006197166 17.159824371
-0.009090016 0.053401113 -0.998531878 -156.576446533 -0.059674092 0.996764362 0.053849831 5.423400879 0.998176515 0.060075972 -0.005873941 17.145668030
-0.007740195 0.050843533 -0.998676658 -157.738723755 -0.054928437 0.997177064 0.051192902 5.453733444 0.998460233 0.055251986 -0.004925590 17.130861282
-0.007870286 0.046568938 -0.998884082 -158.905792236 -0.051513705 0.997569740 0.046913542 5.491633415 0.998641372 0.051825434 -0.005452220 17.122200012
-0.008414663 0.043258432 -0.999028504 -160.071121216 -0.046032965 0.997987866 0.043601107 5.527702808 0.998904526 0.046355136 -0.006406419 17.117902756
-0.008908068 0.045740880 -0.998913586 -161.251708984 -0.042640723 0.998027205 0.046080541 5.566048622 0.999050736 0.043004896 -0.006940071 17.113143921
-0.008532614 0.052021421 -0.998609543 -162.429214478 -0.042798329 0.997711778 0.052340340 5.604077816 0.999047279 0.043185420 -0.006286659 17.099525452
-0.006996013 0.054993581 -0.998462319 -163.623870850 -0.044949085 0.997460008 0.055253346 5.652253628 0.998964787 0.045266520 -0.004506333 17.091642380
-0.004850769 0.052295972 -0.998619854 -164.769042969 -0.045674510 0.997577786 0.052463263 5.686784744 0.998944581 0.045865953 -0.002450425 17.069946289
-0.004610270 0.052719820 -0.998598695 -165.930328369 -0.047987491 0.997447133 0.052880567 5.728211403 0.998837292 0.048164044 -0.002068610 17.062786102
-0.003546882 0.053356946 -0.998569191 -167.119888306 -0.046665832 0.997478724 0.053464435 5.775650978 0.998904228 0.046788681 -0.001047994 17.047210693
-0.002907615 0.051179439 -0.998685181 -168.263061523 -0.047405031 0.997559607 0.051259764 5.819964886 0.998871505 0.047491748 -0.000474358 17.035181046
-0.001403106 0.049937736 -0.998751342 -169.387283325 -0.047591794 0.997617245 0.049947895 5.853044510 0.998865902 0.047602456 0.000976864 17.030776978
-0.000540022 0.051727761 -0.998661101 -170.465713501 -0.048154667 0.997501254 0.051693734 5.883104324 0.998839736 0.048118107 0.001952260 17.041311264
0.001137472 0.053807724 -0.998550653 -171.564285278 -0.048303217 0.997388661 0.053690091 5.915193081 0.998831987 0.048172135 0.003733588 17.033765793
0.001246673 0.055183947 -0.998475432 -172.623397827 -0.048965629 0.997281730 0.055056844 5.948821068 0.998799682 0.048822340 0.003945401 17.029102325
0.001716963 0.056389701 -0.998407304 -173.635818481 -0.049439680 0.997192621 0.056236066 5.980335236 0.998775601 0.049264383 0.004500031 17.022317886
0.002701890 0.057495397 -0.998342097 -174.656646729 -0.048377253 0.997184336 0.057297785 6.009664059 0.998825490 0.048142239 0.005475753 16.991819382
0.002699122 0.056532323 -0.998397112 -175.613647461 -0.049271245 0.997195721 0.056331094 6.041773319 0.998781800 0.049040224 0.005476971 16.994070053
0.004395204 0.056037366 -0.998418987 -176.580718994 -0.050089769 0.997187674 0.055747747 6.085488319 0.998735011 0.049765550 0.007189741 16.989809036
0.005702537 0.056480844 -0.998387456 -177.482223511 -0.050772484 0.997132242 0.056119841 6.118074894 0.998694003 0.050370578 0.008553857 16.992597580
0.004053842 0.054663856 -0.998496592 -178.384826660 -0.048616927 0.997334838 0.054402865 6.147407532 0.998809278 0.048323296 0.006700626 17.011131287
0.001627942 0.052225772 -0.998633921 -179.315963745 -0.046622220 0.997553468 0.052093253 6.166062832 0.998911262 0.046473723 0.004058840 16.997785568
-0.002915951 0.048580866 -0.998815060 -180.221313477 -0.046662070 0.997724652 0.048664063 6.196070671 0.998906493 0.046748668 -0.000642432 16.986787796
-0.009020650 0.045249075 -0.998935103 -181.109832764 -0.048610702 0.997774780 0.045635477 6.230958939 0.998777092 0.048970588 -0.006800989 16.990562439
-0.012001330 0.044584192 -0.998933554 -182.020706177 -0.049480341 0.997755170 0.045126062 6.253229141 0.998703003 0.049969144 -0.009768347 16.967115402
-0.015262829 0.045814365 -0.998833477 -182.906875610 -0.051396001 0.997593284 0.046542849 6.272968292 0.998561740 0.052046418 -0.012871420 16.950777054
-0.018463377 0.047326583 -0.998708785 -183.765502930 -0.050219972 0.997574449 0.048201244 6.299750328 0.998567462 0.051045086 -0.016041851 16.938184738
-0.019161383 0.048874490 -0.998621106 -184.679138184 -0.047422465 0.997635901 0.049736217 6.326713562 0.998691142 0.048310090 -0.016798332 16.913393021
-0.021061042 0.049183507 -0.998567641 -185.564590454 -0.046094347 0.997679234 0.050111942 6.355105400 0.998715043 0.047083732 -0.018745091 16.902215958
-0.022020955 0.048282810 -0.998590827 -186.466171265 -0.046875846 0.997684717 0.049272701 6.384141445 0.998657882 0.047894835 -0.019706676 16.880739212
-0.022525933 0.047241859 -0.998629451 -187.367279053 -0.047781926 0.997690558 0.048275255 6.409879684 0.998603761 0.048803888 -0.020216607 16.859624863
-0.023030886 0.046464376 -0.998654425 -188.217788696 -0.051899690 0.997516870 0.047608346 6.442005157 0.998386681 0.052926324 -0.020562205 16.837160110
-0.022027357 0.044366263 -0.998772502 -189.098419189 -0.054886501 0.997454584 0.045518212 6.476009369 0.998249590 0.055821773 -0.019536177 16.806711197
-0.020303532 0.041563474 -0.998929501 -189.977767944 -0.055275232 0.997560799 0.042630002 6.501889229 0.998264670 0.056081608 -0.017956575 16.771966934
-0.019861024 0.039951950 -0.999004245 -190.862594604 -0.054981474 0.997645557 0.040990695 6.513144493 0.998289824 0.055740841 -0.017617647 16.755186081
-0.020532997 0.039579559 -0.999005437 -191.763641357 -0.054906245 0.997663617 0.040654909 6.536378384 0.998280287 0.055686407 -0.018311858 16.739414215
-0.018588899 0.041909199 -0.998948574 -192.647933960 -0.052412339 0.997706473 0.042832404 6.567752838 0.998452425 0.053153425 -0.016349705 16.701066971
-0.019609040 0.043797523 -0.998847902 -193.557922363 -0.050784681 0.997706771 0.044744473 6.582963943 0.998517036 0.051603567 -0.017339824 16.698463440
-0.019315228 0.039797988 -0.999021053 -194.487457275 -0.046024553 0.998112798 0.040651646 6.612259388 0.998753548 0.046764683 -0.017447095 16.687728882
-0.019230245 0.036637027 -0.999143541 -195.392990112 -0.044762999 0.998294711 0.037467442 6.637523651 0.998812556 0.045445167 -0.017557472 16.671894073
-0.018182304 0.036920682 -0.999152780 -196.337112427 -0.048922963 0.998088062 0.037771631 6.672783852 0.998637021 0.049568284 -0.016341269 16.642341614
-0.017001037 0.040738445 -0.999025166 -197.242355347 -0.050971732 0.997835040 0.041557331 6.691056252 0.998555362 0.051628567 -0.014887720 16.621814728
-0.015602021 0.040195577 -0.999070048 -198.175506592 -0.048239034 0.997997880 0.040905770 6.717988968 0.998713851 0.048832390 -0.013631789 16.616157532
-0.013085435 0.042171348 -0.999024630 -199.133743286 -0.047656413 0.997948527 0.042750131 6.743087769 0.998778045 0.048169337 -0.011048857 16.589439392
-0.010633036 0.046532419 -0.998860180 -200.100555420 -0.048855066 0.997699499 0.046998423 6.782550335 0.998749316 0.049299121 -0.008335231 16.562091827
-0.009930433 0.050777879 -0.998660564 -201.051681519 -0.045360878 0.997658789 0.051177993 6.807009697 0.998921216 0.045808345 -0.007603855 16.570734024
-0.009168762 0.050807137 -0.998666406 -202.020141602 -0.044143181 0.997714162 0.051163971 6.851222515 0.998983145 0.044553418 -0.006905013 16.566961288
-0.006822140 0.052091390 -0.998618960 -202.996307373 -0.047421511 0.997501791 0.052357078 6.886449814 0.998851657 0.047713209 -0.004334846 16.553222656
-0.003507833 0.053337585 -0.998570383 -203.985519409 -0.051080793 0.997263432 0.053447202 6.930113792 0.998688340 0.051195249 -0.000773707 16.537340164
-0.000804577 0.053616274 -0.998561323 -204.962265015 -0.051694196 0.997224212 0.053586137 6.967071056 0.998662531 0.051662937 0.001969306 16.546922684
0.001700725 0.050823294 -0.998706222 -205.966903687 -0.054589562 0.997223139 0.050654862 7.009578228 0.998507380 0.054432783 0.004470423 16.540544510
