1 -1.22322e-18 -1.71789e-20 0 7.5476e-19 1 6.23824e-19 0 -2.14909e-19 -9.89981e-19 1 0
0.999933 -0.00191045 0.0114536 0.0141886 0.00189944 0.999998 0.000971842 -0.00428099 -0.0114554 -0.000950021 0.999934 0.240335
0.999837 -0.00493226 0.017371 0.0317111 0.0049199 0.999988 0.000754033 -0.00942154 -0.0173745 -0.000668447 0.999849 0.562144
0.999791 -0.00739292 0.0190503 0.0378049 0.00739884 0.999973 -0.000240445 -0.0176362 -0.019048 0.000381345 0.999818 0.861888
0.999819 -0.00891824 0.0167899 0.0426427 0.00894618 0.999959 -0.00158974 -0.0237372 -0.016775 0.00173966 0.999858 1.16979
0.999885 -0.0111432 0.0102779 0.0427464 0.011178 0.999932 -0.00333062 -0.0233905 -0.0102401 0.00344512 0.999942 1.48312
0.999917 -0.0125082 -0.00296816 0.0449817 0.0124939 0.99991 -0.00480841 -0.035341 0.00302804 0.00477093 0.999984 1.8011
0.999727 -0.0116202 -0.0202892 0.025378 0.0115153 0.99992 -0.00527983 -0.0407584 0.0203489 0.00504475 0.99978 2.12506
0.999226 -0.00828867 -0.0384481 -0.0184636 0.00808081 0.999952 -0.00555848 -0.0447172 0.0384923 0.00524349 0.999245 2.47037
0.998231 -0.00487499 -0.0592535 -0.0566057 0.00448966 0.999968 -0.00663435 -0.0527813 0.0592839 0.00635658 0.998221 2.8199
0.99691 -0.00386559 -0.0784526 -0.107331 0.00333558 0.999971 -0.00688582 -0.0581666 0.0784769 0.00660286 0.996894 3.16353
0.995205 -0.00477552 -0.0976906 -0.166545 0.00417666 0.999971 -0.00633373 -0.0660296 0.0977181 0.00589534 0.995197 3.53188
0.992977 -0.00592443 -0.11816 -0.223433 0.00533755 0.999972 -0.0052826 -0.0759275 0.118188 0.00461481 0.99298 3.90705
0.990774 -0.00506859 -0.135428 -0.303764 0.0044732 0.999979 -0.00470032 -0.081648 0.135449 0.00405116 0.990776 4.30252
0.988538 -0.00391845 -0.15092 -0.381845 0.00340379 0.999987 -0.0036683 -0.0913577 0.150933 0.00311255 0.988539 4.70317
0.986561 -0.0033694 -0.163358 -0.468636 0.0028501 0.99999 -0.00341314 -0.101865 0.163368 0.00290169 0.986561 5.10968
0.984447 -0.00447529 -0.175624 -0.550119 0.00376819 0.999983 -0.00435951 -0.109939 0.17564 0.00362993 0.984448 5.53092
0.982701 -0.00747766 -0.185046 -0.640504 0.00641802 0.999959 -0.00632467 -0.122658 0.185085 0.00502764 0.98271 5.97395
0.98091 -0.00681943 -0.194345 -0.733239 0.00530712 0.999951 -0.00830121 -0.131006 0.194392 0.00711133 0.980898 6.44039
0.97958 -0.00664502 -0.200945 -0.843369 0.00477122 0.999941 -0.0098078 -0.138309 0.200999 0.00864877 0.979553 6.88696
0.977831 -0.00723888 -0.209271 -0.949851 0.00475118 0.999912 -0.0123877 -0.150495 0.209342 0.0111188 0.977779 7.35849
0.976299 -0.0111383 -0.216138 -1.06871 0.0083247 0.999868 -0.0139235 -0.163565 0.216264 0.0117942 0.976264 7.85077
0.974448 -0.0168329 -0.223982 -1.1788 0.0137848 0.99979 -0.0151657 -0.180123 0.22419 0.0116907 0.974475 8.35165
0.972345 -0.0175173 -0.232891 -1.3024 0.0138332 0.999752 -0.0174428 -0.202117 0.233139 0.0137388 0.972346 8.86798
0.970172 -0.0142804 -0.241998 -1.45681 0.0092899 0.99972 -0.0217508 -0.214982 0.242241 0.0188538 0.970033 9.40009
0.968048 -0.0112103 -0.250514 -1.60743 0.00534711 0.999696 -0.024073 -0.232791 0.250708 0.0219643 0.967814 9.93219
0.965963 -0.0132272 -0.258343 -1.76619 0.00671411 0.999637 -0.0260771 -0.250578 0.258594 0.0234549 0.965701 10.47
0.963643 -0.0156568 -0.266735 -1.92504 0.00840046 0.999564 -0.0283237 -0.278618 0.267062 0.0250532 0.963354 11.0358
0.961119 -0.015531 -0.275696 -2.09502 0.0074617 0.999513 -0.0302937 -0.306104 0.276033 0.0270587 0.960767 11.6098
0.959172 -0.0145659 -0.282447 -2.28624 0.00520206 0.999413 -0.0338743 -0.328288 0.282774 0.0310219 0.958685 12.1811
0.956409 -0.015839 -0.291601 -2.46869 0.00472305 0.999236 -0.038785 -0.357286 0.291993 0.0357171 0.955753 12.7681
0.955004 -0.016865 -0.296114 -2.66795 0.00333693 0.99893 -0.0461315 -0.396965 0.296575 0.0430677 0.954038 13.3548
0.953567 -0.0175136 -0.30067 -2.86329 0.00124227 0.998528 -0.054223 -0.431329 0.301177 0.0513317 0.952186 13.9608
0.952904 -0.0177681 -0.302752 -3.08068 -0.0013074 0.998032 -0.0626884 -0.474244 0.30327 0.0601318 0.951006 14.5654
0.951263 -0.0173889 -0.30789 -3.29879 -0.0049563 0.997418 -0.0716448 -0.518428 0.308341 0.0696791 0.94872 15.2066
0.950103 -0.0166627 -0.31149 -3.52138 -0.00830175 0.996868 -0.078648 -0.575859 0.311825 0.0773096 0.946989 15.8258
0.947813 -0.0145782 -0.318493 -3.74433 -0.013239 0.996293 -0.0850011 -0.638226 0.318552 0.0847817 0.944106 16.4926
0.946335 -0.0130522 -0.322924 -3.98314 -0.0171737 0.995742 -0.0905744 -0.705577 0.322731 0.0912595 0.942081 17.1506
0.944522 -0.0112611 -0.328256 -4.22508 -0.0214632 0.99516 -0.0958977 -0.77947 0.327747 0.0976229 0.939708 17.8205
0.942648 -0.0090526 -0.333666 -4.48104 -0.025414 0.994784 -0.0987868 -0.854562 0.33282 0.101601 0.937501 18.4941
0.941583 -0.0078073 -0.33669 -4.75412 -0.0275969 0.99458 -0.10024 -0.931097 0.335648 0.103676 0.936265 19.1747
0.939227 -0.00688425 -0.343226 -5.01759 -0.02899 0.994637 -0.0992801 -1.0155 0.342069 0.103197 0.933991 19.8785
0.937101 -0.00728325 -0.348983 -5.29561 -0.0287783 0.994767 -0.0980371 -1.09857 0.347871 0.101914 0.931987 20.6033
0.934446 -0.00732078 -0.35603 -5.5732 -0.0287373 0.994978 -0.0958837 -1.18172 0.354944 0.0998295 0.929542 21.3133
0.931692 -0.00678038 -0.363186 -5.86366 -0.0290123 0.995243 -0.0930065 -1.26422 0.362089 0.0971903 0.927063 22.0242
0.928365 -0.00393662 -0.37165 -6.17942 -0.0306866 0.995718 -0.0872007 -1.34287 0.370402 0.0923587 0.924269 22.7733
0.925035 -0.00169954 -0.379879 -6.49392 -0.0317893 0.996136 -0.0818661 -1.42225 0.37855 0.0878051 0.921407 23.5208
0.921421 0.00136393 -0.388562 -6.83329 -0.0343755 0.996359 -0.0780192 -1.49641 0.387041 0.0852456 0.918113 24.2592
0.917559 0.00230061 -0.397593 -7.16867 -0.0355163 0.99646 -0.0761981 -1.56648 0.396011 0.0840373 0.914392 25.0063
0.913512 0.00347037 -0.406797 -7.51223 -0.0373992 0.996445 -0.0754836 -1.64133 0.40509 0.084169 0.910394 25.7451
0.909475 0.00338963 -0.415746 -7.86809 -0.0376005 0.99654 -0.0741289 -1.71211 0.414056 0.0830505 0.906455 26.51
0.905213 0.00408052 -0.424939 -8.23814 -0.0384542 0.996638 -0.0723454 -1.78326 0.423215 0.0818287 0.902326 27.2841
0.902273 0.00414143 -0.431146 -8.62807 -0.0381201 0.996804 -0.0702002 -1.85086 0.429478 0.079775 0.899547 28.0608
0.898242 0.00465917 -0.439476 -9.00668 -0.0372523 0.997152 -0.0655683 -1.92129 0.437919 0.0752677 0.895858 28.8259
0.894232 0.00624448 -0.44756 -9.41151 -0.0369775 0.997515 -0.0599641 -1.98459 0.446073 0.0701715 0.892241 29.6105
0.890914 0.00584331 -0.454135 -9.84104 -0.0351907 0.997799 -0.0561979 -2.04608 0.452808 0.0660488 0.889159 30.4149
0.887313 0.00528748 -0.461137 -10.267 -0.0341436 0.997943 -0.0542559 -2.10906 0.459902 0.0638869 0.885669 31.2163
0.883679 0.00602827 -0.468054 -10.6974 -0.0346426 0.998017 -0.0525508 -2.1725 0.46681 0.0626526 0.882136 32.0267
0.880603 0.0061186 -0.473815 -11.1456 -0.0342336 0.998125 -0.0507352 -2.22433 0.472617 0.060898 0.879162 32.8366
0.877693 0.00495635 -0.479198 -11.6028 -0.0326517 0.998241 -0.0494796 -2.28273 0.47811 0.0590746 0.876311 33.6609
0.875006 0.00363121 -0.484099 -12.0887 -0.0313928 0.998293 -0.0492541 -2.34255 0.483094 0.0582949 0.873626 34.5091
0.873417 0.00281788 -0.486965 -12.5703 -0.030952 0.998283 -0.0497386 -2.40195 0.485988 0.0585151 0.872004 35.3452
0.872208 0.0024668 -0.489128 -13.0645 -0.0310462 0.99825 -0.0503268 -2.45814 0.488148 0.0590811 0.870759 36.1965
0.871588 0.00319847 -0.490229 -13.5565 -0.0313238 0.998299 -0.0491779 -2.52053 0.489237 0.0582187 0.870205 37.0586
0.871097 0.0037779 -0.491097 -14.0466 -0.0311132 0.998386 -0.0475076 -2.57884 0.490125 0.0566633 0.869808 37.9323
0.871218 0.00230877 -0.490891 -14.5545 -0.0290108 0.998483 -0.0467913 -2.64029 0.490039 0.0550066 0.869963 38.8099
0.870207 0.000554768 -0.492687 -15.0632 -0.0275523 0.998489 -0.0475398 -2.69503 0.491916 0.0549441 0.868907 39.7106
0.869127 -0.00117081 -0.494587 -15.5832 -0.0260601 0.9985 -0.0481586 -2.75378 0.493901 0.054745 0.867793 40.6076
0.867863 -0.00229314 -0.496798 -16.1154 -0.0237817 0.998651 -0.0461542 -2.8154 0.496233 0.0518702 0.866638 41.5147
0.865589 -0.00131612 -0.500754 -16.6428 -0.0230221 0.998835 -0.0424206 -2.87642 0.500226 0.0482472 0.86455 42.4282
0.86296 -0.00122759 -0.505271 -17.1874 -0.0210733 0.999039 -0.0384187 -2.93736 0.504833 0.0438015 0.862105 43.3411
0.858999 -0.00252193 -0.511971 -17.7311 -0.0187086 0.999165 -0.0363115 -2.99795 0.511636 0.0407698 0.858235 44.2304
0.853096 -0.00593701 -0.521721 -18.2758 -0.0162948 0.999144 -0.0380146 -3.05498 0.5215 0.0409314 0.852269 45.1212
0.846941 -0.00808253 -0.531626 -18.8421 -0.0161074 0.999035 -0.0408496 -3.12021 0.531444 0.0431603 0.845993 46.0176
0.841168 -0.00798067 -0.540714 -19.42 -0.0163047 0.999062 -0.0401102 -3.17786 0.540528 0.0425556 0.840249 46.8985
0.834974 -0.00580453 -0.550258 -20.0117 -0.0162605 0.999247 -0.0352149 -3.2309 0.550048 0.0383511 0.834252 47.7866
0.830268 -0.00236002 -0.55736 -20.6098 -0.0178336 0.999367 -0.0307973 -3.28568 0.557079 0.0355098 0.8297 48.6453
0.826077 -0.00216385 -0.563552 -21.2126 -0.0192207 0.999303 -0.0320114 -3.33463 0.563229 0.0372758 0.82546 49.4979
0.822601 -0.00359853 -0.568607 -21.8245 -0.0209338 0.99911 -0.0366078 -3.38075 0.568233 0.0420167 0.821794 50.363
0.819466 -0.00578072 -0.573099 -22.428 -0.0232011 0.998795 -0.0432495 -3.44485 0.572658 0.048738 0.818344 51.2009
0.816541 -0.00613353 -0.577255 -23.0459 -0.0241074 0.998709 -0.0447121 -3.50281 0.576784 0.0504254 0.815339 52.0493
0.813545 -0.00464452 -0.581484 -23.6678 -0.0236003 0.998881 -0.0409972 -3.56268 0.581023 0.0470762 0.812524 52.9025
0.810064 -0.00212775 -0.586338 -24.2882 -0.0231185 0.9991 -0.0355653 -3.6223 0.585886 0.0423654 0.809285 53.7548
0.807258 -0.00102403 -0.590198 -24.9255 -0.022289 0.999232 -0.03222 -3.67761 0.589778 0.0391648 0.806615 54.6017
0.80415 -0.000276847 -0.594426 -25.5592 -0.0238808 0.999178 -0.0327718 -3.73036 0.593946 0.0405488 0.803482 55.4449
0.801216 -0.00203079 -0.598372 -26.2024 -0.023161 0.99914 -0.0344034 -3.78029 0.597927 0.0414235 0.80048 56.2887
0.797279 -0.004405 -0.603594 -26.8479 -0.0226419 0.999051 -0.0371984 -3.83347 0.603186 0.043324 0.796423 57.1291
0.792579 -0.00504728 -0.609749 -27.519 -0.0225091 0.999042 -0.0375281 -3.88747 0.609354 0.0434688 0.791706 57.9803
0.788335 -0.00484402 -0.615227 -28.1797 -0.0222366 0.999091 -0.0363597 -3.94674 0.614844 0.0423442 0.787511 58.8198
0.78308 -0.00542161 -0.621897 -28.8561 -0.0214046 0.999135 -0.0356626 -4.00166 0.621553 0.0412381 0.782286 59.6607
0.778156 -0.00689588 -0.628033 -29.5472 -0.0207232 0.999113 -0.0366473 -4.05825 0.627729 0.0415322 0.777323 60.4775
0.772928 -0.00767916 -0.634447 -30.2407 -0.0204716 0.999104 -0.0370329 -4.1188 0.634163 0.0416119 0.772079 61.3055
0.766562 -0.00880719 -0.642109 -30.9288 -0.0204063 0.999067 -0.0380647 -4.17373 0.641845 0.042282 0.765667 62.1314
0.761145 -0.010843 -0.648491 -31.6327 -0.019183 0.999046 -0.0392197 -4.22838 0.648298 0.0422919 0.760211 62.9322
0.75569 -0.0120637 -0.654819 -32.3625 -0.0187189 0.999024 -0.0400075 -4.29076 0.654662 0.0424907 0.754726 63.7499
0.748631 -0.0131395 -0.662856 -33.0819 -0.018127 0.999024 -0.040276 -4.34857 0.662739 0.0421675 0.747663 64.5696
0.742432 -0.0128873 -0.669798 -33.8115 -0.017589 0.999095 -0.0387196 -4.40734 0.669691 0.0405277 0.741533 65.3785
0.736371 -0.0133879 -0.676446 -34.5665 -0.0165994 0.999146 -0.0378445 -4.46842 0.676375 0.0390962 0.735519 66.1854
0.730593 -0.0146955 -0.682655 -35.3279 -0.0159349 0.999129 -0.0385621 -4.5258 0.682628 0.0390513 0.729722 66.9763
0.723414 -0.0163101 -0.690222 -36.0967 -0.0157452 0.999071 -0.0401107 -4.58724 0.690235 0.0398843 0.722485 67.7742
0.718002 -0.0158078 -0.695861 -36.8868 -0.0167805 0.999058 -0.0400099 -4.64759 0.695839 0.0404041 0.717061 68.5578
0.712549 -0.0157815 -0.701445 -37.6846 -0.0160402 0.999119 -0.0387729 -4.7058 0.701439 0.0388789 0.711668 69.3413
0.707371 -0.0152316 -0.706678 -38.4808 -0.0167624 0.999125 -0.0383138 -4.76676 0.706643 0.0389477 0.706497 70.1246
0.703473 -0.0153958 -0.710555 -39.2971 -0.0175652 0.999083 -0.0390375 -4.82952 0.710505 0.0399429 0.702558 70.9094
0.698339 -0.0171015 -0.715563 -40.125 -0.0176706 0.998998 -0.0411206 -4.89767 0.715549 0.0413605 0.697337 71.6992
0.693077 -0.0187609 -0.720619 -40.9513 -0.0184595 0.998872 -0.043759 -4.96173 0.720627 0.0436306 0.691949 72.4846
0.688212 -0.0190692 -0.725259 -41.7913 -0.0191462 0.998829 -0.0444303 -5.02381 0.725257 0.0444634 0.687041 73.2639
0.683458 -0.0184054 -0.729758 -42.6235 -0.0191397 0.998887 -0.0431186 -5.08889 0.729739 0.0434371 0.682345 74.0436
0.677809 -0.0191894 -0.734988 -43.4844 -0.0178271 0.998937 -0.042521 -5.15009 0.735022 0.0419239 0.676746 74.8176
0.672188 -0.0197028 -0.740119 -44.3436 -0.0175525 0.998941 -0.0425344 -5.2207 0.740173 0.041582 0.67113 75.5932
0.667838 -0.0206861 -0.744019 -45.2131 -0.0167987 0.99894 -0.0428524 -5.28523 0.744117 0.041117 0.666783 76.3611
0.663346 -0.0216969 -0.747998 -46.0965 -0.0153548 0.998974 -0.0425938 -5.35205 0.748156 0.0397398 0.662332 77.1295
0.659727 -0.0220046 -0.751183 -46.9806 -0.0147133 0.999001 -0.042186 -5.42135 0.751361 0.0388836 0.658744 77.8911
0.655385 -0.0245068 -0.754898 -47.8583 -0.0122821 0.998996 -0.0430942 -5.49073 0.755195 0.037515 0.654425 78.6569
0.651595 -0.0292434 -0.758003 -48.751 -0.00882353 0.998897 -0.0461219 -5.56007 0.758516 0.036741 0.650618 79.4199
0.646202 -0.0328861 -0.762458 -49.649 -0.00575264 0.998833 -0.0479569 -5.62808 0.763145 0.0353759 0.645258 80.1919
0.639224 -0.0364838 -0.768155 -50.5646 -0.000807405 0.998842 -0.0481122 -5.70409 0.76902 0.0313747 0.638454 80.9577
0.630442 -0.0393117 -0.77524 -51.481 0.00323107 0.998841 -0.0480227 -5.78496 0.77623 0.0277707 0.629838 81.7123
0.622673 -0.0402036 -0.781448 -52.4185 0.00559184 0.998882 -0.0469343 -5.85991 0.782462 0.024855 0.622202 82.4413
0.614397 -0.0389604 -0.788034 -53.378 0.00639108 0.998993 -0.0444073 -5.92925 0.788971 0.0222473 0.614028 83.1699
0.603828 -0.0386528 -0.796177 -54.3433 0.00642833 0.999027 -0.0436254 -6.00721 0.797089 0.0212242 0.603489 83.9049
0.594804 -0.0390717 -0.802921 -55.3212 0.00431056 0.998959 -0.045418 -6.07798 0.803859 0.0235538 0.594353 84.6113
0.584892 -0.0415694 -0.810045 -56.2905 0.00534421 0.998862 -0.0474002 -6.14914 0.811093 0.023395 0.584449 85.3103
0.574547 -0.0427276 -0.817355 -57.2849 0.00535559 0.998811 -0.0484486 -6.22265 0.818454 0.0234586 0.574093 86.0067
0.564411 -0.0434985 -0.824347 -58.2995 0.00771259 0.998845 -0.0474256 -6.29864 0.825458 0.0204097 0.564094 86.6999
0.55457 -0.043239 -0.831013 -59.3164 0.0084111 0.998889 -0.0463608 -6.37437 0.832094 0.0187206 0.554318 87.3708
0.544362 -0.0437413 -0.837709 -60.3431 0.00845504 0.998875 -0.0466624 -6.45172 0.838808 0.0183184 0.54412 88.0353
0.534214 -0.0445911 -0.844173 -61.3924 0.00824178 0.998835 -0.0475451 -6.52998 0.845309 0.0184418 0.533959 88.6785
0.524449 -0.0451435 -0.850245 -62.4472 0.00687076 0.998785 -0.0487922 -6.60156 0.851414 0.0197472 0.524122 89.3057
0.513811 -0.0463667 -0.85665 -63.5114 0.0058323 0.998704 -0.0505574 -6.67954 0.857884 0.0209807 0.513415 89.9361
0.505367 -0.0455899 -0.861699 -64.5869 0.00491334 0.998739 -0.0499588 -6.76303 0.86289 0.0210137 0.504954 90.5371
0.496055 -0.043447 -0.867203 -65.6782 0.003903 0.998849 -0.0478098 -6.8409 0.868282 0.0203316 0.495654 91.1501
0.488506 -0.0420987 -0.871545 -66.7827 0.0050986 0.998956 -0.0453953 -6.91773 0.872546 0.0177322 0.48821 91.7539
0.480523 -0.042626 -0.875946 -67.8854 0.00587693 0.998952 -0.0453878 -6.99446 0.876963 0.016662 0.48027 92.3464
0.473492 -0.0455145 -0.879621 -69.0007 0.00703075 0.998827 -0.047898 -7.07233 0.88077 0.0164949 0.473257 92.9412
0.465645 -0.0484899 -0.883642 -70.1099 0.00857749 0.998698 -0.0502836 -7.15442 0.88493 0.0158349 0.465455 93.54
0.460316 -0.05094 -0.886293 -71.2207 0.00980262 0.998583 -0.0523027 -7.23818 0.887701 0.0153878 0.460163 94.1015
0.454819 -0.0538547 -0.888954 -72.3439 0.011474 0.998441 -0.0546172 -7.32968 0.89051 0.0146411 0.454728 94.6665
0.449863 -0.0548284 -0.891413 -73.4502 0.0134697 0.998417 -0.0546123 -7.418 0.892996 0.0125609 0.449889 95.2257
0.445905 -0.0523552 -0.893548 -74.5822 0.0148721 0.998583 -0.0510879 -7.50569 0.894957 0.00949143 0.446052 95.7832
0.443491 -0.0515847 -0.894793 -75.7084 0.0203185 0.998664 -0.0475023 -7.58883 0.896049 0.002886 0.443947 96.3212
0.439682 -0.051036 -0.896703 -76.8269 0.0226162 0.998697 -0.0457516 -7.6728 0.897869 -0.00016387 0.440263 96.8657
0.437495 -0.050562 -0.897798 -77.9392 0.0236796 0.998719 -0.0447067 -7.7551 0.898909 -0.00170051 0.438132 97.3935
0.435508 -0.0496556 -0.898814 -79.0575 0.0251161 0.998759 -0.0430074 -7.83154 0.899835 -0.00384466 0.436214 97.9315
0.433434 -0.0489262 -0.899856 -80.1756 0.0272728 0.99878 -0.0411684 -7.90901 0.900773 -0.0066978 0.43424 98.4619
0.429429 -0.0496854 -0.901733 -81.2777 0.0287237 0.998732 -0.0413511 -7.98283 0.902644 -0.00814369 0.430312 98.9887
0.427096 -0.0492687 -0.902863 -82.3798 0.0302794 0.998734 -0.0401767 -8.06042 0.903699 -0.0101789 0.428047 99.5114
0.424305 -0.0480671 -0.904243 -83.4638 0.0327361 0.998752 -0.0377299 -8.13113 0.904928 -0.0135924 0.425348 100.022
0.422922 -0.0478638 -0.904901 -84.5447 0.0352621 0.998717 -0.0363457 -8.20064 0.90548 -0.0165373 0.424068 100.524
0.420407 -0.0489579 -0.906014 -85.6068 0.0376885 0.998624 -0.0364741 -8.26946 0.906553 -0.0188123 0.421673 101.02
0.420453 -0.0498404 -0.905944 -86.6706 0.0386655 0.998567 -0.0369911 -8.33982 0.90649 -0.0194758 0.421778 101.505
0.420942 -0.0509091 -0.905658 -87.7174 0.0385523 0.998526 -0.0382107 -8.41471 0.906268 -0.0188307 0.422284 101.976
0.421307 -0.051697 -0.905443 -88.7589 0.037639 0.998511 -0.0394971 -8.48222 0.906137 -0.0174396 0.422625 102.443
0.423316 -0.0517102 -0.904505 -89.7785 0.0360323 0.998541 -0.0402228 -8.55331 0.905265 -0.0155644 0.424562 102.907
0.426885 -0.0520307 -0.902808 -90.7856 0.0344191 0.998555 -0.041274 -8.62713 0.903651 -0.0134545 0.428059 103.383
0.431884 -0.0522576 -0.900414 -91.8018 0.0326842 0.998571 -0.0422773 -8.69565 0.901337 -0.0111704 0.432975 103.852
0.436816 -0.0525447 -0.898015 -92.7866 0.0323534 0.998564 -0.0426906 -8.76152 0.898969 -0.0104059 0.437888 104.321
0.444525 -0.0513513 -0.894293 -93.769 0.0313672 0.998636 -0.0417511 -8.83083 0.895217 -0.00949211 0.445529 104.79
0.452235 -0.0504974 -0.890468 -94.7525 0.0314615 0.998678 -0.0406558 -8.90072 0.891344 -0.00962949 0.453225 105.28
0.462007 -0.0499699 -0.885468 -95.7323 0.0308193 0.998713 -0.0402803 -8.96421 0.886341 -0.00867973 0.462952 105.765
0.470589 -0.0496041 -0.880957 -96.692 0.030238 0.998739 -0.0400835 -9.02836 0.881834 -0.00777555 0.471496 106.271
0.479848 -0.0501994 -0.875914 -97.6402 0.0287586 0.998725 -0.0414831 -9.09395 0.87688 -0.00528453 0.48068 106.79
0.489576 -0.0522206 -0.870396 -98.58 0.0275709 0.998633 -0.0444065 -9.16144 0.871525 -0.00225727 0.490346 107.314
0.501738 -0.052737 -0.863411 -99.5187 0.0260315 0.998608 -0.0458677 -9.23328 0.864628 0.000537636 0.502412 107.839
0.513496 -0.0507646 -0.856589 -100.452 0.0230022 0.998704 -0.0453978 -9.29937 0.857784 0.00360817 0.513998 108.389
0.527123 -0.0479135 -0.848437 -101.36 0.0209784 0.998839 -0.0433735 -9.36618 0.84953 0.00506425 0.527516 108.936
0.538898 -0.0462421 -0.841101 -102.268 0.0208851 0.998919 -0.0415375 -9.43187 0.842112 0.00481801 0.539281 109.511
0.550437 -0.0452011 -0.833652 -103.158 0.0205255 0.998964 -0.040612 -9.49811 0.834624 0.00524329 0.550795 110.093
0.561015 -0.0458931 -0.826532 -104.036 0.0205168 0.998926 -0.0415392 -9.56022 0.827551 0.0063463 0.561354 110.683
0.572241 -0.0471773 -0.818728 -104.892 0.0214942 0.998864 -0.0425341 -9.63052 0.819804 0.00674189 0.572605 111.268
0.58329 -0.0488022 -0.810796 -105.73 0.022963 0.998785 -0.0435977 -9.6935 0.811939 0.00681178 0.583702 111.867
0.59368 -0.0482147 -0.803255 -106.566 0.022313 0.998806 -0.0434611 -9.76186 0.804392 0.00787893 0.594047 112.477
0.604445 -0.0455521 -0.795344 -107.385 0.0211327 0.998929 -0.0411518 -9.82558 0.796367 0.00806627 0.60476 113.097
0.614064 -0.0439361 -0.788032 -108.182 0.0224313 0.999018 -0.0382201 -9.88294 0.788937 0.00579305 0.614446 113.715
0.623834 -0.0437901 -0.780329 -108.967 0.0229139 0.999025 -0.0377442 -9.9427 0.781221 0.00566578 0.624229 114.339
0.633889 -0.0429541 -0.77223 -109.738 0.0210499 0.999045 -0.0382914 -10.0055 0.773137 0.00801717 0.634188 114.964
0.643614 -0.0429172 -0.764146 -110.503 0.0195835 0.999023 -0.0396143 -10.0641 0.7651 0.0105316 0.643825 115.597
0.652979 -0.0425634 -0.756179 -111.253 0.0196714 0.999036 -0.0392465 -10.1237 0.757121 0.010752 0.653187 116.234
0.66211 -0.0402744 -0.748324 -111.98 0.0186484 0.999131 -0.0372728 -10.1791 0.749175 0.0107237 0.662286 116.881
0.671213 -0.038688 -0.740254 -112.699 0.0190763 0.999208 -0.0349246 -10.2364 0.741019 0.0093205 0.671419 117.528
0.679505 -0.0382302 -0.732674 -113.402 0.0194619 0.999229 -0.0340892 -10.2929 0.733412 0.00890453 0.679726 118.174
0.686965 -0.0375885 -0.725717 -114.085 0.0183711 0.99924 -0.0343655 -10.3444 0.726458 0.0102757 0.687134 118.817
0.694705 -0.0363383 -0.718377 -114.756 0.0174281 0.99928 -0.0336937 -10.3987 0.719084 0.0108872 0.694838 119.458
0.701832 -0.0339737 -0.711532 -115.422 0.0170272 0.999377 -0.0309224 -10.4468 0.712139 0.00958696 0.701973 120.11
0.709313 -0.0309884 -0.704212 -116.077 0.0155454 0.999478 -0.0283234 -10.4953 0.704722 0.00914292 0.709425 120.758
0.716556 -0.0296176 -0.696901 -116.719 0.0145911 0.999516 -0.0274759 -10.5408 0.697377 0.00951947 0.716641 121.406
0.724352 -0.0287562 -0.68883 -117.34 0.0139261 0.999536 -0.0270829 -10.5889 0.68929 0.0100249 0.724417 122.044
0.732599 -0.0258866 -0.680168 -117.956 0.0114844 0.999604 -0.0256744 -10.6311 0.680563 0.0109977 0.732607 122.706
0.741618 -0.0234567 -0.670412 -118.543 0.0103825 0.99967 -0.0234917 -10.6621 0.670742 0.0104613 0.741617 123.351
0.750933 -0.019726 -0.660084 -119.126 0.00843989 0.999759 -0.0202754 -10.6989 0.660325 0.00965446 0.750918 124.009
0.760828 -0.0176974 -0.648712 -119.674 0.00656051 0.999787 -0.0195807 -10.7339 0.648921 0.0106416 0.760782 124.661
0.770747 -0.0171443 -0.636911 -120.223 0.00535611 0.999777 -0.0204303 -10.7709 0.637119 0.0123352 0.770667 125.318
0.780738 -0.0181088 -0.624596 -120.751 0.00522758 0.999734 -0.0224507 -10.8066 0.624837 0.014263 0.780625 125.966
0.790928 -0.0176374 -0.611655 -121.272 0.00505317 0.999739 -0.0222938 -10.8434 0.611888 0.014542 0.790811 126.632
0.801069 -0.0159364 -0.59836 -121.773 0.00452913 0.999778 -0.0205642 -10.877 0.598555 0.0137633 0.800963 127.298
0.811221 -0.0136788 -0.584579 -122.253 0.00412418 0.999835 -0.0176724 -10.9075 0.584724 0.0119253 0.811144 127.968
0.820918 -0.0125473 -0.570908 -122.733 0.00429538 0.999866 -0.0157985 -10.9354 0.571029 0.010517 0.820862 128.659
0.830124 -0.0111605 -0.557467 -123.2 0.00466704 0.999904 -0.0130684 -10.9645 0.557559 0.00824668 0.830096 129.363
0.838292 -0.0104065 -0.545122 -123.664 0.00541537 0.999927 -0.0107611 -10.9926 0.545195 0.00606889 0.838288 130.07
0.845469 -0.0105557 -0.53392 -124.109 0.00658008 0.999935 -0.00934918 -11.0183 0.533984 0.0043912 0.845483 130.774
0.851924 -0.0105747 -0.523558 -124.545 0.00690512 0.999936 -0.00896056 -11.0446 0.523619 0.00401849 0.851943 131.493
0.858447 -0.00990107 -0.512807 -124.963 0.00592935 0.999938 -0.00938058 -11.0626 0.512868 0.00501212 0.858453 132.198
0.864984 -0.00839241 -0.501729 -125.389 0.0046052 0.999951 -0.00878675 -11.0821 0.501779 0.00528983 0.86498 132.917
0.871225 -0.00733268 -0.490829 -125.807 0.00363686 0.999957 -0.00848329 -11.1 0.49087 0.00560578 0.871215 133.648
0.877019 -0.00778765 -0.480393 -126.216 0.00433779 0.999956 -0.00829111 -11.1256 0.480436 0.00518761 0.877014 134.398
0.882104 -0.0090015 -0.470969 -126.621 0.00517457 0.999942 -0.0094199 -11.1481 0.471027 0.00587227 0.882099 135.164
0.886244 -0.00961446 -0.463119 -127.018 0.00568015 0.999935 -0.00988913 -11.1744 0.463184 0.0061336 0.886241 135.924
0.88991 -0.0089627 -0.456047 -127.42 0.00528161 0.999942 -0.00934556 -11.1946 0.456105 0.00590804 0.889906 136.691
0.89315 -0.0073182 -0.449699 -127.818 0.00510075 0.999968 -0.0061424 -11.2134 0.44973 0.00319228 0.893159 137.466
0.896148 -0.00342432 -0.443741 -128.214 0.00290493 0.999994 -0.0018503 -11.2314 0.443745 0.000369109 0.896153 138.266
0.899527 -0.000559263 -0.436864 -128.615 0.00100279 0.999999 0.000784621 -11.2426 0.436863 -0.00114387 0.899527 139.067
0.902717 0.00180514 -0.430231 -129.013 -0.000646576 0.999996 0.00283907 -11.2549 0.430235 -0.0022847 0.902714 139.887
0.906084 0.00395016 -0.423079 -129.414 -0.00190587 0.999984 0.00525485 -11.2624 0.423093 -0.00395501 0.906078 140.721
0.90928 0.00516906 -0.416153 -129.808 -0.00206821 0.999967 0.00790166 -11.2677 0.41618 -0.00632413 0.90926 141.58
0.912764 0.0052953 -0.408454 -130.202 -0.00145725 0.999952 0.00970712 -11.2742 0.408486 -0.00826508 0.912727 142.458
0.91595 0.00504931 -0.401262 -130.577 -0.000783395 0.999941 0.0107946 -11.2821 0.401293 -0.00957298 0.9159 143.32
0.919542 0.00424889 -0.392968 -130.958 -0.000165861 0.999946 0.0104236 -11.2749 0.392991 -0.00951975 0.919493 144.215
0.923448 0.00170683 -0.383719 -131.326 0.00225274 0.999949 0.00986928 -11.2857 0.383716 -0.00997819 0.923397 145.122
0.927362 3.72888e-05 -0.374165 -131.699 0.00334973 0.999959 0.00840191 -11.2879 0.37415 -0.00904497 0.927324 146.039
0.931754 -0.000973565 -0.363089 -132.066 0.00361528 0.999972 0.00659621 -11.2995 0.363072 -0.00745871 0.931731 146.962
0.93698 0.000584163 -0.349384 -132.436 0.00141664 0.999984 0.00547111 -11.3064 0.349381 -0.00562127 0.936964 147.926
0.943024 0.00405356 -0.332701 -132.788 -0.00195175 0.999976 0.00665139 -11.3121 0.33272 -0.00562307 0.943009 148.893
0.949381 0.00786579 -0.314029 -133.126 -0.00510758 0.999941 0.00960511 -11.3136 0.314086 -0.00751498 0.949365 149.892
0.955661 0.0108312 -0.294271 -133.45 -0.00793635 0.999908 0.0110296 -11.3181 0.294364 -0.00820513 0.955658 150.881
0.961845 0.0122884 -0.273318 -133.741 -0.00949428 0.999888 0.0115432 -11.3259 0.273429 -0.00850777 0.961854 151.914
0.967648 0.013909 -0.251921 -134.017 -0.0110035 0.999856 0.0129386 -11.3231 0.252064 -0.00974803 0.967661 152.949
0.973191 0.0145763 -0.229538 -134.278 -0.0113426 0.999817 0.0154011 -11.3283 0.22972 -0.0123847 0.973178 154.009
0.97791 0.0165256 -0.208374 -134.504 -0.0130044 0.999749 0.0182571 -11.3204 0.208623 -0.015144 0.977879 155.083
0.982425 0.0182246 -0.185767 -134.729 -0.0143332 0.999649 0.0222693 -11.3149 0.186108 -0.0192153 0.982341 156.182
0.986382 0.0203455 -0.163207 -134.921 -0.0163897 0.999539 0.0255483 -11.3082 0.163651 -0.0225255 0.986261 157.302
0.989853 0.0216485 -0.140437 -135.095 -0.0182861 0.999515 0.0251888 -11.2956 0.140914 -0.0223651 0.989769 158.436
0.992707 0.021545 -0.118608 -135.244 -0.0189805 0.999562 0.0227094 -11.284 0.119045 -0.0202926 0.992681 159.585
0.99497 0.021511 -0.097837 -135.351 -0.0194723 0.999574 0.0217448 -11.2779 0.098263 -0.0197303 0.994965 160.731
0.996776 0.0201618 -0.0776634 -135.451 -0.0183899 0.999556 0.023463 -11.2678 0.0781019 -0.0219591 0.996704 161.899
0.998145 0.0206067 -0.0572854 -135.533 -0.0192035 0.999505 0.0249376 -11.2583 0.0577709 -0.0237913 0.998046 163.079
0.999091 0.0208461 -0.0371847 -135.576 -0.0198914 0.999468 0.0258634 -11.2469 0.037704 -0.0251002 0.998974 164.28
0.999611 0.0222412 -0.0168393 -135.61 -0.0217974 0.999422 0.0260975 -11.232 0.01741 -0.0257203 0.999518 165.472
0.999735 0.0225881 0.00454612 -135.618 -0.0227009 0.99939 0.0265217 -11.2176 -0.00394428 -0.0266178 0.999638 166.712
0.999398 0.0247875 0.0242711 -135.597 -0.0254168 0.999339 0.0259739 -11.206 -0.0236113 -0.0265752 0.999368 167.921
0.998665 0.0260151 0.0446309 -135.553 -0.0271321 0.999329 0.0246078 -11.191 -0.0439608 -0.0257858 0.9987 169.179
0.997603 0.0260663 0.064107 -135.471 -0.0275299 0.999378 0.0220546 -11.1806 -0.0634922 -0.0237666 0.997699 170.416
0.996151 0.0279357 0.083077 -135.385 -0.029646 0.999372 0.0194248 -11.1738 -0.0824822 -0.0218129 0.996354 171.689
0.994386 0.028359 0.101946 -135.269 -0.0302779 0.999391 0.0173248 -11.1646 -0.101393 -0.0203142 0.994639 172.954
0.992287 0.0282808 0.120693 -135.118 -0.0302317 0.99944 0.0143632 -11.1682 -0.120219 -0.0179011 0.992586 174.251
0.989864 0.0294787 0.138925 -134.956 -0.0310006 0.999481 0.00880295 -11.1672 -0.138593 -0.0130205 0.990264 175.554
0.987239 0.0310181 0.156194 -134.757 -0.0317423 0.999494 0.00214378 -11.1876 -0.156049 -0.00707439 0.987724 176.835
0.984251 0.0337144 0.173534 -134.541 -0.0337144 0.999427 -0.00294886 -11.2025 -0.173534 -0.00294818 0.984823 178.154
0.980955 0.0354192 0.190979 -134.299 -0.0347199 0.999373 -0.00700783 -11.2325 -0.191108 0.000243576 0.981569 179.474
0.9772 0.0378766 0.208914 -134.039 -0.0365633 0.99928 -0.0101461 -11.2601 -0.209147 0.00227621 0.977881 180.788
0.973456 0.0371876 0.225833 -133.739 -0.0358238 0.999307 -0.0101358 -11.2903 -0.226054 0.00177653 0.974113 182.125
0.969408 0.0359522 0.242809 -133.426 -0.0343665 0.999351 -0.0107645 -11.3223 -0.243039 0.00209067 0.970014 183.453
0.964967 0.0356123 0.259945 -133.085 -0.0326908 0.999344 -0.0155547 -11.3724 -0.260328 0.00651195 0.965498 184.793
0.960464 0.0371991 0.275906 -132.703 -0.0329049 0.999255 -0.0201788 -11.4171 -0.276451 0.0103024 0.960973 186.122
0.955285 0.0395662 0.293028 -132.315 -0.0350163 0.999171 -0.0207587 -11.458 -0.293606 0.00956968 0.955878 187.483
0.949623 0.0413316 0.310657 -131.918 -0.0365342 0.999106 -0.0212482 -11.5087 -0.311258 0.00882814 0.950284 188.813
0.943566 0.044989 0.328114 -131.473 -0.0391276 0.998935 -0.0244474 -11.5562 -0.328865 0.0102294 0.944322 190.148
0.937212 0.0464319 0.345654 -130.982 -0.0388576 0.998829 -0.0288141 -11.6144 -0.346588 0.0135737 0.937919 191.491
0.930812 0.0469135 0.362476 -130.493 -0.0381664 0.998782 -0.0312591 -11.6725 -0.363501 0.0152619 0.931469 192.825
0.923876 0.0471275 0.37978 -129.961 -0.0360058 0.998691 -0.0363391 -11.7482 -0.380995 0.0198986 0.924363 194.163
0.915331 0.0504413 0.399531 -129.404 -0.0364864 0.998432 -0.0424624 -11.8303 -0.401046 0.0242897 0.915736 195.495
0.906003 0.0540439 0.419806 -128.802 -0.0379958 0.998195 -0.0465025 -11.9158 -0.421562 0.0261805 0.906422 196.821
0.894777 0.0567941 0.442886 -128.191 -0.039535 0.998059 -0.0481138 -11.9968 -0.444759 0.0255416 0.895286 198.146
0.881358 0.0612339 0.468464 -127.531 -0.0421507 0.997802 -0.0511234 -12.0913 -0.470566 0.0253119 0.882002 199.46
0.86739 0.0656086 0.493286 -126.83 -0.0444211 0.997522 -0.0545641 -12.1987 -0.495643 0.025416 0.868154 200.773
0.852612 0.0693698 0.51792 -126.088 -0.0459054 0.99726 -0.0580018 -12.3059 -0.520525 0.0256777 0.85346 202.052
0.837783 0.0712253 0.541337 -125.304 -0.045626 0.99712 -0.0605822 -12.4143 -0.544093 0.0260557 0.83862 203.3
0.822458 0.0722211 0.564222 -124.508 -0.0444194 0.997033 -0.062872 -12.5265 -0.567089 0.0266472 0.823226 204.545
0.806205 0.0743769 0.586943 -123.662 -0.0424679 0.996782 -0.0679791 -12.6477 -0.59011 0.0298789 0.80677 205.754
0.789874 0.0772122 0.608389 -122.754 -0.040917 0.996467 -0.0733414 -12.7821 -0.611902 0.033037 0.790243 206.941
0.774254 0.0788469 0.627944 -121.832 -0.0391246 0.996274 -0.0768552 -12.9187 -0.631665 0.0349374 0.774454 208.101
0.758375 0.0806542 0.646809 -120.879 -0.0373255 0.99606 -0.0804406 -13.0565 -0.650749 0.0368617 0.758398 209.25
0.742565 0.0811648 0.664838 -119.906 -0.0353589 0.995997 -0.0821005 -13.2033 -0.66884 0.0374571 0.742462 210.379
0.727201 0.0818225 0.68153 -118.87 -0.0332709 0.995905 -0.0840649 -13.355 -0.685618 0.0384569 0.726945 211.507
0.712097 0.0826786 0.697196 -117.841 -0.0306114 0.995754 -0.0868182 -13.5045 -0.701414 0.0404808 0.711604 212.588
0.697318 0.0838439 0.711841 -116.777 -0.027548 0.995536 -0.0902728 -13.6634 -0.716233 0.043339 0.696515 213.656
0.683182 0.0864555 0.725112 -115.682 -0.0253394 0.995176 -0.0947811 -13.8319 -0.729809 0.0463788 0.682077 214.709
0.667751 0.0888891 0.739058 -114.577 -0.0240883 0.994905 -0.0978965 -13.9951 -0.743995 0.0475678 0.66649 215.741
0.6532 0.0895857 0.751867 -113.435 -0.0228191 0.994854 -0.0987133 -14.1706 -0.756841 0.0473227 0.651883 216.747
0.636447 0.0914481 0.76588 -112.271 -0.0230835 0.99476 -0.0995946 -14.3434 -0.770975 0.0457075 0.635224 217.745
0.619314 0.092051 0.779729 -111.123 -0.024593 0.994891 -0.0979186 -14.5236 -0.784758 0.0414665 0.618414 218.689
0.601905 0.093377 0.79309 -109.933 -0.0271696 0.99496 -0.0965248 -14.6951 -0.798106 0.0365508 0.601408 219.62
0.584086 0.0951203 0.806099 -108.737 -0.0290885 0.994925 -0.0963249 -14.8684 -0.811171 0.0328138 0.583888 220.524
0.566483 0.0981749 0.818205 -107.528 -0.0300143 0.994677 -0.0985693 -15.0519 -0.823527 0.03128 0.566414 221.393
0.548445 0.101929 0.829951 -106.328 -0.0324354 0.994389 -0.10069 -15.2299 -0.835557 0.0283033 0.548674 222.211
0.529089 0.102305 0.842376 -105.126 -0.0326189 0.994424 -0.100283 -15.4092 -0.847939 0.0255813 0.529476 222.994
0.507724 0.101169 0.855559 -103.909 -0.0323381 0.994619 -0.0984223 -15.5831 -0.860912 0.0223043 0.508264 223.761
0.48668 0.0994741 0.867898 -102.671 -0.0319198 0.994857 -0.0961263 -15.7546 -0.872997 0.0190797 0.487353 224.477
0.465344 0.0980759 0.879679 -101.436 -0.0322471 0.995061 -0.0938814 -15.9272 -0.884542 0.0153201 0.466209 225.161
0.443508 0.0969493 0.891012 -100.199 -0.0309661 0.995196 -0.0928718 -16.0936 -0.895736 0.0135981 0.444379 225.807
0.422291 0.0966245 0.901296 -98.9479 -0.030227 0.995251 -0.0925346 -16.2592 -0.905956 0.0118331 0.423206 226.417
0.401851 0.0961095 0.910647 -97.6958 -0.0277765 0.995299 -0.0927863 -16.4162 -0.915284 0.0119916 0.402631 226.987
0.381428 0.0964786 0.91935 -96.442 -0.0248897 0.99525 -0.0941172 -16.5789 -0.924063 0.0130166 0.382018 227.519
0.360488 0.0960447 0.927806 -95.1958 -0.0216499 0.995278 -0.0946175 -16.7425 -0.932513 0.0140215 0.360865 228.017
0.339627 0.0940056 0.935851 -93.9458 -0.0189774 0.995475 -0.0931078 -16.8986 -0.940369 0.0138618 0.339874 228.493
0.319687 0.0935715 0.942891 -92.6934 -0.0166264 0.995513 -0.0931564 -17.0576 -0.947377 0.014104 0.319808 228.933
0.298869 0.0983533 0.949212 -91.4783 -0.0168056 0.995063 -0.0978127 -17.2166 -0.954146 0.0132811 0.299046 229.335
0.280049 0.107491 0.953949 -90.2273 -0.0182305 0.994128 -0.106666 -17.3793 -0.959813 0.0124808 0.280364 229.718
0.260309 0.115704 0.958567 -89.0087 -0.0210466 0.993238 -0.114174 -17.5458 -0.965296 0.00954592 0.260984 230.068
0.240575 0.119582 0.963236 -87.7851 -0.0225473 0.992803 -0.117621 -17.7244 -0.970369 0.00657822 0.241539 230.397
0.220542 0.120384 0.96792 -86.5913 -0.0243937 0.992725 -0.117911 -17.904 -0.975072 0.00239325 0.221874 230.692
0.201022 0.12053 0.972143 -85.3719 -0.0264169 0.992708 -0.117618 -18.0774 -0.979231 -0.00203734 0.20274 230.969
0.181326 0.12109 0.975939 -84.1605 -0.0289875 0.992617 -0.117774 -18.25 -0.982996 -0.00693461 0.183498 231.212
0.161966 0.119557 0.979527 -82.954 -0.028501 0.992786 -0.116463 -18.4205 -0.986385 -0.0090545 0.164205 231.439
0.143742 0.119642 0.982356 -81.7642 -0.0279074 0.99276 -0.116825 -18.585 -0.989222 -0.0106223 0.14604 231.628
0.125846 0.120228 0.984738 -80.5687 -0.0260856 0.992687 -0.117865 -18.7561 -0.991707 -0.0108547 0.128062 231.786
0.106482 0.123579 0.986605 -79.395 -0.0296361 0.9922 -0.121081 -18.9175 -0.993873 -0.0163462 0.109314 231.931
0.0872436 0.125217 0.988286 -78.2268 -0.0301352 0.991947 -0.12302 -19.0938 -0.995731 -0.0190495 0.0903144 232.058
0.0703884 0.122759 0.989937 -77.0558 -0.0296798 0.992217 -0.120932 -19.2589 -0.997078 -0.0208689 0.0734841 232.159
0.0552365 0.118453 0.991422 -75.8928 -0.0265977 0.99276 -0.117131 -19.4251 -0.998119 -0.0198997 0.0579872 232.233
0.0419228 0.114375 0.992553 -74.7493 -0.0261496 0.993211 -0.113347 -19.5815 -0.998779 -0.0212031 0.0446291 232.288
0.0285905 0.111168 0.99339 -73.6011 -0.0235355 0.993596 -0.110513 -19.7352 -0.999314 -0.0202204 0.0310238 232.338
0.0183801 0.111086 0.993641 -72.4866 -0.0227176 0.993598 -0.110661 -19.8864 -0.999573 -0.0205392 0.020786 232.37
0.0106468 0.113516 0.993479 -71.3719 -0.0228487 0.993304 -0.113251 -20.039 -0.999682 -0.021494 0.0131692 232.386
0.00399797 0.115127 0.993343 -70.2748 -0.0241869 0.993071 -0.114998 -20.1905 -0.9997 -0.0235661 0.00675482 232.407
-0.00160465 0.119525 0.99283 -69.2006 -0.023977 0.992541 -0.119529 -20.3356 -0.999711 -0.0239969 0.00127316 232.42
-0.00723936 0.127604 0.991799 -68.136 -0.0247376 0.991498 -0.127746 -20.5045 -0.999668 -0.0254595 -0.00402119 232.421
-0.013443 0.129996 0.991423 -67.0844 -0.0264975 0.991118 -0.130316 -20.6626 -0.999559 -0.0280221 -0.00987902 232.431
-0.0167831 0.121739 0.99242 -66.0288 -0.0257596 0.992178 -0.122145 -20.8154 -0.999527 -0.0276144 -0.0135159 232.425
-0.0189705 0.112734 0.993444 -64.9716 -0.0231378 0.993307 -0.11316 -20.9539 -0.999552 -0.0251328 -0.0162351 232.412
-0.0208352 0.109645 0.993752 -63.9247 -0.0224817 0.993665 -0.110107 -21.0892 -0.99953 -0.0246354 -0.0182382 232.405
-0.0203544 0.111615 0.993543 -62.9097 -0.0226617 0.993442 -0.112068 -21.2196 -0.999536 -0.0247965 -0.0176915 232.39
-0.0193898 0.114098 0.99328 -61.8976 -0.0227499 0.993159 -0.114528 -21.3609 -0.999553 -0.0248177 -0.0166614 232.371
-0.0174564 0.116534 0.993033 -60.8838 -0.0249778 0.992824 -0.116949 -21.5019 -0.999536 -0.0268453 -0.0144203 232.365
-0.0153784 0.11704 0.993008 -59.8911 -0.02631 0.992734 -0.117415 -21.6407 -0.999536 -0.0279317 -0.0121874 232.369
-0.0119967 0.118597 0.99287 -58.8895 -0.028328 0.992503 -0.118895 -21.7808 -0.999527 -0.0295523 -0.00854714 232.369
-0.00835732 0.119439 0.992806 -57.898 -0.0302113 0.992358 -0.11964 -21.9174 -0.999509 -0.0309938 -0.00468504 232.373
-0.00325994 0.1204 0.99272 -56.9219 -0.032284 0.992195 -0.120443 -22.053 -0.999473 -0.0324417 0.000652507 232.385
0.00233457 0.119416 0.992842 -55.9292 -0.0334097 0.992299 -0.119272 -22.1887 -0.999439 -0.0328921 0.00630624 232.404
0.00992644 0.11797 0.992967 -54.9536 -0.0317929 0.992552 -0.117603 -22.3226 -0.999445 -0.0304019 0.0136031 232.422
0.0165862 0.117411 0.992945 -53.9761 -0.0299967 0.992693 -0.11688 -22.4617 -0.999412 -0.0278465 0.0199869 232.447
0.0242128 0.118679 0.992637 -53.0195 -0.0308303 0.992545 -0.117916 -22.5937 -0.999231 -0.0277482 0.0276913 232.477
0.0316599 0.118214 0.992483 -52.047 -0.03135 0.99261 -0.117229 -22.7332 -0.999007 -0.0274029 0.0351319 232.516
0.0378781 0.117375 0.992365 -51.0709 -0.0327215 0.992691 -0.116165 -22.8601 -0.998747 -0.0280716 0.0414419 232.565
0.0436617 0.115457 0.992352 -50.1071 -0.0328749 0.992928 -0.114077 -22.9881 -0.998505 -0.0276427 0.0471485 232.632
0.0514487 0.114064 0.99214 -49.1461 -0.0332629 0.993101 -0.112449 -23.1189 -0.998122 -0.0272161 0.0548879 232.69
0.0580118 0.114638 0.991712 -48.1983 -0.0344321 0.993024 -0.112776 -23.2474 -0.997722 -0.0276044 0.0615543 232.751
0.0640572 0.116274 0.991149 -47.27 -0.0337194 0.992874 -0.114297 -23.3732 -0.997376 -0.0260994 0.0675214 232.83
0.0706909 0.117727 0.990527 -46.3085 -0.0341684 0.992714 -0.115548 -23.5011 -0.996913 -0.0256765 0.0741984 232.912
0.0783748 0.11932 0.989758 -45.3501 -0.0352996 0.992521 -0.116858 -23.6321 -0.996299 -0.0257794 0.0820006 232.998
0.0844592 0.119822 0.989196 -44.4147 -0.0375619 0.992421 -0.117005 -23.7537 -0.995719 -0.0272739 0.0883198 233.098
0.0915818 0.119331 0.988622 -43.4744 -0.0390276 0.992461 -0.11618 -23.8862 -0.995033 -0.0279435 0.0955486 233.197
0.0983407 0.117293 0.988216 -42.5231 -0.0399645 0.992694 -0.113848 -24.008 -0.99435 -0.0282977 0.10231 233.309
0.104576 0.115587 0.987777 -41.6009 -0.0394069 0.992925 -0.112017 -24.1302 -0.993736 -0.027211 0.108391 233.427
0.110949 0.114734 0.987181 -40.6642 -0.0394407 0.993039 -0.110982 -24.2558 -0.993043 -0.0266217 0.114702 233.54
0.11863 0.11607 0.986131 -39.7576 -0.0386048 0.992932 -0.112227 -24.367 -0.992188 -0.0247559 0.122272 233.657
0.125365 0.116691 0.985224 -38.8289 -0.037955 0.992896 -0.11277 -24.4917 -0.991384 -0.0232568 0.128903 233.783
0.134559 0.11818 0.983833 -37.9113 -0.0375264 0.992758 -0.11412 -24.6204 -0.990195 -0.0215639 0.138019 233.905
0.143796 0.120399 0.982256 -37.0013 -0.0376286 0.992519 -0.116148 -24.7466 -0.988892 -0.0202592 0.147251 234.057
0.152646 0.121634 0.980767 -36.0758 -0.0380968 0.992384 -0.117146 -24.869 -0.987546 -0.0194823 0.156118 234.22
