1.000000000 0.000000000 0.000000000 0.000000000 0.000000000 1.000000000 0.000000000 0.000000000 0.000000000 0.000000000 1.000000000 0.000000000
0.999927759 -0.002893762 0.011664283 0.005596641 0.002883450 0.999995410 0.000900796 -0.001706105 -0.011666836 -0.000867098 0.999931574 0.280632198
0.999833226 -0.005260724 0.017488381 0.037096042 0.005250631 0.999985993 0.000622995 -0.000455731 -0.017491415 -0.000531066 0.999846876 0.584542572
0.999777496 -0.008007571 0.019512903 0.043709733 0.008024602 0.999967515 -0.000794652 -0.003217899 -0.019505903 0.000951059 0.999809265 0.862860918
0.999804556 -0.009279571 0.017463716 0.047123261 0.009320381 0.999954045 -0.002256877 -0.005697986 -0.017441968 0.002419204 0.999844968 1.163865328
0.999873221 -0.011648302 0.010854252 0.041102808 0.011688403 0.999925137 -0.003638265 -0.008278778 -0.010811058 0.003764672 0.999934435 1.458839774
0.999906003 -0.013486147 -0.002456224 0.052796640 0.013473344 0.999895990 -0.005156074 -0.018194975 0.002525505 0.005122496 0.999983668 1.766738892
0.999744594 -0.012622547 -0.018747583 0.033266123 0.012514385 0.999904454 -0.005875553 -0.017352313 0.018819956 0.005639438 0.999807000 2.091214657
0.999265432 -0.008104315 -0.037457000 -0.009140886 0.007883462 0.999950647 -0.006040111 -0.019035805 0.037504099 0.005740383 0.999280035 2.421095133
0.998287141 -0.004484780 -0.058332507 -0.031116992 0.004073596 0.999965966 -0.007165956 -0.026899911 0.058362659 0.006916059 0.998271525 2.766021490
0.996999323 -0.004506598 -0.077278942 -0.090186611 0.003916565 0.999962032 -0.007784981 -0.029888203 0.077311091 0.007458953 0.996979117 3.093834400
0.995260477 -0.005915211 -0.097065344 -0.155127987 0.005207808 0.999957979 -0.007539627 -0.030549305 0.097105868 0.006998394 0.995249450 3.452320576
0.993038297 -0.007107010 -0.117577001 -0.193481207 0.006381644 0.999958217 -0.006544611 -0.038885549 0.117618598 0.005748716 0.993042171 3.817592621
0.990846932 -0.005973301 -0.134857818 -0.268182635 0.005186075 0.999967337 -0.006187997 -0.040510081 0.134890378 0.005431975 0.990845621 4.208089352
0.988519311 -0.005583982 -0.150992140 -0.332216650 0.004916068 0.999976397 -0.004796422 -0.058046889 0.151015371 0.003999068 0.988523304 4.586706638
0.986527205 -0.004658338 -0.163530946 -0.421727896 0.003972905 0.999981821 -0.004518257 -0.068300053 0.163549006 0.003807691 0.986527860 4.984583378
0.984407365 -0.006203662 -0.175794646 -0.499063522 0.005304920 0.999970317 -0.005581947 -0.073990591 0.175824046 0.004562334 0.984411001 5.396290302
0.982661247 -0.009461183 -0.185168505 -0.591044903 0.008138958 0.999935567 -0.007899490 -0.080629185 0.185231328 0.006255445 0.982675016 5.823834896
0.980897665 -0.009397699 -0.194297180 -0.666878045 0.007691452 0.999924898 -0.009534198 -0.089308709 0.194372222 0.007857645 0.980896354 6.276158333
0.979564846 -0.008894634 -0.200931430 -0.779205501 0.006761756 0.999913275 -0.011298794 -0.094957478 0.201014519 0.009709255 0.979540110 6.718967438
0.977809548 -0.009247815 -0.209291622 -0.875638902 0.006477460 0.999882102 -0.013918398 -0.106657431 0.209395647 0.012253866 0.977754235 7.167949677
0.976085484 -0.013085143 -0.216992930 -0.982045949 0.009952270 0.999829888 -0.015524241 -0.118682012 0.217159227 0.012993417 0.976049662 7.656817436
0.974314928 -0.019450825 -0.224348083 -1.097706318 0.016038505 0.999726474 -0.017022412 -0.129287422 0.224617839 0.012986981 0.974360347 8.129136086
0.972200751 -0.020302013 -0.233267426 -1.211840391 0.016211092 0.999679565 -0.019441519 -0.143086195 0.233587399 0.015119533 0.972218215 8.620792389
0.970120013 -0.015381252 -0.242137253 -1.349884748 0.009912395 0.999667883 -0.023787867 -0.155032218 0.242422730 0.020676930 0.969950318 9.141658783
0.967903793 -0.012744060 -0.250997722 -1.492302895 0.006424859 0.999641776 -0.025979718 -0.177612007 0.251238942 0.023533246 0.967639029 9.672263145
0.965826213 -0.015279217 -0.258739650 -1.651249409 0.008264356 0.999568820 -0.028177721 -0.189764962 0.259058625 0.025076468 0.965535998 10.178334236
0.963453054 -0.018185740 -0.267259121 -1.805289984 0.010343501 0.999474406 -0.030721894 -0.209148765 0.267677367 0.026834706 0.963134825 10.729706764
0.961083353 -0.017474499 -0.275705069 -1.961197853 0.008732130 0.999420464 -0.032904968 -0.232339904 0.276120275 0.029216925 0.960678875 11.277803421
0.959173381 -0.016423592 -0.282341182 -2.161714554 0.006354481 0.999312043 -0.036541756 -0.255283833 0.282747149 0.033255748 0.958617747 11.846200943
0.956392109 -0.017797004 -0.291542947 -2.323068380 0.005902043 0.999115765 -0.041628852 -0.281034440 0.292026013 0.038092807 0.955651402 12.427445412
0.954784751 -0.019024597 -0.296688437 -2.509500504 0.004636883 0.998781979 -0.049122922 -0.315372080 0.297261506 0.045526110 0.953710079 12.997648239
0.953552127 -0.019052753 -0.300624430 -2.694294691 0.001907389 0.998359680 -0.057223231 -0.350008726 0.301221550 0.053991932 0.952024400 13.575124741
0.952552378 -0.019756600 -0.303732783 -2.908950329 -0.000209746 0.997848332 -0.065563828 -0.394131184 0.304374576 0.062516689 0.950498700 14.155572891
0.951173782 -0.019330293 -0.308049947 -3.119933128 -0.003796869 0.997228742 -0.074300297 -0.438347518 0.308632523 0.071842119 0.948464334 14.782782555
0.950043023 -0.018206518 -0.311587274 -3.333399773 -0.007570676 0.996659219 -0.081319645 -0.487679243 0.312026948 0.079616085 0.946731508 15.362706184
0.948294580 -0.016271247 -0.316974282 -3.561555147 -0.012395456 0.996024549 -0.088212527 -0.546117902 0.317149490 0.087580495 0.944322944 16.039590836
0.946619749 -0.014949225 -0.322005868 -3.786286116 -0.016223243 0.995448887 -0.093906462 -0.607233703 0.321944177 0.094117671 0.942068875 16.687185287
0.944743991 -0.013891699 -0.327514887 -4.017157078 -0.019664655 0.994900703 -0.098923504 -0.680246472 0.327219069 0.099897861 0.939653158 17.356128693
0.942860246 -0.011314987 -0.332996279 -4.251704216 -0.023976097 0.994528115 -0.101680361 -0.753652573 0.332324713 0.103854328 0.937429786 18.010959625
0.941577137 -0.009952025 -0.336650342 -4.528728485 -0.026394531 0.994308591 -0.103216521 -0.825467944 0.335761487 0.106072024 0.935955644 18.675205231
0.939466476 -0.009388309 -0.342512250 -4.776109695 -0.027218910 0.994420588 -0.101915136 -0.906512380 0.341558069 0.105068654 0.933969319 19.313861847
0.937070906 -0.009396109 -0.349012613 -5.050377846 -0.027600178 0.994515955 -0.100878589 -0.984067559 0.348046422 0.104163207 0.931672513 20.057760239
0.934553087 -0.009105210 -0.355706990 -5.324063301 -0.028054686 0.994675040 -0.099169612 -1.062096477 0.354715794 0.102658525 0.929321229 20.738899231
0.931778729 -0.007788532 -0.362943113 -5.621500969 -0.029240146 0.994911373 -0.096417978 -1.134920001 0.361847162 0.100452743 0.926809430 21.443010330
0.928147078 -0.006524252 -0.372156501 -5.909609795 -0.029137425 0.995504618 -0.090119980 -1.220363140 0.371071488 0.094488278 0.923784554 22.171150208
0.924958646 -0.002400724 -0.380060464 -6.226053238 -0.032309007 0.995863616 -0.084921457 -1.297159672 0.378692269 0.090828210 0.921055079 22.889308929
0.921200335 0.001396960 -0.389086068 -6.543947220 -0.035759579 0.996065199 -0.081088156 -1.366616607 0.387441844 0.088611983 0.917625606 23.619848251
0.917334735 0.001663366 -0.398113430 -6.871936798 -0.036275111 0.996180773 -0.079423092 -1.435864687 0.396460801 0.087299168 0.913891494 24.367341995
0.913361192 0.001211339 -0.407148331 -7.208024025 -0.036367103 0.996241152 -0.078618824 -1.508873463 0.405522674 0.086614206 0.909972131 25.085014343
0.909530520 0.001149723 -0.415635556 -7.549876213 -0.036635883 0.996325791 -0.077413850 -1.575566411 0.414019465 0.085637450 0.906230688 25.837236404
0.905256450 0.001650296 -0.424862564 -7.907485962 -0.037353020 0.996429384 -0.075717784 -1.645711184 0.423220694 0.084413916 0.902085662 26.603576660
0.902209520 0.002221905 -0.431292236 -8.306074142 -0.037410926 0.996620893 -0.073124640 -1.715033174 0.429672450 0.082108788 0.899244010 27.343004227
0.898220837 0.002353033 -0.439538240 -8.675411224 -0.036408223 0.996947527 -0.069065146 -1.778923035 0.438034087 0.078038558 0.895564675 28.117256165
0.894506335 0.005070919 -0.447026581 -9.070882797 -0.037367113 0.997284651 -0.063459255 -1.840404034 0.445490867 0.073468797 0.892266870 28.878763199
0.891091585 0.005513893 -0.453790128 -9.503564835 -0.036563270 0.997547865 -0.059677023 -1.898400307 0.452348351 0.069769740 0.889108062 29.668191910
0.887510717 0.003639509 -0.460772663 -9.906206131 -0.034119900 0.997742712 -0.057838701 -1.956472158 0.459522009 0.067053974 0.885631621 30.452432632
0.883855641 0.003074353 -0.467749655 -10.316160202 -0.033380561 0.997843444 -0.056517139 -2.016586065 0.466567189 0.065566733 0.882052183 31.238451004
0.880686283 0.002805812 -0.473691642 -10.746282578 -0.032501180 0.997983873 -0.054514751 -2.068416119 0.472583741 0.063405924 0.879001856 32.041183472
0.877777398 0.002074918 -0.479064107 -11.189542770 -0.031477869 0.998079419 -0.053353257 -2.122875690 0.478033394 0.061912194 0.876156986 32.848094940
0.875039279 0.001116769 -0.484050602 -11.675835609 -0.030763166 0.998104095 -0.053309146 -2.184209824 0.483073324 0.061538532 0.873414636 33.690837860
0.873372495 0.000926052 -0.487051815 -12.156946182 -0.031043448 0.998070776 -0.053768881 -2.237585783 0.486062288 0.062080033 0.871716321 34.516555786
0.871899307 0.000923237 -0.489684314 -12.628050804 -0.031410739 0.998044252 -0.054046184 -2.299547672 0.488676727 0.062504172 0.870223105 35.349643707
0.871479034 0.001046866 -0.490431517 -13.116638184 -0.031173754 0.998093724 -0.053264126 -2.352889299 0.489440858 0.061707165 0.869850457 36.197494507
0.870977521 0.000760898 -0.491322130 -13.591856003 -0.030019317 0.998212874 -0.051669993 -2.410781860 0.490404785 0.059752561 0.869443893 37.048408508
0.871066511 0.000734914 -0.491164476 -14.110952377 -0.029403532 0.998283386 -0.050652631 -2.478379250 0.490284145 0.058563795 0.869592786 37.933055878
0.870384634 -0.001411952 -0.492370486 -14.596163750 -0.027650347 0.998277664 -0.051741429 -2.534196377 0.491595536 0.058649160 0.868846416 38.808780670
0.869025230 -0.004163709 -0.494750232 -15.090228081 -0.024946807 0.998323858 -0.052220553 -2.590878010 0.494138509 0.057723418 0.867464781 39.684154510
0.867789805 -0.004282560 -0.496912926 -15.595190048 -0.023883885 0.998447716 -0.050314851 -2.646318436 0.496357113 0.055530928 0.866340578 40.555438995
0.865066171 -0.003753582 -0.501643717 -16.107578278 -0.022564771 0.998668671 -0.046384733 -2.710254192 0.501150012 0.051445339 0.863829851 41.470691681
0.862691104 -0.004421412 -0.505711913 -16.646100998 -0.020001836 0.998881102 -0.042854190 -2.759635925 0.505335510 0.047085091 0.861637473 42.350238800
0.858404100 -0.004463706 -0.512954533 -17.172670364 -0.019120431 0.998988867 -0.040690247 -2.821889639 0.512617528 0.044736583 0.857450724 43.240303040
0.852764845 -0.007896744 -0.522235334 -17.686342239 -0.016930927 0.998942316 -0.042751785 -2.878391743 0.522020459 0.045299150 0.851729095 44.105014801
0.846566617 -0.011765307 -0.532152534 -18.250591278 -0.014654642 0.998861492 -0.045396846 -2.947248459 0.532080770 0.046229959 0.845430493 45.012340546
0.840880096 -0.011742885 -0.541094184 -18.819210052 -0.015032573 0.998872101 -0.045038790 -2.999385595 0.541012704 0.046006259 0.839754939 45.859954834
0.834794343 -0.008201572 -0.550500810 -19.399517059 -0.016504008 0.999066830 -0.039911609 -3.052054405 0.550314486 0.042403456 0.833879948 46.734027863
0.830061674 -0.004034820 -0.557657003 -19.980604172 -0.019080238 0.999182880 -0.035629977 -3.103175640 0.557344973 0.040215302 0.829306483 47.577732086
0.825861752 -0.004270151 -0.563856483 -20.564617157 -0.020397145 0.999090612 -0.037441257 -3.147093773 0.563503623 0.042422358 0.825023651 48.437419891
0.822517097 -0.006230111 -0.568706274 -21.151084900 -0.021330327 0.998898566 -0.041792776 -3.195212603 0.568340242 0.046505958 0.821478367 49.265613556
0.819639623 -0.007561247 -0.572829545 -21.733228683 -0.024442185 0.998540819 -0.048153937 -3.263529062 0.572357774 0.053470094 0.818258822 50.077136993
0.816483676 -0.008828276 -0.577301085 -22.319438934 -0.024225559 0.998478770 -0.049531549 -3.319771051 0.576860070 0.054427151 0.815027654 50.892211914
0.812803507 -0.007624140 -0.582488060 -22.915390015 -0.023301505 0.998688579 -0.045586668 -3.381602287 0.582071722 0.050625853 0.811559916 51.725410461
0.809875071 -0.005297848 -0.586578369 -23.525117874 -0.022798724 0.998919427 -0.040499695 -3.434865952 0.586158991 0.046172939 0.808879256 52.560077667
0.807058394 -0.004098644 -0.590457320 -24.140426636 -0.022073459 0.999067605 -0.037105806 -3.491936445 0.590058804 0.042979993 0.806215346 53.377418518
0.803729236 -0.002149293 -0.594991267 -24.760341644 -0.025571480 0.998944700 -0.038151089 -3.536733150 0.594445348 0.045877960 0.802826166 54.200485229
0.800853670 -0.002973228 -0.598852694 -25.400104523 -0.026227551 0.998854041 -0.040033635 -3.585313797 0.598285437 0.047767524 0.799857914 55.023654938
0.796413600 -0.007088410 -0.604710758 -26.027347565 -0.023346433 0.998825550 -0.042455845 -3.643044233 0.604301512 0.047930244 0.795312762 55.865638733
0.792096555 -0.008733395 -0.610333204 -26.674652100 -0.022163967 0.998826742 -0.043057058 -3.691389799 0.609993219 0.047632750 0.790973723 56.697174072
0.787864566 -0.008645542 -0.615787745 -27.334533691 -0.021721626 0.998889148 -0.041815773 -3.752482176 0.615465283 0.046321068 0.786801517 57.523296356
0.782377422 -0.008287276 -0.622749388 -28.000587463 -0.022150209 0.998908579 -0.041120958 -3.808020830 0.622410536 0.045966141 0.781339943 58.363803864
0.777638435 -0.009439856 -0.628640950 -28.672389984 -0.022260003 0.998847067 -0.042534940 -3.857544422 0.628317535 0.047070354 0.776531756 59.164863586
0.772404671 -0.011020301 -0.635035038 -29.360847473 -0.020919377 0.998865545 -0.042778779 -3.922540903 0.634786069 0.046327066 0.771297872 59.998249054
0.766105950 -0.012466425 -0.642593384 -30.010858536 -0.020625969 0.998820007 -0.043967765 -3.973064423 0.642383218 0.046938073 0.764944851 60.794326782
0.760571122 -0.014054215 -0.649102449 -30.685039520 -0.020147095 0.998773277 -0.045232117 -4.029035568 0.648941875 0.047479771 0.759355128 61.575317383
0.755238056 -0.014920782 -0.655280828 -31.427783966 -0.020054108 0.998746753 -0.045854695 -4.096995354 0.655143738 0.047772277 0.753992498 62.396736145
0.748595357 -0.016383782 -0.662824810 -32.125122070 -0.019375231 0.998727202 -0.046569064 -4.145949364 0.662744105 0.047703769 0.747324944 63.205089569
0.742319643 -0.015985722 -0.669855177 -32.857395172 -0.018657323 0.998834610 -0.044512287 -4.211956501 0.669786096 0.045540050 0.741156280 64.013702393
0.736402690 -0.016804248 -0.676334858 -33.588115692 -0.017690212 0.998871386 -0.044079348 -4.265221119 0.676312208 0.044424653 0.735274255 64.792709351
0.730688214 -0.018016543 -0.682473540 -34.342784882 -0.017413683 0.998834670 -0.045012031 -4.320855141 0.682489157 0.044774137 0.729522943 65.562911987
0.723193228 -0.019545764 -0.690369129 -35.112766266 -0.016882826 0.998800457 -0.045963630 -4.396346569 0.690439343 0.044895962 0.721995711 66.383934021
0.717779934 -0.019136401 -0.696007073 -35.868041992 -0.018262915 0.998760879 -0.046294712 -4.446087360 0.696030438 0.045940530 0.716540992 67.137992859
0.712018549 -0.018688129 -0.701911926 -36.650165558 -0.017741565 0.998847783 -0.044590957 -4.522213936 0.701936483 0.044202611 0.710866570 67.922103882
0.706845522 -0.018130528 -0.707135499 -37.406349182 -0.018690817 0.998843670 -0.044292897 -4.581881046 0.707120895 0.044525184 0.705689430 68.683235168
0.702998638 -0.017717516 -0.710970521 -38.226573944 -0.020488469 0.998770118 -0.045148283 -4.641494751 0.710896075 0.046305876 0.701771140 69.447647095
0.696938276 -0.021110225 -0.716820300 -39.049308777 -0.018786924 0.998686135 -0.047676969 -4.710915089 0.716884971 0.046694748 0.695626020 70.260757446
0.692410886 -0.023496054 -0.721120656 -39.859466553 -0.018541904 0.998560011 -0.050339486 -4.772429943 0.721265078 0.048226565 0.690978229 71.009307861
0.687558949 -0.023903416 -0.725734949 -40.678737640 -0.019043408 0.998520613 -0.050929781 -4.839115620 0.725878716 0.048837699 0.686086714 71.775703430
0.682114244 -0.023636756 -0.730863512 -41.506958008 -0.019271256 0.998549223 -0.050279777 -4.893127441 0.730991662 0.048381202 0.680669129 72.571685791
0.677480876 -0.023545410 -0.735163510 -42.336677551 -0.018916745 0.998599172 -0.049415067 -4.957801342 0.735297143 0.047384661 0.676086307 73.313217163
0.671501279 -0.024748484 -0.740589976 -43.166931152 -0.017506748 0.998633265 -0.049245145 -5.029907703 0.740796566 0.046033498 0.670150280 74.089889526
0.667323887 -0.026071673 -0.744311035 -44.024925232 -0.016289705 0.998637021 -0.049584974 -5.094668388 0.744589448 0.045213848 0.665989697 74.835937500
0.662820876 -0.026831808 -0.748297155 -44.886322021 -0.015275240 0.998665214 -0.049339663 -5.161276817 0.748622239 0.044133775 0.661526203 75.594871521
0.658752799 -0.027761282 -0.751847029 -45.736335754 -0.013783987 0.998705864 -0.048953567 -5.234292030 0.752233207 0.042611748 0.657517612 76.342918396
0.654710889 -0.030496910 -0.755263865 -46.597038269 -0.011110632 0.998689532 -0.049957629 -5.304810524 0.755797923 0.041099261 0.653513968 77.090576172
0.650665760 -0.035297006 -0.758543432 -47.471054077 -0.008295301 0.998529136 -0.053579744 -5.368681431 0.759318829 0.041154854 0.649415970 77.832481384
0.645727336 -0.039880104 -0.762525976 -48.358711243 -0.003588673 0.998465598 -0.055258729 -5.433738232 0.763559759 0.038418524 0.644593298 78.590919495
0.638702214 -0.043289352 -0.768235207 -49.263935089 0.001027407 0.998463273 -0.055408318 -5.508350372 0.769453228 0.034600131 0.637765229 79.362213135
0.630494118 -0.046241280 -0.774815381 -50.171936035 0.005011124 0.998445511 -0.055509888 -5.590358734 0.776177824 0.031115968 0.629745781 80.093025208
0.622165382 -0.047323033 -0.781454265 -51.088012695 0.007291591 0.998478353 -0.054660209 -5.657005310 0.782851875 0.028309645 0.621563733 80.807357788
0.613969088 -0.045775793 -0.788001478 -52.036819458 0.007349454 0.998605192 -0.052283660 -5.729192734 0.789295733 0.026309181 0.613449275 81.521797180
0.603306532 -0.045438554 -0.796213806 -52.994270325 0.007126664 0.998642862 -0.051590819 -5.816156864 0.797477484 0.025450733 0.602811575 82.287971497
0.593788862 -0.047233749 -0.803233206 -53.930858612 0.006915099 0.998538196 -0.053606592 -5.882127762 0.804591060 0.026276561 0.593247473 82.969955444
0.584653080 -0.049451347 -0.809774816 -54.905158997 0.007059702 0.998412907 -0.055874035 -5.950830936 0.811252534 0.026950162 0.584074378 83.646530151
0.574256420 -0.050990202 -0.817086041 -55.872661591 0.007811449 0.998354375 -0.056812275 -6.035324097 0.818638265 0.026242187 0.573709667 84.340454102
0.564258099 -0.051451314 -0.823993683 -56.854812622 0.010527195 0.998423457 -0.055134092 -6.120633602 0.825531363 0.022435514 0.563910127 85.014205933
0.554857552 -0.051875208 -0.830326438 -57.845783234 0.011469901 0.998436153 -0.054713320 -6.189237118 0.831866324 0.020834338 0.554584920 85.660728455
0.544614851 -0.052962586 -0.837012351 -58.851387024 0.012139300 0.998397291 -0.055275716 -6.264976025 0.838598490 0.019943230 0.544384897 86.311386108
0.533887088 -0.053040311 -0.843890607 -59.898330688 0.010740960 0.998375475 -0.055954743 -6.350373745 0.845487535 0.020809317 0.533589482 86.973739624
0.524553597 -0.053778261 -0.849677265 -60.930839539 0.009336271 0.998306334 -0.057421569 -6.421042442 0.851326287 0.022187876 0.524167240 87.588409424
0.513869584 -0.055696458 -0.856058419 -61.949363708 0.008960323 0.998184204 -0.059564717 -6.497594357 0.857821584 0.022937933 0.513435543 88.216552734
0.504778683 -0.054191183 -0.861546159 -63.017402649 0.007411057 0.998262942 -0.058448527 -6.595111370 0.863216996 0.023118604 0.504303455 88.818176270
0.496300966 -0.051925540 -0.866596222 -64.075950623 0.006261944 0.998397887 -0.056236718 -6.676361084 0.868128002 0.022483759 0.495830923 89.412696838
0.488774896 -0.050390430 -0.870953441 -65.156188965 0.006914743 0.998522937 -0.053890653 -6.757019043 0.872382462 0.020317981 0.488401413 89.991851807
0.479955792 -0.050975241 -0.875810444 -66.204559326 0.007769074 0.998518229 -0.053859707 -6.836062908 0.877258301 0.019046044 0.479640663 90.595130920
0.473494351 -0.054477565 -0.879110456 -67.287864685 0.009703257 0.998347461 -0.056640316 -6.909109116 0.880743384 0.018288638 0.473240525 91.155212402
0.465800434 -0.057684194 -0.883007646 -68.356521606 0.012634200 0.998204768 -0.058544930 -7.000075340 0.884799600 0.016114159 0.465693027 91.736358643
0.460745752 -0.060405917 -0.885474205 -69.426429749 0.012859915 0.998030782 -0.061392896 -7.079668999 0.887438953 0.016899386 0.460615218 92.273208618
0.454195797 -0.063660502 -0.888624549 -70.548164368 0.015332099 0.997854531 -0.063649118 -7.177245140 0.890769958 0.015284672 0.454197347 92.868103027
0.450127125 -0.065025873 -0.890593767 -71.627342224 0.018415842 0.997808933 -0.063546300 -7.265944958 0.892774582 0.012202882 0.450338334 93.406951904
0.445586175 -0.062422588 -0.893060088 -72.735420227 0.020440770 0.998015404 -0.059559919 -7.361102581 0.895005584 0.008284238 0.445977807 93.953773499
0.443039507 -0.060763679 -0.894440413 -73.831756592 0.023231328 0.998143494 -0.056301653 -7.443020821 0.896201015 0.004164821 0.443628669 94.475830078
0.439309895 -0.059807673 -0.896342456 -74.931182861 0.024266349 0.998207331 -0.054711241 -7.535908222 0.898007810 0.002284230 0.439973652 95.025650024
0.434811771 -0.060070679 -0.898515582 -76.011703491 0.027179928 0.998193622 -0.053581718 -7.619335175 0.900111079 -0.001123627 0.435659051 95.577171326
0.433511406 -0.060128752 -0.899139762 -77.094131470 0.029678781 0.998182893 -0.052442785 -7.690627575 0.900659263 -0.003950824 0.434508204 96.082672119
0.430290490 -0.058243867 -0.900809467 -78.195228577 0.030886922 0.998282015 -0.049792368 -7.781572342 0.902161837 -0.006398049 0.431350172 96.618804932
0.427986026 -0.059991747 -0.901791990 -79.267959595 0.033786833 0.998159051 -0.050367497 -7.852268696 0.903153718 -0.008912112 0.429225087 97.135467529
0.425868511 -0.059677158 -0.902814806 -80.371894836 0.035023447 0.998161852 -0.049458746 -7.933389664 0.904106915 -0.010556766 0.427175790 97.649185181
0.423204750 -0.059035141 -0.904108703 -81.431762695 0.038356055 0.998147786 -0.047221467 -8.003244400 0.905221820 -0.014693696 0.424685299 98.154113770
0.420880228 -0.058435582 -0.905232072 -82.488159180 0.040521357 0.998137832 -0.045592878 -8.075672150 0.906210721 -0.017492093 0.422464430 98.658821106
0.419106334 -0.060054265 -0.905948997 -83.519218445 0.043231666 0.997998178 -0.046156462 -8.143674850 0.906907380 -0.019821215 0.420863658 99.140800476
0.419263780 -0.060691047 -0.905833542 -84.566932678 0.043601137 0.997957706 -0.046682652 -8.219541550 0.906816840 -0.019923033 0.421053767 99.601837158
0.419285715 -0.060724337 -0.905821085 -85.614479065 0.041445695 0.998000503 -0.047719505 -8.300946236 0.906907737 -0.017534273 0.420964122 100.060592651
0.419672877 -0.061552413 -0.905586004 -86.618270874 0.040974535 0.997965693 -0.048842739 -8.372148514 0.906750023 -0.016607992 0.421341240 100.522338867
0.420923680 -0.061711174 -0.904994428 -87.609161377 0.040289212 0.997970402 -0.049312167 -8.456449509 0.906200886 -0.015704855 0.422555774 100.994132996
0.425546080 -0.061812147 -0.902823210 -88.598831177 0.037833568 0.998007357 -0.050496101 -8.528161049 0.904145658 -0.012668602 0.427036703 101.452987671
0.430236399 -0.062466700 -0.900552392 -89.563461304 0.036783908 0.997987509 -0.051651865 -8.599216461 0.901966512 -0.010903324 0.431668311 101.909210205
0.435762286 -0.063161537 -0.897842884 -90.532104492 0.036722735 0.997951746 -0.052380867 -8.663322449 0.899312377 -0.010145636 0.437189162 102.380264282
0.443545014 -0.062111992 -0.894097209 -91.487213135 0.036181685 0.998023450 -0.051382560 -8.736791611 0.895521402 -0.009559467 0.444915622 102.831237793
0.450776339 -0.060023531 -0.890616477 -92.438011169 0.033735137 0.998169363 -0.050197419 -8.811006546 0.891999245 -0.007417259 0.451976091 103.321578979
0.460671991 -0.059370998 -0.885582507 -93.370773315 0.032515939 0.998219371 -0.050007869 -8.875950813 0.886974692 -0.005758324 0.461782247 103.781356812
0.469145656 -0.059636828 -0.881104887 -94.304176331 0.033564925 0.998200476 -0.049690634 -8.946922302 0.882482708 -0.006262065 0.470303178 104.292556763
0.478801250 -0.060465470 -0.875838697 -95.222076416 0.032157384 0.998163879 -0.051330745 -9.010970116 0.877334177 -0.003587450 0.479866505 104.794960022
0.488746762 -0.061817557 -0.870232821 -96.139953613 0.030506223 0.998087347 -0.053766649 -9.082870483 0.871892154 -0.000269241 0.489697844 105.309539795
0.500884891 -0.062593363 -0.863247573 -97.053428650 0.029084645 0.998035312 -0.055490840 -9.154429436 0.865025103 0.002687278 0.501721442 105.822227478
0.512598634 -0.060747329 -0.856476724 -97.977493286 0.026648834 0.998139083 -0.054845773 -9.222849846 0.858214676 0.005289762 0.513263643 106.371917725
0.525402248 -0.057940178 -0.848878920 -98.868347168 0.025220381 0.998300791 -0.052529149 -9.302511215 0.850480139 0.006189875 0.525970757 106.910888672
0.537683725 -0.055914391 -0.841290593 -99.745391846 0.024434784 0.998412907 -0.050740447 -9.366847992 0.842792511 0.006725559 0.538196564 107.463546753
0.549398661 -0.054789979 -0.833762050 -100.628997803 0.024046229 0.998471260 -0.049768709 -9.438888550 0.835214257 0.007294025 0.549876273 108.045669556
0.560514450 -0.054974046 -0.826317966 -101.470458984 0.024065208 0.998454094 -0.050101969 -9.506455421 0.827794909 0.008197363 0.560970962 108.610954285
0.572500527 -0.055602543 -0.818016768 -102.321357727 0.023650348 0.998402536 -0.051311769 -9.576189041 0.819563091 0.010029636 0.572901070 109.177818298
0.583401561 -0.058082588 -0.810104311 -103.126762390 0.026653236 0.998271525 -0.052379239 -9.637430191 0.811746359 0.008966233 0.583941162 109.758682251
0.594258428 -0.057331875 -0.802228153 -103.967147827 0.025802905 0.998301625 -0.052230667 -9.704735756 0.803860128 0.010338694 0.594728470 110.375778198
0.604768753 -0.054220889 -0.794553220 -104.754531860 0.024211816 0.998470306 -0.049707681 -9.775753021 0.796032965 0.010824074 0.605156422 110.971893311
0.614537239 -0.052099101 -0.787165582 -105.529350281 0.024778787 0.998599350 -0.046748281 -9.835356712 0.788498580 0.009223551 0.614967406 111.580032349
0.624540567 -0.050548732 -0.779354811 -106.287178040 0.023639247 0.998669624 -0.045829974 -9.896050453 0.780634582 0.010199318 0.624904454 112.179473877
0.635020316 -0.049201485 -0.770927012 -107.062805176 0.021520283 0.998709023 -0.046012335 -9.968885422 0.772195637 0.012628202 0.635259330 112.810180664
0.644509375 -0.048956089 -0.763027489 -107.809097290 0.019685144 0.998679757 -0.047448080 -10.026612282 0.764343023 0.015560430 0.644622028 113.426872253
0.654098451 -0.048630502 -0.754844487 -108.540229797 0.019624442 0.998686314 -0.047334645 -10.081414223 0.756154656 0.016148118 0.654193580 114.040313721
0.662798643 -0.046591215 -0.747346699 -109.240913391 0.018997699 0.998787344 -0.045418099 -10.138021469 0.748556614 0.015905188 0.662880123 114.677597046
0.671851397 -0.045047253 -0.739314854 -109.946273804 0.019884920 0.998886049 -0.042792823 -10.200386047 0.740418971 0.014049198 0.671998739 115.301559448
0.679993033 -0.044579625 -0.731862068 -110.631614685 0.020361187 0.998913109 -0.041928265 -10.254661560 0.732935727 0.013609348 0.680161595 115.936836243
0.687413871 -0.044254217 -0.724916399 -111.283843994 0.019599425 0.998908758 -0.042395242 -10.306777954 0.726001441 0.014935129 0.687530994 116.554321289
0.695128739 -0.042620186 -0.717620969 -111.941101074 0.018332181 0.998967230 -0.041572027 -10.359509468 0.718651652 0.015742349 0.695192218 117.177276611
0.702243268 -0.040200368 -0.710801303 -112.586761475 0.018160449 0.999091029 -0.038563207 -10.413345337 0.711705565 0.014172281 0.702335060 117.818130493
0.709514856 -0.038261101 -0.703650951 -113.230110168 0.017922305 0.999181688 -0.036258951 -10.461624146 0.704462409 0.013115220 0.709620059 118.462440491
0.716899753 -0.036162298 -0.696237743 -113.837944031 0.016431868 0.999252796 -0.034981258 -10.513041496 0.696982563 0.013637569 0.716958404 119.081787109
0.724739075 -0.035023581 -0.688132763 -114.440101624 0.015326373 0.999279618 -0.034718201 -10.559518814 0.688852966 0.014615056 0.724753737 119.701454163
0.732463181 -0.032758839 -0.680017889 -115.046768188 0.013337474 0.999340415 -0.033775613 -10.595045090 0.680675924 0.015669674 0.732417166 120.345916748
0.741429985 -0.030069318 -0.670356274 -115.632049561 0.012308861 0.999436855 -0.031216577 -10.630926132 0.670917451 0.014893585 0.741382539 120.986579895
0.750813603 -0.026386840 -0.659986854 -116.169479370 0.010753285 0.999557555 -0.027730025 -10.675855637 0.660426557 0.013723053 0.750765204 121.601585388
0.760761857 -0.024269972 -0.648577094 -116.705055237 0.009028348 0.999599636 -0.026815364 -10.713300705 0.648968220 0.014544530 0.760676444 122.237915039
0.770698965 -0.022879489 -0.636788547 -117.261352539 0.006907837 0.999596357 -0.027554505 -10.753875732 0.637161970 0.016837398 0.770546019 122.884925842
0.780687809 -0.024049535 -0.624458313 -117.779396057 0.007062207 0.999534965 -0.029665664 -10.783843994 0.624881446 0.018749567 0.780494571 123.526962280
0.790496290 -0.023095084 -0.612031102 -118.283866882 0.006623270 0.999552667 -0.029163685 -10.822067261 0.612430990 0.019000135 0.790295780 124.173683167
0.800608039 -0.021295793 -0.598809958 -118.780235291 0.006023348 0.999603868 -0.027496221 -10.859477997 0.599158227 0.018406853 0.800419033 124.838897705
0.810695946 -0.018934827 -0.585161150 -119.245315552 0.005814032 0.999688089 -0.024293315 -10.896791458 0.585438550 0.016292349 0.810553074 125.472869873
0.820468068 -0.018162973 -0.571403682 -119.725250244 0.006508495 0.999727130 -0.022432484 -10.920307159 0.571655214 0.014686154 0.820362508 126.154418945
0.829664111 -0.016808309 -0.558009863 -120.193023682 0.007071941 0.999782860 -0.019600598 -10.952790260 0.558218122 0.012315700 0.829602838 126.842575073
0.837696016 -0.015327631 -0.545921683 -120.643608093 0.007096458 0.999827147 -0.017182518 -10.985507965 0.546090722 0.010519619 0.837660015 127.513572693
0.845040560 -0.015176363 -0.534486771 -121.074768066 0.008187179 0.999847114 -0.015445751 -11.017518997 0.534639418 0.008676347 0.845035732 128.203872681
0.851428807 -0.015713310 -0.524234772 -121.509963989 0.008950884 0.999840856 -0.015431580 -11.034872055 0.524393797 0.008446528 0.851433992 128.919235229
0.857879460 -0.015034818 -0.513630986 -121.923767090 0.007998431 0.999841452 -0.015907813 -11.051340103 0.513788640 0.009538746 0.857863784 129.627487183
0.864821196 -0.012561924 -0.501922786 -122.357185364 0.005958093 0.999873281 -0.014758539 -11.073925972 0.502044618 0.009772995 0.864786506 130.329421997
0.871090233 -0.012065843 -0.490974665 -122.765571594 0.005468581 0.999874473 -0.014869812 -11.090365410 0.491092443 0.010268012 0.871046901 131.052581787
0.876890302 -0.012105662 -0.480538070 -123.164031982 0.005918306 0.999878943 -0.014389062 -11.124159813 0.480654120 0.009773658 0.876855850 131.780670166
0.881847858 -0.013710289 -0.471334636 -123.574409485 0.007330623 0.999855042 -0.015368714 -11.145318985 0.471477091 0.010097690 0.881820500 132.537139893
0.886004508 -0.014025817 -0.463464320 -123.955551147 0.007586729 0.999847114 -0.015754817 -11.168565750 0.463614494 0.010442660 0.885975540 133.283096313
0.889749229 -0.013335316 -0.456254900 -124.354965210 0.007086811 0.999856174 -0.015403486 -11.185544968 0.456394732 0.010471846 0.889715791 134.024871826
0.892904282 -0.011187342 -0.450107515 -124.743453979 0.006478440 0.999906898 -0.012000853 -11.204439163 0.450199932 0.007799619 0.892893732 134.791717529
0.895868361 -0.007591133 -0.444254667 -125.129547119 0.004678503 0.999959767 -0.007652154 -11.227725029 0.444295019 0.004776876 0.895867705 135.580871582
0.899276495 -0.004960238 -0.437352449 -125.514816284 0.003157124 0.999983251 -0.004849699 -11.244014740 0.437369138 0.002980444 0.899277210 136.373168945
0.902458012 -0.002199349 -0.430772185 -125.903381348 0.001086357 0.999995351 -0.002829683 -11.256188393 0.430776387 0.002085697 0.902456343 137.176315308
0.905762255 -0.000249378 -0.423786074 -126.303237915 0.000044412 0.999999881 -0.000493530 -11.266480446 0.423786134 0.000428200 0.905762196 137.994232178
0.909071326 0.001225892 -0.416638762 -126.685615540 -0.000288040 0.999997258 0.002313851 -11.275498390 0.416640460 -0.001983446 0.909069240 138.830520630
0.912346721 0.001131069 -0.409416974 -127.055984497 0.000672080 0.999990702 0.004260273 -11.282768250 0.409417927 -0.004162007 0.912337422 139.668395996
0.915777743 0.000899815 -0.401684552 -127.437454224 0.001371949 0.999984622 0.005367897 -11.287661552 0.401683182 -0.005466891 0.915762305 140.535339355
0.919526398 0.000030202 -0.393028229 -127.822387695 0.002084918 0.999985576 0.004954704 -11.284028053 0.393022746 -0.005375413 0.919513047 141.418869019
0.923363268 -0.002916647 -0.383916378 -128.195831299 0.004944056 0.999978542 0.004294099 -11.285865784 0.383895576 -0.005863118 0.923357785 142.311492920
0.927192211 -0.004256570 -0.374561727 -128.551391602 0.005787868 0.999978840 0.002963425 -11.291231155 0.374541163 -0.004915577 0.927197397 143.204299927
0.931560934 -0.005037596 -0.363550335 -128.909759521 0.005806665 0.999982595 0.001022565 -11.298137665 0.363538831 -0.003063597 0.931574047 144.124359131
0.936812401 -0.003369638 -0.349815935 -129.282394409 0.003637088 0.999993384 0.000107638 -11.306271553 0.349813253 -0.001373148 0.936818421 145.076599121
0.942849219 0.001135958 -0.333217800 -129.632217407 -0.000659342 0.999998510 0.001543423 -11.313971519 0.333219081 -0.001235510 0.942848623 146.014999390
0.949145675 0.004624325 -0.314803302 -129.958038330 -0.003409249 0.999984443 0.004410306 -11.326101303 0.314818799 -0.003112781 0.949146688 146.983245850
0.955548286 0.008072373 -0.294724226 -130.272964478 -0.006597166 0.999960244 0.005999305 -11.330772400 0.294760942 -0.003788281 0.955563545 147.955703735
0.961719096 0.009125886 -0.273885131 -130.545959473 -0.007554231 0.999948502 0.006792504 -11.338804245 0.273932964 -0.004463491 0.961738408 148.953552246
0.967536211 0.010518592 -0.252513498 -130.821716309 -0.008671317 0.999926805 0.008427305 -11.342370987 0.252583653 -0.005964098 0.967556596 149.970153809
0.973092139 0.011515222 -0.230128348 -131.084197998 -0.009238821 0.999897182 0.010966976 -11.339773178 0.230230987 -0.008545766 0.973098516 151.004898071
0.977950454 0.013740145 -0.208384305 -131.310729980 -0.011044160 0.999839664 0.014095593 -11.332683563 0.208544582 -0.011483361 0.977945447 152.064270020
0.982382417 0.015142115 -0.186267570 -131.520599365 -0.011980705 0.999764621 0.018086445 -11.322977066 0.186497629 -0.015536189 0.982332587 153.135086060
0.986339867 0.017863262 -0.163751766 -131.720245361 -0.014529413 0.999662578 0.021534404 -11.321435928 0.164081201 -0.018861022 0.986266494 154.248229980
0.989780724 0.019737437 -0.141225278 -131.885940552 -0.016885145 0.999629080 0.021366788 -11.316528320 0.141594633 -0.018763822 0.989746869 155.342041016
0.992662609 0.019184874 -0.119385764 -132.032302856 -0.017059054 0.999677718 0.018802952 -11.295681953 0.119708024 -0.016628377 0.992669880 156.467483521
0.995001197 0.019175757 -0.098004207 -132.150344849 -0.017498858 0.999685824 0.017941551 -11.284991264 0.098317452 -0.016136905 0.995024204 157.598236084
0.996827066 0.018054375 -0.077522926 -132.257751465 -0.016576841 0.999669254 0.019660741 -11.270130157 0.077852257 -0.018313278 0.996796727 158.752548218
0.998197496 0.018265007 -0.057167470 -132.341445923 -0.017085666 0.999632478 0.021050848 -11.260457039 0.057530954 -0.020036161 0.998142600 159.907882690
0.999123752 0.019356735 -0.037108898 -132.372695923 -0.018533649 0.999577343 0.022397349 -11.253078461 0.037526753 -0.021689961 0.999060214 161.045120239
0.999653041 0.020402744 -0.016663449 -132.410980225 -0.020029103 0.999550879 0.022289842 -11.227704048 0.017110739 -0.021948354 0.999612689 162.222167969
0.999752820 0.021799156 0.004368792 -132.426910400 -0.021895273 0.999488473 0.023315139 -11.221496582 -0.003858306 -0.023405030 0.999718606 163.474716187
0.999412358 0.024051372 0.024423027 -132.406585693 -0.024609238 0.999437034 0.022804126 -11.208100319 -0.023860805 -0.023391759 0.999441564 164.662597656
0.998666525 0.025199562 0.045055706 -132.364852905 -0.026176810 0.999431789 0.021232843 -11.192570686 -0.044495050 -0.022383945 0.998758733 165.890502930
0.997596204 0.025264060 0.064525947 -132.300918579 -0.026514901 0.999475360 0.018602738 -11.176766396 -0.064022116 -0.020268915 0.997742653 167.108612061
0.996109843 0.027452005 0.083735175 -132.217056274 -0.028895214 0.999453247 0.016072247 -11.167704582 -0.083248176 -0.018429270 0.996358395 168.370178223
0.994341731 0.027554564 0.102591634 -132.102066040 -0.029150702 0.999475777 0.014091321 -11.157947540 -0.102149554 -0.017002210 0.994623721 169.601821899
0.992129207 0.028178426 0.122006640 -131.963241577 -0.029750615 0.999495924 0.011083265 -11.156827927 -0.121632844 -0.014625805 0.992467403 170.877578735
0.989693284 0.029306106 0.140172824 -131.783798218 -0.030364029 0.999524176 0.005414088 -11.153746605 -0.139947474 -0.009614498 0.990112185 172.182189941
0.986955285 0.030875787 0.158006236 -131.589813232 -0.031105652 0.999515593 -0.001018562 -11.171414375 -0.157961145 -0.003909612 0.987437606 173.434692383
0.983966172 0.032845277 0.175304741 -131.366073608 -0.032303583 0.999460459 -0.005943514 -11.186407089 -0.175405383 0.000185246 0.984496355 174.716812134
0.980494201 0.035487194 0.193317771 -131.142364502 -0.034174137 0.999364555 -0.010123778 -11.211091042 -0.193554163 0.003319839 0.981083989 176.027664185
0.976772487 0.037652876 0.210944727 -130.885360718 -0.035699427 0.999277234 -0.013062409 -11.236790657 -0.211284041 0.005228398 0.977410734 177.313781738
0.972833335 0.037701260 0.228416130 -130.587188721 -0.035685517 0.999279141 -0.012950146 -11.267802238 -0.228739724 0.004447186 0.973477483 178.645660400
0.968797207 0.036769789 0.245112300 -130.274215698 -0.034455713 0.999311984 -0.013723897 -11.298456192 -0.245448306 0.004850155 0.969397604 179.948593140
0.964263022 0.037075605 0.262339801 -129.936920166 -0.033308208 0.999268353 -0.018794736 -11.336860657 -0.262844682 0.009384999 0.964792490 181.242477417
0.959698260 0.038215641 0.278421849 -129.570587158 -0.032994188 0.999181151 -0.023417264 -11.371084213 -0.279088736 0.013287203 0.960173249 182.532348633
0.954523146 0.040576689 0.295362413 -129.178741455 -0.035245992 0.999105811 -0.023351956 -11.424702644 -0.296045810 0.011879648 0.955099881 183.909088135
0.948782206 0.043023963 0.312987179 -128.795959473 -0.037419796 0.999013901 -0.023893273 -11.467397690 -0.313706517 0.010957598 0.949456751 185.199005127
0.942620516 0.046584170 0.330599874 -128.339004517 -0.039747957 0.998833656 -0.027412560 -11.514241219 -0.331491351 0.012698972 0.943372786 186.519165039
0.936336100 0.047365479 0.347895652 -127.849960327 -0.038675472 0.998742938 -0.031885151 -11.563066483 -0.348968655 0.016400181 0.936990917 187.855545044
0.930020750 0.048075791 0.364348859 -127.359825134 -0.038290661 0.998686731 -0.034037564 -11.628817558 -0.365506768 0.017704489 0.930640280 189.147399902
0.923021495 0.048777848 0.381644160 -126.833755493 -0.036508366 0.998559117 -0.039328709 -11.698511124 -0.383012623 0.022368040 0.923472285 190.455032349
0.914587319 0.052055430 0.401024044 -126.317085266 -0.036981422 0.998291254 -0.045243524 -11.767540932 -0.402693927 0.026548715 0.914949715 191.736572266
0.905188739 0.055602040 0.421357065 -125.701232910 -0.038363546 0.998047650 -0.049286552 -11.848781586 -0.423274815 0.028448878 0.905554593 193.059631348
0.893910289 0.058464512 0.444417000 -125.068527222 -0.040013328 0.997907281 -0.050794274 -11.931198120 -0.446456671 0.027622914 0.894378781 194.352325439
0.880391777 0.063598923 0.469963342 -124.448059082 -0.043586068 0.997623861 -0.053355239 -12.033853531 -0.472239882 0.026489664 0.881071925 195.637298584
