1 -1.22322e-18 -1.71789e-20 0 7.5476e-19 1 6.23824e-19 0 -2.14909e-19 -9.89981e-19 1 0
0.999871 0.00136956 0.0159964 0.00720687 -0.0013544 0.999999 -0.000957984 -0.0044341 -0.0159977 0.000936195 0.999872 0.0992157
0.999284 0.00412423 0.0376156 0.0336384 -0.00410656 0.999991 -0.000546882 -0.00390224 -0.0376175 0.000392019 0.999292 0.245489
0.99789 0.00563223 0.064675 0.0677172 -0.0056803 0.999984 0.000559436 -0.00198175 -0.0646708 -0.000925629 0.997906 0.416338
0.995043 0.00518657 0.0993142 0.114425 -0.00547923 0.999981 0.00267419 -0.000705464 -0.0992985 -0.0032051 0.995053 0.596002
0.99046 0.00191816 0.13779 0.19142 -0.00254787 0.999987 0.00439386 -0.00340782 -0.13778 -0.00470301 0.990452 0.790846
0.984199 -0.00127503 0.177063 0.278962 0.000407442 0.999988 0.00493618 -0.0064312 -0.177067 -0.00478603 0.984187 0.985049
0.975185 -0.0016272 0.221387 0.363401 0.000316115 0.999982 0.00595745 -0.00845895 -0.221393 -0.00573963 0.975168 1.19672
0.963006 -0.00148728 0.269476 0.462385 -0.000837125 0.999963 0.00851054 -0.000209097 -0.269479 -0.00842128 0.96297 1.40868
0.948298 -0.00555483 0.317333 0.607745 0.000697756 0.999881 0.0154175 0.00731704 -0.317381 -0.014399 0.948189 1.64339
0.931728 -0.0151394 0.362841 0.764844 0.007113 0.9997 0.0234467 -0.00551397 -0.363087 -0.0192651 0.931556 1.84911
0.910742 -0.0209637 0.412443 0.918114 0.0103289 0.999555 0.0279977 -0.0116525 -0.412846 -0.0212386 0.910553 2.0596
0.885007 -0.0225586 0.465031 1.09902 0.00866836 0.999451 0.0319864 -0.010108 -0.465497 -0.0242772 0.884716 2.30564
0.856567 -0.0245829 0.51545 1.28623 0.00695459 0.999324 0.0361028 0.00788249 -0.515989 -0.0273397 0.856159 2.52827
0.824458 -0.0296421 0.565146 1.51702 0.00807811 0.999142 0.0406207 0.00932704 -0.565865 -0.0289247 0.82399 2.74115
0.788679 -0.0355241 0.613778 1.76193 0.0107249 0.998972 0.0440372 0.0114028 -0.614711 -0.0281486 0.78825 2.94984
0.750774 -0.0397666 0.659361 2.037 0.0119683 0.998841 0.0466133 0.0212017 -0.660451 -0.0271046 0.75038 3.15687
0.710954 -0.0428857 0.70193 2.33002 0.012981 0.998769 0.0478738 0.0268344 -0.703119 -0.0249242 0.710635 3.36881
0.668155 -0.0442622 0.742704 2.6275 0.0121937 0.998746 0.0485515 0.0446815 -0.743922 -0.0233836 0.667857 3.57428
0.625629 -0.0446442 0.778842 2.9664 0.00805074 0.998677 0.0507784 0.0638195 -0.780079 -0.0254981 0.625161 3.79131
0.583889 -0.0452656 0.81057 3.30901 0.00500914 0.998626 0.0521592 0.0796853 -0.811818 -0.0263949 0.583314 3.99283
0.544055 -0.046152 0.837779 3.69291 0.00303509 0.998588 0.0530397 0.0980422 -0.839044 -0.0263138 0.543427 4.19058
0.505015 -0.0488799 0.861725 4.11729 0.00224745 0.998466 0.0553192 0.10967 -0.863108 -0.0260003 0.50435 4.39456
0.468192 -0.0486688 0.882285 4.53495 -0.000362517 0.998471 0.0552702 0.129685 -0.883627 -0.0261969 0.467459 4.58059
0.431559 -0.0480385 0.900805 4.99007 -0.00136967 0.998545 0.053907 0.148332 -0.902084 -0.0244979 0.430866 4.76818
0.399117 -0.0465483 0.915717 5.49318 0.000146983 0.998714 0.0507032 0.171741 -0.9169 -0.0201019 0.398611 4.94497
0.368671 -0.0447442 0.928482 5.9991 0.00218304 0.99888 0.0472699 0.190082 -0.929557 -0.0154002 0.368356 5.12159
0.344293 -0.0429472 0.93788 6.54869 0.00334124 0.999003 0.0445196 0.20946 -0.938856 -0.0121941 0.344093 5.29232
0.32516 -0.0425886 0.944699 7.12027 0.00473049 0.999046 0.0434105 0.230682 -0.945647 -0.00964647 0.325052 5.46041
0.310057 -0.0430673 0.949742 7.70376 0.00602029 0.999042 0.0433375 0.255359 -0.950699 -0.00771936 0.310019 5.64189
0.298093 -0.044396 0.953504 8.32703 0.00700376 0.998993 0.0443244 0.275929 -0.954511 -0.00653469 0.298104 5.83121
0.288536 -0.0462948 0.956349 8.96659 0.00637418 0.998901 0.0464315 0.299335 -0.957448 -0.00730121 0.288514 6.01514
0.278617 -0.0478028 0.959212 9.6239 0.00454917 0.998815 0.048455 0.329542 -0.960392 -0.00913676 0.278504 6.20679
0.267074 -0.049735 0.962392 10.3369 0.00372742 0.998713 0.0505776 0.352693 -0.963669 -0.00992074 0.266916 6.41862
0.256601 -0.0516102 0.965139 11.0458 0.00254224 0.998606 0.0527239 0.378461 -0.966514 -0.0110754 0.256374 6.59995
0.246055 -0.0532355 0.967793 11.785 0.0023051 0.99852 0.0543397 0.407329 -0.969253 -0.0111397 0.245813 6.78451
0.235603 -0.0544475 0.970323 12.5403 0.00207204 0.998455 0.055523 0.43714 -0.971847 -0.0110708 0.235352 6.96842
0.225339 -0.0573488 0.972591 13.308 0.000509152 0.998273 0.0587452 0.466483 -0.97428 -0.0127424 0.224979 7.1523
0.212846 -0.0607263 0.975197 14.0889 -0.00157949 0.998044 0.0624938 0.505783 -0.977085 -0.0148419 0.212334 7.33052
0.201108 -0.064561 0.977439 14.872 -0.00157266 0.997803 0.0662297 0.545647 -0.979568 -0.0148565 0.200565 7.48537
0.18845 -0.0669041 0.979801 15.6539 -0.00254731 0.99764 0.0686122 0.581754 -0.982079 -0.0154259 0.187835 7.63589
0.174065 -0.0671791 0.98244 16.4588 -0.00335944 0.997624 0.0688126 0.621928 -0.984728 -0.0152783 0.173426 7.77408
0.160172 -0.0665779 0.984841 17.2562 -0.00454998 0.997662 0.0681846 0.655222 -0.987079 -0.0154023 0.159494 7.89694
0.142165 -0.0653172 0.987686 18.0478 -0.00560315 0.997751 0.0667894 0.693234 -0.989827 -0.0150293 0.141479 8.02429
0.121282 -0.0637855 0.990567 18.8858 -0.00816182 0.997835 0.0652529 0.731893 -0.992585 -0.0159988 0.120499 8.12501
0.0957999 -0.0623276 0.993447 19.6926 -0.012811 0.997878 0.0638409 0.765282 -0.995318 -0.018843 0.0947982 8.20267
0.0643966 -0.0619365 0.996 20.5099 -0.0169146 0.997861 0.0631459 0.798939 -0.997781 -0.0209134 0.0632113 8.26197
0.031425 -0.0616282 0.997604 21.3528 -0.0195608 0.997868 0.0622607 0.834856 -0.999315 -0.0214705 0.0301525 8.27855
-0.00321091 -0.0609985 0.998133 22.1798 -0.0212633 0.997916 0.0609169 0.86894 -0.999769 -0.021028 -0.00450125 8.26987
-0.037022 -0.0597513 0.997526 23.0279 -0.0223844 0.99801 0.0589494 0.900045 -0.999064 -0.0201466 -0.0382858 8.2267
-0.0691046 -0.057879 0.995929 23.8587 -0.0241537 0.99812 0.0563303 0.927215 -0.997317 -0.0201627 -0.0703726 8.14855
-0.102418 -0.0546859 0.993237 24.6793 -0.0263066 0.998287 0.0522513 0.957831 -0.994394 -0.0207772 -0.103681 8.06613
-0.134417 -0.0502891 0.989648 25.5148 -0.0238866 0.998586 0.0474989 0.979468 -0.990637 -0.0172547 -0.135429 7.93641
-0.165119 -0.0446751 0.985261 26.3301 -0.0189692 0.998933 0.0421159 0.99359 -0.986091 -0.0117354 -0.165791 7.77167
-0.195567 -0.0383981 0.979938 27.1626 -0.0131497 0.999246 0.0365303 1.00593 -0.980602 -0.00574182 -0.195924 7.58793
-0.225835 -0.0326559 0.973618 27.9891 -0.00748298 0.999467 0.0317871 1.01667 -0.974137 -0.000106907 -0.225959 7.38056
-0.252702 -0.0262747 0.967187 28.7898 0.00138846 0.99962 0.0275186 1.02419 -0.967543 0.0082969 -0.25257 7.14162
-0.279167 -0.0156932 0.960114 29.6066 0.00803494 0.999793 0.018678 1.02431 -0.960209 0.0129287 -0.278983 6.89031
-0.303805 -0.00035898 0.952734 30.375 0.012299 0.999915 0.00429861 1.00952 -0.952655 0.0130236 -0.303775 6.63255
-0.32731 0.0163758 0.944775 31.1335 0.0130825 0.999833 -0.0127978 0.980995 -0.944826 0.00817116 -0.32747 6.34539
-0.351672 0.0313269 0.935599 31.8733 0.0124978 0.999508 -0.0287691 0.948598 -0.93604 0.00157569 -0.35189 6.04574
-0.376952 0.0419007 0.925284 32.636 0.0158848 0.999122 -0.038773 0.904917 -0.926097 8.24404e-05 -0.377287 5.73097
-0.400158 0.0463992 0.915271 33.395 0.019715 0.998922 -0.0420205 0.858463 -0.916234 0.00122969 -0.400642 5.38815
-0.422122 0.0457331 0.905385 34.1211 0.0225068 0.998948 -0.0399658 0.808306 -0.90626 0.00350687 -0.422707 5.03733
-0.442583 0.0421675 0.895735 34.8555 0.0264011 0.999073 -0.0339875 0.763819 -0.896339 0.00860616 -0.443286 4.65298
-0.460135 0.041163 0.886894 35.5839 0.0335083 0.999018 -0.0289823 0.727018 -0.887217 0.0163826 -0.461062 4.24982
-0.473993 0.0416201 0.879544 36.2838 0.0365657 0.998951 -0.0275649 0.680419 -0.879769 0.0190956 -0.475018 3.86531
-0.485525 0.0451413 0.873056 36.9787 0.0394817 0.998779 -0.0296852 0.632337 -0.873331 0.0200568 -0.486715 3.47764
-0.49578 0.047478 0.867149 37.658 0.0407101 0.998677 -0.031404 0.58807 -0.867493 0.0197323 -0.497057 3.09512
-0.504901 0.0468317 0.861906 38.3459 0.0351423 0.998814 -0.0336844 0.538223 -0.862462 0.0132821 -0.505948 2.67643
-0.516019 0.0458164 0.855351 39.0329 0.034011 0.998877 -0.0329861 0.503038 -0.855902 0.0120699 -0.516997 2.26388
-0.524173 0.0472272 0.850301 39.7074 0.0361655 0.998795 -0.0331804 0.464278 -0.850844 0.0133593 -0.525249 1.83782
-0.531943 0.0503156 0.845284 40.3834 0.0398091 0.998615 -0.0343906 0.413676 -0.845844 0.0153562 -0.533209 1.41463
-0.534869 0.0533247 0.84325 41.0797 0.040796 0.998472 -0.0372638 0.371277 -0.843949 0.0144699 -0.536228 0.969936
-0.53534 0.0549776 0.842846 41.7735 0.0399405 0.998411 -0.0397563 0.327287 -0.843692 0.0123805 -0.536685 0.5351
-0.530868 0.0557172 0.845621 42.4909 0.0422211 0.998336 -0.0392736 0.28392 -0.846402 0.0148539 -0.532338 0.0799993
-0.52495 0.0545127 0.849385 43.2337 0.0407504 0.998412 -0.0388919 0.238157 -0.850157 0.0141964 -0.526338 -0.369218
-0.518234 0.0531091 0.853589 43.9852 0.0385868 0.998506 -0.0386987 0.193907 -0.854368 0.0128823 -0.519508 -0.815554
-0.511018 0.0524322 0.857969 44.7519 0.0370104 0.998554 -0.0389797 0.145708 -0.858773 0.0118344 -0.51222 -1.26133
-0.504967 0.05124 0.861617 45.5484 0.0343877 0.998638 -0.039235 0.0994438 -0.862454 0.00981667 -0.506041 -1.71954
-0.501054 0.0487343 0.864043 46.3365 0.0298975 0.998792 -0.0389971 0.0484832 -0.864899 0.00629303 -0.501906 -2.16425
-0.499267 0.0457836 0.865237 47.1647 0.0252099 0.998948 -0.0383119 0.00097522 -0.866081 0.0026847 -0.499896 -2.63549
-0.498909 0.0433054 0.865572 48.0038 0.0222774 0.999062 -0.0371435 -0.0503355 -0.866368 0.000751482 -0.499405 -3.11547
-0.500408 0.0418906 0.864775 48.8359 0.0207935 0.999122 -0.0363662 -0.0955101 -0.86554 -0.000216263 -0.50084 -3.58386
-0.500435 0.0414756 0.86478 49.6948 0.0211638 0.999139 -0.0356724 -0.145124 -0.865515 0.000450362 -0.500882 -4.07266
-0.501175 0.0407702 0.864385 50.554 0.0206884 0.999169 -0.0351322 -0.195111 -0.865099 0.000275334 -0.501602 -4.56141
-0.500894 0.0401182 0.864578 51.4206 0.0209239 0.999195 -0.0342424 -0.241108 -0.865256 0.000938518 -0.50133 -5.06388
-0.50175 0.0393682 0.864117 52.3206 0.0203213 0.999225 -0.033724 -0.298468 -0.864774 0.000639017 -0.502161 -5.5726
-0.501503 0.0378267 0.864328 53.1942 0.0188239 0.999284 -0.0328109 -0.349633 -0.864951 -0.0001847 -0.501856 -6.08007
-0.501719 0.0370798 0.864236 54.079 0.0182522 0.999312 -0.0322792 -0.406345 -0.864838 -0.000420848 -0.502051 -6.58237
-0.501053 0.036137 0.864662 54.9467 0.0170548 0.999346 -0.031883 -0.458142 -0.865249 -0.00122845 -0.501341 -7.07779
-0.498686 0.034681 0.866089 55.835 0.0167876 0.999398 -0.030353 -0.515508 -0.86662 -0.000597113 -0.498968 -7.59185
-0.496598 0.0326563 0.867366 56.7118 0.0176732 0.999465 -0.0275113 -0.565288 -0.867801 0.00166707 -0.496909 -8.09292
-0.493879 0.031456 0.868962 57.593 0.0182728 0.9995 -0.025796 -0.609692 -0.869339 0.00313827 -0.494207 -8.59362
-0.49239 0.0311018 0.869819 58.4646 0.0181513 0.999511 -0.025464 -0.659349 -0.870185 0.00325013 -0.492714 -9.08169
-0.489687 0.0313121 0.871336 59.359 0.0187883 0.999502 -0.0253589 -0.711932 -0.871696 0.00395302 -0.490031 -9.58234
-0.48928 0.031655 0.871552 60.2434 0.018326 0.999494 -0.0260138 -0.760429 -0.871934 0.00324402 -0.489612 -10.0706
-0.489722 0.0330218 0.871253 61.1088 0.0179943 0.999452 -0.0277664 -0.80979 -0.871693 0.00207975 -0.490048 -10.5555
-0.4931 0.034695 0.869281 61.9995 0.0165111 0.999398 -0.0305223 -0.863762 -0.869816 -0.000697727 -0.493376 -11.0395
-0.496927 0.0351401 0.867081 62.8623 0.0153469 0.999379 -0.0317064 -0.916144 -0.867657 -0.00244873 -0.497158 -11.5322
-0.501932 0.0337536 0.864248 63.7301 0.0155691 0.999429 -0.0299911 -0.966254 -0.864767 -0.00159789 -0.502171 -12.0333
-0.508378 0.0316089 0.860554 64.5952 0.0180804 0.999498 -0.0260313 -1.02479 -0.860944 0.00232536 -0.508694 -12.5308
-0.513038 0.0292131 0.857869 65.4417 0.0154288 0.999573 -0.0248115 -1.07347 -0.858228 0.000506658 -0.513269 -13.0308
-0.518058 0.0314676 0.854766 66.2773 0.0164635 0.999505 -0.0268178 -1.12626 -0.855187 0.00017926 -0.51832 -13.537
-0.522415 0.0336359 0.852028 67.1123 0.0168038 0.999434 -0.029152 -1.17317 -0.852526 -0.000912089 -0.522684 -14.0501
-0.52788 0.0343823 0.848623 67.9555 0.0155316 0.999404 -0.0308299 -1.2246 -0.849177 -0.00309395 -0.528099 -14.5578
-0.531751 0.0344724 0.846199 68.7858 0.0145228 0.999395 -0.0315872 -1.28044 -0.846776 -0.00450738 -0.53193 -15.0695
-0.533517 0.0336126 0.845121 69.5908 0.0145734 0.999427 -0.0305496 -1.33487 -0.845664 -0.00398242 -0.533701 -15.5937
-0.535878 0.027448 0.843849 70.3939 0.0161933 0.999622 -0.0222315 -1.37818 -0.84414 0.0017513 -0.53612 -16.1061
-0.53772 0.0193637 0.842901 71.2092 0.0165254 0.999786 -0.0124256 -1.41202 -0.842962 0.00724779 -0.537925 -16.6318
-0.539687 0.0166821 0.841701 72.0271 0.0172758 0.999813 -0.00873878 -1.44807 -0.841689 0.00982482 -0.539874 -17.1467
-0.54065 0.0210443 0.840985 72.8215 0.0169599 0.999757 -0.0141141 -1.47879 -0.841077 0.00663225 -0.540875 -17.6506
-0.541464 0.0273492 0.840279 73.6036 0.0185596 0.999616 -0.0205758 -1.52422 -0.840519 0.0044542 -0.541764 -18.1561
-0.541721 0.0315605 0.839965 74.4105 0.0236607 0.999471 -0.0222941 -1.55723 -0.840225 0.00779701 -0.542182 -18.6898
-0.541819 0.0323144 0.839874 75.2055 0.0268271 0.999416 -0.0211461 -1.60267 -0.840067 0.0110741 -0.542369 -19.202
-0.541733 0.0297119 0.840025 75.9953 0.0266824 0.999479 -0.0181443 -1.64706 -0.840127 0.0125845 -0.542244 -19.7011
-0.541011 0.0248582 0.840648 76.7993 0.0250516 0.999596 -0.013436 -1.67771 -0.840643 0.0137906 -0.541415 -20.2099
-0.540524 0.0186499 0.841122 77.5999 0.0227908 0.999712 -0.00752038 -1.70879 -0.84102 0.0151049 -0.540793 -20.7186
-0.539424 0.0125747 0.841941 78.3919 0.0142674 0.999881 -0.0057926 -1.73281 -0.841914 0.00888766 -0.539539 -21.2166
-0.537584 0.00742419 0.843178 79.1764 0.00609295 0.999969 -0.00492007 -1.74869 -0.843188 0.00249249 -0.537612 -21.7025
-0.535179 0.0072005 0.844708 79.9648 0.00786947 0.999963 -0.0035381 -1.78144 -0.844702 0.00475388 -0.535216 -22.1976
-0.532165 0.0105204 0.846575 80.7609 0.0130243 0.999906 -0.00423858 -1.8111 -0.84654 0.00877046 -0.532252 -22.6985
-0.527378 0.014088 0.849514 81.5481 0.0151601 0.999859 -0.00716995 -1.83422 -0.849496 0.00909741 -0.527517 -23.1805
-0.51889 0.0159545 0.854692 82.3196 0.0202031 0.999775 -0.00639728 -1.86637 -0.854603 0.013948 -0.519095 -23.6541
-0.51112 0.0187512 0.859305 83.1082 0.0280194 0.999594 -0.00514633 -1.90158 -0.859053 0.0214468 -0.511438 -24.1213
-0.500884 0.0183969 0.865319 83.9069 0.0265557 0.99963 -0.0058808 -1.92323 -0.865107 0.0200335 -0.501187 -24.5807
-0.490484 0.0160811 0.871302 84.7052 0.0239426 0.999701 -0.00497286 -1.94789 -0.871121 0.0184221 -0.490723 -25.0132
-0.478726 0.0126975 0.877873 85.5253 0.0245076 0.999699 -0.00109503 -1.97417 -0.877622 0.0209903 -0.478893 -25.454
-0.468472 0.0120522 0.883396 86.3402 0.0239859 0.999712 -0.000919151 -1.99254 -0.883153 0.0207584 -0.468626 -25.8655
-0.455247 0.0110385 0.890297 87.1575 0.0247946 0.999693 0.000283636 -2.01604 -0.89002 0.0222037 -0.455381 -26.2808
-0.443271 0.0124063 0.896302 87.9948 0.0272318 0.999629 -0.000368833 -2.03429 -0.895974 0.0242444 -0.443444 -26.6899
-0.430562 0.0157841 0.902423 88.8283 0.0267952 0.99963 -0.00469984 -2.06247 -0.902163 0.0221571 -0.430826 -27.085
-0.420333 0.0245612 0.907037 89.6365 0.0287203 0.999493 -0.0137554 -2.09127 -0.906915 0.0202685 -0.420825 -27.45
-0.406988 0.0291332 0.912969 90.4487 0.0283617 0.999412 -0.0192485 -2.12625 -0.912993 0.0180594 -0.407575 -27.8037
-0.394995 0.0263098 0.918306 91.3092 0.0261393 0.999507 -0.0173928 -2.15066 -0.918311 0.0171338 -0.395488 -28.1713
-0.382985 0.0222201 0.923487 92.1355 0.0258558 0.999577 -0.0133281 -2.19266 -0.923393 0.018773 -0.383397 -28.5077
-0.373647 0.0221918 0.927306 92.9722 0.0220398 0.999644 -0.0150423 -2.22724 -0.927309 0.0148171 -0.374003 -28.828
-0.366375 0.0271394 0.930071 93.7901 0.0189267 0.999585 -0.0217122 -2.26337 -0.930275 0.00964836 -0.366737 -29.1416
-0.361274 0.0321624 0.931905 94.6217 0.0119778 0.999483 -0.0298512 -2.2961 -0.932383 0.000377706 -0.361473 -29.4488
-0.35643 0.034594 0.933681 95.4405 0.00940548 0.999397 -0.0334383 -2.3406 -0.934275 -0.00313667 -0.35654 -29.7582
-0.35526 0.0344031 0.934134 96.271 0.0091888 0.999403 -0.0333122 -2.38845 -0.934722 -0.00325095 -0.355364 -30.0488
-0.348797 0.0338332 0.936587 97.0973 0.00808867 0.99942 -0.0330906 -2.43749 -0.937163 -0.00396618 -0.348868 -30.3588
-0.342994 0.0300911 0.938855 97.9319 0.00687711 0.99954 -0.0295236 -2.47989 -0.939312 -0.00366981 -0.343043 -30.6528
-0.338451 0.0267552 0.940603 98.7671 0.00787301 0.999641 -0.0256017 -2.52428 -0.940951 -0.00125953 -0.338541 -30.9425
-0.331216 0.0234502 0.943263 99.5997 0.00645263 0.999724 -0.0225881 -2.5657 -0.943533 -0.00139501 -0.331276 -31.2355
-0.326509 0.0222742 0.944932 100.435 0.00013249 0.999723 -0.02352 -2.6053 -0.945194 -0.00755428 -0.326421 -31.4987
-0.320998 0.0217837 0.946829 101.283 -0.00994229 0.999603 -0.0263686 -2.64142 -0.947028 -0.0178779 -0.320654 -31.7597
-0.313911 0.0248009 0.949128 102.122 -0.00920303 0.999532 -0.0291618 -2.68805 -0.949408 -0.0178891 -0.313536 -32.0284
-0.306273 0.0284307 0.951519 102.957 -0.00729338 0.999454 -0.0322106 -2.73768 -0.951916 -0.016805 -0.305898 -32.2897
-0.300352 0.0267945 0.953452 103.792 -0.00840094 0.999492 -0.0307348 -2.78064 -0.953792 -0.0172411 -0.299974 -32.5496
-0.291954 0.0226556 0.956164 104.658 -0.00806634 0.999626 -0.0261483 -2.81728 -0.956398 -0.0153468 -0.291662 -32.8145
-0.285607 0.0195481 0.958147 105.511 -0.00922081 0.99969 -0.0231442 -2.86023 -0.958302 -0.0154451 -0.285338 -33.0561
-0.278976 0.0226584 0.960031 106.354 -0.0104504 0.999591 -0.0266288 -2.89854 -0.960241 -0.0174615 -0.278625 -33.2908
-0.272284 0.0254639 0.96188 107.2 -0.010264 0.999516 -0.0293657 -2.94295 -0.962162 -0.0178685 -0.27189 -33.5259
-0.265521 0.0261808 0.963749 108.051 -0.0113684 0.999477 -0.0302834 -2.98413 -0.964038 -0.0189972 -0.265085 -33.7536
-0.257378 0.0255005 0.965974 108.903 -0.0118195 0.999494 -0.0295346 -3.02533 -0.966238 -0.0190189 -0.256947 -33.9771
-0.249682 0.0254613 0.967993 109.749 -0.00874804 0.999554 -0.0285479 -3.06856 -0.968288 -0.0155959 -0.249348 -34.1911
-0.242147 0.0260903 0.969889 110.596 -0.00539997 0.999587 -0.0282374 -3.11566 -0.970225 -0.012075 -0.241906 -34.399
-0.234451 0.0273484 0.971743 111.459 -0.00272243 0.999582 -0.0287887 -3.15133 -0.972124 -0.00939504 -0.234279 -34.6053
-0.228682 0.0257828 0.97316 112.319 -0.00943408 0.999544 -0.0286988 -3.19771 -0.973455 -0.0157438 -0.228335 -34.7852
-0.220991 0.0242763 0.974974 113.18 -0.0136233 0.999516 -0.0279753 -3.24315 -0.975181 -0.0194647 -0.220553 -34.9779
-0.217024 0.0238111 0.975876 114.047 -0.0115069 0.999571 -0.0269482 -3.28869 -0.976098 -0.0170777 -0.216657 -35.1653
-0.212967 0.023965 0.976765 114.888 -0.0106989 0.999582 -0.0268576 -3.33047 -0.977001 -0.0161701 -0.212622 -35.3438
-0.208033 0.0253471 0.977793 115.734 -0.0100959 0.999555 -0.0280592 -3.36608 -0.97807 -0.0157089 -0.207685 -35.5242
-0.201896 0.0245278 0.9791 116.594 -0.0039272 0.999658 -0.0258526 -3.40619 -0.979399 -0.00906465 -0.20173 -35.7005
-0.196157 0.0232742 0.980296 117.44 0.00280709 0.999728 -0.0231739 -3.44696 -0.980569 -0.00179393 -0.196169 -35.8765
-0.191244 0.0222845 0.981289 118.32 0.00554808 0.999751 -0.0216225 -3.49036 -0.981527 0.0013091 -0.19132 -36.0562
-0.186613 0.0235356 0.982152 119.177 0.00301935 0.999722 -0.0233829 -3.53066 -0.982429 -0.0013981 -0.186632 -36.2106
-0.18304 0.025253 0.982781 120.024 0.000973938 0.999674 -0.0255057 -3.57 -0.983105 -0.00371139 -0.183005 -36.3595
-0.181179 0.0247112 0.98314 120.882 -0.00037379 0.999682 -0.0251959 -3.60957 -0.98345 -0.00493244 -0.181112 -36.5107
-0.180899 0.0236973 0.983216 121.722 -0.00102037 0.999705 -0.0242825 -3.64717 -0.983501 -0.00539593 -0.180822 -36.6527
-0.178615 0.0196324 0.983723 122.572 0.000354901 0.999802 -0.0198888 -3.67881 -0.983919 -0.00320331 -0.178586 -36.8094
-0.177767 0.0145726 0.983965 123.448 -0.00080745 0.999888 -0.0149543 -3.71284 -0.984072 -0.00345289 -0.177736 -36.964
-0.176879 0.0126985 0.984151 124.289 0.000407329 0.999918 -0.0128288 -3.74649 -0.984233 -0.00186827 -0.17687 -37.1117
-0.176956 0.0168461 0.984075 125.146 -0.000949113 0.99985 -0.0172868 -3.77886 -0.984218 -0.003993 -0.176913 -37.2563
-0.176518 0.0206352 0.984081 125.983 -0.000101648 0.99978 -0.0209826 -3.81321 -0.984298 -0.00380382 -0.176477 -37.3999
-0.176743 0.0193485 0.984067 126.823 -0.00361901 0.999787 -0.0203076 -3.84682 -0.98425 -0.00715058 -0.176635 -37.5433
-0.175432 0.0190259 0.984308 127.652 -0.00444563 0.999788 -0.0201175 -3.8798 -0.984481 -0.00790512 -0.175311 -37.6851
-0.174701 0.0186661 0.984444 128.49 -0.00165354 0.999813 -0.0192509 -3.92183 -0.98462 -0.00499098 -0.174638 -37.835
-0.173551 0.0216194 0.984588 129.328 -0.00243154 0.999747 -0.0223808 -3.9556 -0.984822 -0.00627827 -0.173454 -37.9789
-0.174644 0.0230087 0.984363 130.155 -0.0112728 0.999615 -0.0253652 -3.99111 -0.984567 -0.0155264 -0.174318 -38.1021
-0.174147 0.0236645 0.984435 130.983 -0.0178108 0.999472 -0.0271767 -4.03153 -0.984559 -0.0222663 -0.173634 -38.2318
-0.173718 0.0268577 0.984429 131.807 -0.0180487 0.999373 -0.0304504 -4.0767 -0.98463 -0.0230574 -0.173124 -38.3734
-0.172624 0.0278112 0.984595 132.613 -0.0159531 0.999391 -0.0310261 -4.12295 -0.984859 -0.0210632 -0.172075 -38.5127
-0.171625 0.0292531 0.984728 133.438 -0.0161825 0.99934 -0.0325076 -4.1671 -0.985029 -0.0215145 -0.171039 -38.6452
-0.169352 0.0281488 0.985154 134.24 -0.011236 0.999472 -0.0304895 -4.20484 -0.985492 -0.0162326 -0.168946 -38.7883
-0.165718 0.025653 0.985839 135.045 -0.00343006 0.999641 -0.0265888 -4.24489 -0.986167 -0.00778773 -0.165571 -38.9344
-0.161258 0.0204138 0.986701 135.844 -0.000320687 0.999785 -0.0207369 -4.28532 -0.986912 -0.0036604 -0.161216 -39.0825
-0.160064 0.0197125 0.98691 136.643 0.00152573 0.999804 -0.0197226 -4.31815 -0.987105 -0.00165113 -0.160063 -39.202
-0.155166 0.0240634 0.987595 137.434 0.000874054 0.999706 -0.0242212 -4.36321 -0.987888 -0.0028951 -0.155142 -39.3245
-0.147439 0.0277921 0.988681 138.211 0.00477649 0.999613 -0.0273872 -4.39821 -0.98906 0.000684481 -0.147515 -39.4431
-0.139547 0.0281865 0.989814 138.983 0.00306171 0.999602 -0.0280335 -4.43346 -0.990211 -0.000881483 -0.139578 -39.5431
-0.130834 0.0242165 0.991108 139.733 0.00567752 0.999704 -0.023677 -4.46557 -0.991388 0.00252929 -0.130932 -39.6323
-0.117377 0.0224165 0.992834 140.502 0.0117182 0.999707 -0.0211863 -4.50202 -0.993018 0.00914744 -0.117606 -39.7301
-0.103585 0.0245701 0.994317 141.275 0.0128242 0.999645 -0.0233658 -4.54029 -0.994538 0.010331 -0.103863 -39.8106
-0.0886332 0.0256533 0.995734 142.037 0.0116506 0.999627 -0.0247166 -4.57572 -0.995996 0.00941023 -0.088899 -39.8787
-0.0749231 0.0255981 0.996861 142.814 0.014221 0.999596 -0.0245995 -4.61417 -0.997088 0.0123332 -0.0752569 -39.9311
-0.0613124 0.0275479 0.997738 143.575 0.0163311 0.999513 -0.0265933 -4.6448 -0.997985 0.0146637 -0.0617324 -39.9699
-0.0490409 0.0332214 0.998244 144.308 0.015295 0.999354 -0.0325069 -4.68976 -0.99868 0.0136739 -0.0495173 -39.9824
-0.0347116 0.0421602 0.998508 145.039 0.00861707 0.999085 -0.041885 -4.73256 -0.99936 0.00715031 -0.0350432 -39.9946
-0.0231936 0.050545 0.998452 145.776 0.00224557 0.998721 -0.0505064 -4.77618 -0.999729 0.00107067 -0.0232774 -39.9847
-0.00895738 0.0513406 0.998641 146.496 0.00111834 0.998681 -0.0513327 -4.82326 -0.999959 0.000657015 -0.00900298 -39.9803
0.00130052 0.0472679 0.998881 147.221 -0.000694192 0.998882 -0.047267 -4.87168 -0.999999 -0.000631944 0.00133187 -39.9515
0.0125527 0.0448996 0.998913 147.963 -0.00130386 0.998991 -0.0448867 -4.92003 -0.99992 -0.000738991 0.0125985 -39.924
0.0216588 0.0507285 0.998478 148.716 -0.00446778 0.998707 -0.0506433 -4.98213 -0.999755 -0.00336411 0.0218574 -39.8926
0.0297274 0.0591704 0.997805 149.462 -0.00955011 0.998218 -0.0589103 -5.03538 -0.999512 -0.0077779 0.0302395 -39.8665
0.0304453 0.0624378 0.997584 150.184 -0.0147914 0.997966 -0.0620103 -5.085 -0.999427 -0.0128677 0.0313069 -39.8156
0.0310927 0.0581179 0.997825 150.951 -0.0161948 0.998206 -0.0576354 -5.13782 -0.999385 -0.0143675 0.0319782 -39.7879
0.0303337 0.0532513 0.99812 151.702 -0.0145674 0.998497 -0.0528287 -5.20702 -0.999434 -0.0129375 0.0310639 -39.7591
0.0277591 0.0505985 0.998333 152.449 -0.012702 0.998655 -0.0502616 -5.25864 -0.999534 -0.0112856 0.0283644 -39.7379
0.0251137 0.0506035 0.998403 153.189 -0.0113395 0.998668 -0.0503317 -5.30909 -0.99962 -0.0100574 0.0256541 -39.7209
0.0217034 0.0507038 0.998478 153.934 -0.0107915 0.998667 -0.0504788 -5.36116 -0.999706 -0.00967947 0.0222216 -39.7095
0.0178029 0.049386 0.998621 154.682 -0.0115128 0.998723 -0.0491858 -5.41319 -0.999775 -0.0106213 0.0183487 -39.6967
0.0119309 0.0495107 0.998702 155.388 -0.0122368 0.998706 -0.0493647 -5.46228 -0.999854 -0.0116319 0.0125213 -39.6784
0.00690273 0.0478141 0.998832 156.13 -0.0142282 0.99876 -0.0477123 -5.51107 -0.999875 -0.0138822 0.00757447 -39.6755
-0.00152081 0.045298 0.998972 156.858 -0.0130685 0.998887 -0.0453141 -5.56122 -0.999913 -0.0131239 -0.000927146 -39.6687
-0.00573943 0.0450548 0.998968 157.593 -0.0142353 0.99888 -0.0451326 -5.61098 -0.999882 -0.0144796 -0.00509163 -39.6792
-0.0122225 0.0462323 0.998856 158.302 -0.0147771 0.998813 -0.0464111 -5.66 -0.999816 -0.0153275 -0.0115248 -39.6756
-0.0158655 0.0485444 0.998695 159.01 -0.0147995 0.9987 -0.0487797 -5.7068 -0.999765 -0.0155541 -0.0151264 -39.6889
-0.0180998 0.0503465 0.998568 159.715 -0.0156879 0.998594 -0.0506322 -5.75565 -0.999713 -0.0165819 -0.0172845 -39.7032
-0.0198448 0.0519626 0.998452 160.407 -0.012548 0.998557 -0.0522174 -5.80172 -0.999724 -0.0135648 -0.0191641 -39.7104
-0.0194748 0.0505588 0.998531 161.11 -0.00955705 0.998666 -0.050752 -5.84842 -0.999765 -0.0105314 -0.0189656 -39.7219
-0.0149296 0.0469855 0.998784 161.821 -0.00761842 0.998861 -0.047103 -5.89875 -0.99986 -0.00831239 -0.0145546 -39.7365
-0.00897407 0.0459654 0.998903 162.491 -0.0060456 0.998922 -0.0460206 -5.94916 -0.999941 -0.00645196 -0.00868651 -39.7232
0.00310025 0.0470511 0.998888 163.181 -0.0041296 0.998885 -0.0470381 -5.99282 -0.999987 -0.00397918 0.00329109 -39.7223
0.0193068 0.0472666 0.998696 163.878 -0.00268491 0.998881 -0.0472234 -6.0419 -0.99981 -0.00176967 0.0194121 -39.7082
0.0322062 0.0452841 0.998455 164.538 -0.00318494 0.998973 -0.0452049 -6.08214 -0.999476 -0.00172414 0.0323173 -39.6652
0.04876 0.0403418 0.997995 165.217 -0.00681773 0.999174 -0.0400564 -6.1248 -0.998787 -0.00485092 0.0489948 -39.6143
0.0645971 0.0336559 0.997344 165.874 -0.00919478 0.999409 -0.0331301 -6.16552 -0.997869 -0.00703025 0.0648684 -39.5576
0.081341 0.0264066 0.996336 166.534 -0.00766506 0.999636 -0.0258682 -6.1928 -0.996657 -0.00553284 0.0815138 -39.4876
0.100391 0.0190503 0.994766 167.204 -0.0078573 0.999801 -0.0183537 -6.22208 -0.994917 -0.00597362 0.100521 -39.4146
0.115977 0.0130278 0.993166 167.843 -0.010473 0.999874 -0.0118928 -6.25441 -0.993197 -0.0090221 0.116099 -39.3155
0.134484 0.0103443 0.990862 168.492 -0.0103483 0.999906 -0.00903421 -6.2803 -0.990862 -0.00903877 0.134579 -39.2158
0.152254 0.00945428 0.988296 169.118 -0.00910482 0.999925 -0.00816287 -6.30076 -0.9883 -0.00775543 0.152328 -39.1011
0.169474 0.00877745 0.985495 169.734 -0.00905624 0.999932 -0.00734864 -6.31273 -0.985493 -0.00767948 0.169542 -38.9777
0.185386 0.00807512 0.982632 170.357 -0.0140287 0.999886 -0.00557021 -6.32832 -0.982566 -0.0127524 0.185479 -38.8378
0.19918 0.00495393 0.97995 170.975 -0.0173088 0.999849 -0.00153643 -6.34903 -0.97981 -0.0166557 0.199236 -38.6914
0.212377 0.000530514 0.977188 171.599 -0.0137314 0.999903 0.00244146 -6.36458 -0.977091 -0.0139366 0.212364 -38.5553
0.221669 -0.00122673 0.975121 172.205 -0.0106612 0.999936 0.00368149 -6.37619 -0.975064 -0.011212 0.221642 -38.4041
0.233108 0.00232735 0.972448 172.799 -0.0143132 0.999897 0.001038 -6.39174 -0.972346 -0.0141608 0.233117 -38.2473
0.241125 0.0093401 0.970449 173.376 -0.0186507 0.999814 -0.00498862 -6.41016 -0.970315 -0.0168967 0.241254 -38.0741
0.249783 0.0189578 0.968116 173.951 -0.0193073 0.999707 -0.0145949 -6.43415 -0.968109 -0.0150462 0.250076 -37.9121
0.258029 0.0254007 0.965803 174.538 -0.0152241 0.999637 -0.0222232 -6.45042 -0.966017 -0.0089692 0.258323 -37.7565
0.264831 0.0239672 0.963997 175.128 -0.0153049 0.99967 -0.0206495 -6.46352 -0.964173 -0.0092852 0.265111 -37.5922
0.270906 0.0169165 0.962457 175.734 -0.0180975 0.999758 -0.0124782 -6.47844 -0.962436 -0.0140376 0.271147 -37.4072
0.273563 0.0066057 0.961831 176.326 -0.0224903 0.999747 -0.000469428 -6.49765 -0.961591 -0.0215034 0.273643 -37.2179
0.275514 -0.00182668 0.961295 176.921 -0.0227822 0.999705 0.00842918 -6.51679 -0.961027 -0.0242227 0.275391 -37.0337
0.276874 -0.00323309 0.960901 177.523 -0.0194199 0.999771 0.00895952 -6.53385 -0.96071 -0.0211413 0.276748 -36.8658
0.278293 -0.000795757 0.960496 178.124 -0.0155023 0.999866 0.00531998 -6.53716 -0.960371 -0.0163704 0.278243 -36.6981
0.27843 -0.00116145 0.960456 178.726 -0.012362 0.999912 0.00479282 -6.54389 -0.960377 -0.0132076 0.278391 -36.5183
0.280191 -0.0029204 0.95994 179.335 -0.0129784 0.999892 0.00683012 -6.53923 -0.959857 -0.0143722 0.280123 -36.3338
0.284253 -0.00701186 0.958724 179.955 -0.0137019 0.999841 0.0113751 -6.55544 -0.958651 -0.0163698 0.284112 -36.1501
0.286753 -0.0120829 0.957928 180.551 -0.0136291 0.999768 0.0166904 -6.5615 -0.957908 -0.0178417 0.286522 -35.9694
0.289953 -0.0152694 0.956919 181.156 -0.0121707 0.999733 0.0196404 -6.5679 -0.956964 -0.0173412 0.28969 -35.7764
0.296825 -0.0172055 0.954777 181.774 -0.00999482 0.999727 0.0211228 -6.564 -0.95488 -0.0158126 0.296572 -35.5865
0.304359 -0.020183 0.952343 182.383 -0.00862157 0.999676 0.0239414 -6.56152 -0.952518 -0.0154975 0.304087 -35.394
0.313147 -0.0224967 0.949438 182.986 -0.00606215 0.999652 0.025686 -6.56324 -0.949685 -0.0137991 0.312901 -35.1796
0.324854 -0.0203732 0.945545 183.612 -0.00782389 0.999676 0.0242275 -6.56493 -0.945732 -0.0152683 0.324589 -34.9607
0.336707 -0.0169628 0.941456 184.216 -0.0086173 0.99974 0.0210948 -6.56535 -0.94157 -0.0152156 0.336474 -34.7312
0.348105 -0.0136627 0.937356 184.81 -0.00982799 0.999786 0.0182225 -6.56198 -0.937404 -0.0155557 0.347896 -34.4978
0.360621 -0.0132768 0.932618 185.407 -0.00830089 0.999813 0.0174431 -6.55547 -0.932676 -0.0140319 0.360443 -34.2665
0.372669 -0.0163219 0.927821 186.031 -0.00790366 0.999753 0.0207619 -6.56099 -0.927931 -0.0150705 0.372448 -34.0084
0.383261 -0.0179258 0.923466 186.627 -0.00820453 0.999706 0.0228108 -6.56212 -0.923604 -0.0163191 0.383001 -33.7393
0.395112 -0.0184621 0.918447 187.244 -0.0102787 0.999647 0.0245162 -6.56418 -0.918576 -0.019127 0.394783 -33.4664
0.404966 -0.0191205 0.914132 187.866 -0.0134229 0.999549 0.0268535 -6.54762 -0.914233 -0.0231451 0.404527 -33.1744
0.410142 -0.0180743 0.911843 188.473 -0.0174959 0.999464 0.0276807 -6.5441 -0.911854 -0.0273065 0.409606 -32.8733
0.414979 -0.0205513 0.909599 189.114 -0.0175507 0.999378 0.0305868 -6.5337 -0.909662 -0.0286569 0.41436 -32.5734
0.417109 -0.0249499 0.908514 189.752 -0.0142081 0.999322 0.0339668 -6.52425 -0.908745 -0.0270761 0.416472 -32.2829
0.4167 -0.0242872 0.90872 190.368 -0.0107253 0.999442 0.0316301 -6.51602 -0.908981 -0.0229265 0.416207 -31.9926
0.415293 -0.0241766 0.909366 191.014 -0.00891591 0.999491 0.0306444 -6.51307 -0.909644 -0.0208342 0.414866 -31.695
0.414951 -0.0229987 0.909553 191.68 -0.0056072 0.999597 0.0278336 -6.50167 -0.909827 -0.0166496 0.414655 -31.3968
0.415578 -0.0244917 0.909228 192.347 -0.00244309 0.999604 0.0280428 -6.48466 -0.909554 -0.0138753 0.415353 -31.1047
0.414009 -0.0302951 0.909768 193.011 0.000804533 0.999458 0.0329157 -6.47621 -0.910272 -0.0128955 0.413809 -30.7992
0.411911 -0.0335143 0.910608 193.669 0.00116798 0.999342 0.0362517 -6.47106 -0.911224 -0.0138689 0.411679 -30.4938
0.411211 -0.0359024 0.910833 194.348 0.00198802 0.999257 0.0384903 -6.46161 -0.911538 -0.0140169 0.410976 -30.1988
0.409401 -0.0364087 0.911628 195.014 0.00112448 0.999223 0.039402 -6.44762 -0.912354 -0.0151061 0.409123 -29.8841
0.40839 -0.0365779 0.912074 195.681 0.000239656 0.999201 0.0399647 -6.43277 -0.912808 -0.0161026 0.408072 -29.5865
0.406144 -0.0357336 0.91311 196.358 -0.000563141 0.999225 0.0393541 -6.42327 -0.913809 -0.0164977 0.405809 -29.2781
0.40624 -0.0323781 0.913192 197.042 0.000179524 0.999375 0.0353539 -6.41332 -0.913766 -0.0141983 0.405992 -28.9751
0.404551 -0.0266647 0.914127 197.711 -0.000657863 0.999566 0.0294481 -6.40899 -0.914515 -0.0125146 0.404357 -28.6718
0.404345 -0.023526 0.914304 198.38 -0.0026101 0.999635 0.0268759 -6.39382 -0.914603 -0.0132536 0.404136 -28.3787
0.402215 -0.0262031 0.91517 199.05 -0.00336872 0.999541 0.0300994 -6.38378 -0.915539 -0.0151894 0.401942 -28.0726
0.40148 -0.0291873 0.915402 199.733 -0.00494596 0.999408 0.034035 -6.37606 -0.915854 -0.0181919 0.401099 -27.7693
0.398842 -0.0289413 0.916563 200.4 -0.00728009 0.99937 0.034724 -6.36484 -0.916991 -0.0205221 0.39838 -27.4576
0.39447 -0.0285104 0.918466 201.072 -0.0109568 0.999302 0.0357254 -6.3617 -0.918843 -0.0241561 0.393882 -27.1657
0.387635 -0.0294076 0.921344 201.741 -0.0111219 0.999269 0.0365741 -6.35015 -0.921746 -0.0244245 0.387025 -26.8854
0.379048 -0.0300232 0.92489 202.421 -0.010766 0.999263 0.0368497 -6.34126 -0.925314 -0.0239251 0.378445 -26.6059
0.368807 -0.029304 0.929044 203.114 -0.00862135 0.999352 0.0349441 -6.33899 -0.929466 -0.0208972 0.368315 -26.3353
0.358448 -0.0258828 0.933191 203.806 -0.00985156 0.999455 0.0315048 -6.33506 -0.933498 -0.0204862 0.357998 -26.0715
0.347646 -0.0256396 0.937275 204.46 -0.0125182 0.99941 0.0319825 -6.31606 -0.937542 -0.0228516 0.34712 -25.8244
0.337232 -0.0329722 0.940844 205.165 -0.00842295 0.999241 0.0380378 -6.30003 -0.941384 -0.0207522 0.336698 -25.581
0.328153 -0.0421545 0.943683 205.857 -0.00346656 0.998943 0.0458284 -6.29457 -0.944618 -0.0183101 0.327661 -25.3501
0.321244 -0.0472391 0.945817 206.544 -0.00359601 0.998687 0.051101 -6.28222 -0.94699 -0.0198171 0.320653 -25.1249
0.317128 -0.0477606 0.947179 207.244 -0.00944564 0.998523 0.0535121 -6.25778 -0.948336 -0.0259169 0.316208 -24.8763
0.314537 -0.0497705 0.947939 207.928 -0.00889332 0.998426 0.0553722 -6.23242 -0.949203 -0.0258469 0.3136 -24.6507
0.312576 -0.0506802 0.94854 208.619 -0.00826148 0.998393 0.0560663 -6.20977 -0.949857 -0.0253613 0.311655 -24.422
0.312174 -0.0496074 0.948729 209.332 -0.00747746 0.998477 0.0546691 -6.18957 -0.949996 -0.0241603 0.311327 -24.1965
0.312433 -0.0473558 0.948759 210.039 -0.0108582 0.998513 0.0534149 -6.16031 -0.949878 -0.0269904 0.311454 -23.958
0.311303 -0.048238 0.949085 210.74 -0.0122281 0.998425 0.0547565 -6.14068 -0.950232 -0.0286514 0.310223 -23.716
0.312953 -0.0492125 0.948493 211.427 -0.0127343 0.99835 0.056001 -6.11488 -0.949683 -0.0296041 0.31181 -23.4821
0.314548 -0.0509221 0.947875 212.147 -0.011271 0.998289 0.0573707 -6.08806 -0.949175 -0.0287294 0.313436 -23.2471
0.31669 -0.0521308 0.947095 212.868 -0.00785805 0.99831 0.0575774 -6.06442 -0.948497 -0.0256765 0.315745 -23.0074
0.3192 -0.0533126 0.946186 213.594 -0.0066509 0.998266 0.0584907 -6.03187 -0.947664 -0.0249633 0.318292 -22.7628
0.323054 -0.054993 0.944781 214.322 -0.00762061 0.998127 0.0607038 -6.00356 -0.94635 -0.0268104 0.32203 -22.5052
0.328008 -0.0589624 0.942833 215.028 -0.00913502 0.997806 0.0655783 -5.96968 -0.944631 -0.030123 0.326749 -22.2506
0.334569 -0.0627157 0.940282 215.762 -0.00922038 0.997517 0.069814 -5.93301 -0.942326 -0.0320273 0.33316 -21.995
0.338292 -0.0630592 0.938926 216.485 -0.0104282 0.99744 0.0707464 -5.90112 -0.940983 -0.0337243 0.336769 -21.722
0.341638 -0.0590391 0.937976 217.2 -0.0148084 0.997563 0.0681833 -5.86898 -0.939715 -0.0371839 0.339931 -21.4362
0.346323 -0.0522986 0.936656 217.915 -0.0220192 0.997717 0.0638494 -5.83488 -0.937857 -0.042737 0.344381 -21.1611
0.350802 -0.0492083 0.935156 218.636 -0.0252315 0.997759 0.0619675 -5.79353 -0.93611 -0.0453337 0.348774 -20.8772
0.355524 -0.0495393 0.933353 219.366 -0.025956 0.997686 0.0628407 -5.76238 -0.934307 -0.0465675 0.353415 -20.5926
0.359224 -0.0475397 0.93204 220.096 -0.0281551 0.997695 0.06174 -5.73508 -0.932827 -0.0484202 0.357057 -20.3016
0.363783 -0.0446559 0.930413 220.822 -0.0288955 0.997828 0.0591895 -5.70586 -0.931035 -0.0484169 0.361703 -20.0113
0.367496 -0.0436991 0.928998 221.541 -0.0303247 0.997801 0.0589314 -5.67176 -0.929531 -0.0498286 0.365362 -19.712
0.371357 -0.0452176 0.927388 222.26 -0.0295463 0.997732 0.0604788 -5.643 -0.92802 -0.0498601 0.369179 -19.4116
0.375796 -0.0458965 0.925565 222.998 -0.0260326 0.997856 0.060051 -5.62044 -0.926337 -0.0466619 0.373796 -19.112
0.380484 -0.0457401 0.923656 223.703 -0.022501 0.998023 0.0586917 -5.59238 -0.924514 -0.0431144 0.378703 -18.8257
0.385406 -0.0435902 0.921717 224.423 -0.024333 0.998056 0.057375 -5.56566 -0.922426 -0.0445408 0.383596 -18.5223
0.38959 -0.0431629 0.919976 225.151 -0.0293438 0.997812 0.0592412 -5.53552 -0.920521 -0.0500753 0.387471 -18.1992
0.391694 -0.0432274 0.919079 225.858 -0.0323344 0.997632 0.0607023 -5.50172 -0.919527 -0.0534946 0.389369 -17.8683
0.396135 -0.0413173 0.917262 226.568 -0.0292719 0.997911 0.0575917 -5.47588 -0.917725 -0.0496641 0.394099 -17.5589
0.40005 -0.0353325 0.915812 227.29 -0.0282312 0.998307 0.0508473 -5.45392 -0.916058 -0.0461959 0.398376 -17.2418
0.40244 -0.0288169 0.914993 227.979 -0.033931 0.998348 0.046366 -5.43365 -0.914817 -0.0497061 0.400797 -16.9208
0.40641 -0.0288239 0.913236 228.696 -0.0411299 0.997912 0.0498002 -5.39941 -0.912765 -0.0578006 0.404376 -16.5951
0.409253 -0.0388787 0.911592 229.411 -0.040499 0.997333 0.0607172 -5.37297 -0.911522 -0.0617673 0.406587 -16.2709
0.409387 -0.0507299 0.91095 230.118 -0.0373894 0.996681 0.0723073 -5.33651 -0.911595 -0.0636615 0.406131 -15.9427
0.411221 -0.0593721 0.9096 230.855 -0.0360987 0.996033 0.0813336 -5.28884 -0.910821 -0.0662814 0.407446 -15.611
0.413049 -0.0625264 0.90856 231.567 -0.0355677 0.995772 0.084698 -5.25388 -0.910014 -0.0672998 0.409078 -15.2775
0.415731 -0.0576371 0.907659 232.254 -0.0367167 0.996113 0.0800711 -5.21207 -0.908746 -0.0666143 0.411999 -14.9599
0.419849 -0.0505931 0.906182 232.972 -0.0383708 0.996563 0.073417 -5.17141 -0.906782 -0.065595 0.416465 -14.6266
0.425262 -0.0461596 0.903892 233.685 -0.0387929 0.996851 0.0691581 -5.13309 -0.904238 -0.0644749 0.422132 -14.2903
0.429623 -0.0446748 0.901903 234.383 -0.0362857 0.997115 0.0666758 -5.09857 -0.902279 -0.0613716 0.426762 -13.9538
0.434202 -0.0430908 0.899784 235.083 -0.0348114 0.997306 0.0645599 -5.06628 -0.900143 -0.0593548 0.431532 -13.6173
0.438552 -0.0443413 0.897611 235.783 -0.0332911 0.997295 0.0655309 -5.03381 -0.898089 -0.0586212 0.43589 -13.2758
0.442368 -0.0487193 0.895509 236.488 -0.0323657 0.997006 0.0702293 -4.99463 -0.89625 -0.060051 0.439466 -12.9254
0.443646 -0.0550494 0.89451 237.209 -0.0293782 0.996682 0.0759078 -4.94229 -0.895721 -0.0599553 0.440557 -12.5472
0.446846 -0.0610159 0.892528 237.92 -0.0270374 0.996295 0.0816461 -4.8994 -0.894202 -0.0606148 0.443541 -12.1997
0.449214 -0.0664478 0.89095 238.641 -0.0251058 0.995898 0.0869332 -4.84987 -0.893071 -0.0614196 0.445703 -11.8379
0.450278 -0.0734971 0.889858 239.355 -0.0222717 0.995372 0.0934816 -4.79783 -0.892611 -0.0619114 0.446557 -11.4775
0.451865 -0.0740048 0.889012 240.06 -0.0235013 0.99522 0.0947912 -4.74412 -0.891777 -0.0637257 0.447966 -11.1218
0.453096 -0.0640501 0.889158 240.76 -0.0306512 0.995706 0.0873445 -4.69715 -0.890935 -0.0668293 0.449188 -10.7422
0.453461 -0.0496123 0.889894 241.458 -0.0346258 0.996715 0.0732118 -4.65568 -0.890603 -0.064012 0.450254 -10.3652
0.455389 -0.041096 0.889344 242.173 -0.0357488 0.997284 0.0643891 -4.60904 -0.889575 -0.0611151 0.452683 -9.99579
0.454931 -0.0437827 0.88945 242.885 -0.0344624 0.997177 0.0667122 -4.56918 -0.88986 -0.061002 0.452138 -9.62413
0.453623 -0.0491973 0.889835 243.596 -0.0344697 0.996759 0.072681 -4.52454 -0.890527 -0.0636421 0.450457 -9.24685
0.456675 -0.0512877 0.888154 244.326 -0.0325707 0.996704 0.0743034 -4.48485 -0.889037 -0.0628603 0.4535 -8.88213
