1.000000e+00 -1.734723e-18 -6.776264e-21 0.000000e+00 0.000000e+00 1.000000e+00 8.673617e-19 0.000000e+00 -2.168404e-19 -8.673617e-19 1.000000e+00 0.000000e+00
9.999097e-01 1.037759e-03 1.339544e-02 8.792979e-05 -1.027564e-03 9.999992e-01 -7.679537e-04 -6.681576e-03 -1.339623e-02 7.541197e-04 9.999100e-01 7.101971e-02
9.993701e-01 4.028614e-03 3.525777e-02 3.019985e-02 -4.024394e-03 9.999919e-01 -1.906719e-04 -6.297992e-03 -3.525826e-02 4.866060e-05 9.993782e-01 2.177056e-01
9.980547e-01 5.463677e-03 6.210456e-02 6.151334e-02 -5.521164e-03 9.999845e-01 7.540704e-04 -2.514037e-03 -6.209948e-02 -1.095493e-03 9.980694e-01 4.066328e-01
9.953868e-01 5.051131e-03 9.581007e-02 1.023770e-01 -5.363223e-03 9.999811e-01 3.000158e-03 -1.366009e-03 -9.579311e-02 -3.500169e-03 9.953951e-01 5.875579e-01
9.911841e-01 1.844928e-03 1.324787e-01 1.863368e-01 -2.476631e-03 9.999863e-01 4.603713e-03 -4.385952e-03 -1.324684e-01 -4.891228e-03 9.911752e-01 7.882560e-01
9.849955e-01 -1.109305e-03 1.725764e-01 2.722009e-01 1.233641e-04 9.999836e-01 5.723688e-03 -8.863251e-03 -1.725799e-01 -5.616517e-03 9.849795e-01 9.789374e-01
9.765018e-01 -1.781975e-03 2.155020e-01 3.613509e-01 3.289563e-04 9.999770e-01 6.778164e-03 -1.371664e-02 -2.155091e-01 -6.547998e-03 9.764799e-01 1.189876e+00
9.649375e-01 -1.603402e-03 2.624748e-01 4.433728e-01 -8.866704e-04 9.999557e-01 9.368186e-03 -7.395543e-03 -2.624782e-01 -9.272443e-03 9.648934e-01 1.409013e+00
9.506407e-01 -5.690334e-03 3.102416e-01 5.940152e-01 7.043183e-04 9.998688e-01 1.618105e-02 5.874246e-03 -3.102930e-01 -1.516385e-02 9.505200e-01 1.641811e+00
9.336817e-01 -1.482921e-02 3.577967e-01 7.644879e-01 6.449372e-03 9.996765e-01 2.460266e-02 -3.731851e-03 -3.580458e-01 -2.066349e-02 9.334753e-01 1.863455e+00
9.129355e-01 -2.076833e-02 4.075750e-01 8.984753e-01 9.570510e-03 9.995191e-01 2.949416e-02 -1.445550e-02 -4.079916e-01 -2.302556e-02 9.126953e-01 2.085404e+00
8.881185e-01 -2.271811e-02 4.590527e-01 1.077167e+00 8.207533e-03 9.994023e-01 3.358060e-02 -1.502876e-02 -4.595413e-01 -2.605586e-02 8.877741e-01 2.349690e+00
8.602163e-01 -2.476839e-02 5.093274e-01 1.259156e+00 6.478436e-03 9.992699e-01 3.765249e-02 -8.221884e-04 -5.098881e-01 -2.908964e-02 8.597487e-01 2.579347e+00
8.282983e-01 -2.974309e-02 5.594973e-01 1.490642e+00 7.272030e-03 9.990766e-01 4.234554e-02 9.673662e-03 -5.602402e-01 -3.100605e-02 8.277497e-01 2.803537e+00
7.927424e-01 -3.573870e-02 6.085081e-01 1.739063e+00 9.824812e-03 9.988992e-01 4.586761e-02 1.252375e-02 -6.094776e-01 -3.038272e-02 7.922209e-01 3.025154e+00
7.553222e-01 -4.021810e-02 6.541184e-01 2.007719e+00 1.090448e-02 9.987483e-01 4.881588e-02 2.181420e-02 -6.552630e-01 -2.973889e-02 7.548153e-01 3.222111e+00
7.156362e-01 -4.337644e-02 6.971250e-01 2.310735e+00 1.174720e-02 9.986761e-01 5.008039e-02 3.271964e-02 -6.983744e-01 -2.765007e-02 7.151983e-01 3.453960e+00
6.735156e-01 -4.513096e-02 7.377939e-01 2.610911e+00 1.083365e-02 9.986298e-01 5.119653e-02 4.242648e-02 -7.390936e-01 -2.648867e-02 6.730817e-01 3.656482e+00
6.311809e-01 -4.575836e-02 7.742847e-01 2.940602e+00 7.101552e-03 9.985574e-01 5.322330e-02 6.483716e-02 -7.756031e-01 -2.809491e-02 6.305954e-01 3.885419e+00
5.891502e-01 -4.664733e-02 8.066759e-01 3.286173e+00 3.832155e-03 9.984823e-01 5.494005e-02 8.345965e-02 -8.080145e-01 -2.927663e-02 5.884348e-01 4.091623e+00
5.497229e-01 -4.752570e-02 8.339940e-01 3.663056e+00 1.616507e-03 9.984389e-01 5.583118e-02 1.022450e-01 -8.353456e-01 -2.934352e-02 5.489415e-01 4.300739e+00
5.111944e-01 -5.032344e-02 8.579906e-01 4.092501e+00 5.485045e-04 9.983033e-01 5.822635e-02 1.176586e-01 -8.594650e-01 -2.929437e-02 5.103546e-01 4.505788e+00
4.736538e-01 -5.024794e-02 8.792765e-01 4.513606e+00 -1.937973e-03 9.983092e-01 5.809425e-02 1.409900e-01 -8.807090e-01 -2.922057e-02 4.727556e-01 4.710625e+00
4.373858e-01 -4.948548e-02 8.979113e-01 4.968667e+00 -3.668496e-03 9.983783e-01 5.680937e-02 1.629705e-01 -8.992665e-01 -2.814160e-02 4.364950e-01 4.905398e+00
4.039303e-01 -4.853937e-02 9.135010e-01 5.460224e+00 -1.850593e-03 9.985459e-01 5.387656e-02 1.875399e-01 -9.147879e-01 -2.345289e-02 4.032531e-01 5.092559e+00
3.745538e-01 -4.675292e-02 9.260257e-01 5.976391e+00 -2.712083e-04 9.987224e-01 5.053290e-02 2.055362e-01 -9.272052e-01 -1.917844e-02 3.740626e-01 5.258116e+00
3.494617e-01 -4.494904e-02 9.358718e-01 6.521925e+00 5.697888e-04 9.988586e-01 4.776147e-02 2.289764e-01 -9.369505e-01 -1.615755e-02 3.490884e-01 5.452522e+00
3.286161e-01 -4.442518e-02 9.434182e-01 7.111603e+00 1.679534e-03 9.989190e-01 4.645367e-02 2.527377e-01 -9.444621e-01 -1.368092e-02 3.283355e-01 5.638569e+00
3.143909e-01 -4.493507e-02 9.482295e-01 7.703450e+00 3.079855e-03 9.989221e-01 4.631616e-02 2.798183e-01 -9.492886e-01 -1.164097e-02 3.141904e-01 5.819031e+00
3.020905e-01 -4.648430e-02 9.521452e-01 8.321996e+00 3.542017e-03 9.988582e-01 4.764107e-02 2.968860e-01 -9.532727e-01 -1.101940e-02 3.019103e-01 6.005109e+00
2.916988e-01 -4.836871e-02 9.552864e-01 8.966691e+00 3.166677e-03 9.987640e-01 4.960314e-02 3.248599e-01 -9.565050e-01 -1.144409e-02 2.914914e-01 6.206531e+00
2.813955e-01 -4.992853e-02 9.582920e-01 9.636101e+00 8.797195e-04 9.986585e-01 5.177336e-02 3.548611e-01 -9.595915e-01 -1.372576e-02 2.810619e-01 6.414179e+00
2.704502e-01 -5.183992e-02 9.613372e-01 1.031631e+01 9.800445e-04 9.985635e-01 5.357162e-02 3.831598e-01 -9.627335e-01 -1.354630e-02 2.701125e-01 6.613249e+00
2.606963e-01 -5.385767e-02 9.639174e-01 1.104594e+01 -3.738526e-04 9.984370e-01 5.588752e-02 4.123950e-01 -9.654208e-01 -1.493003e-02 2.602687e-01 6.800232e+00
2.502838e-01 -5.540081e-02 9.665861e-01 1.178557e+01 -4.983017e-04 9.983540e-01 5.735064e-02 4.458886e-01 -9.681724e-01 -1.483559e-02 2.498442e-01 6.980738e+00
2.400447e-01 -5.698736e-02 9.690877e-01 1.254332e+01 -6.812744e-04 9.982653e-01 5.887191e-02 4.769392e-01 -9.707616e-01 -1.479211e-02 2.395895e-01 7.170576e+00
2.300241e-01 -5.969419e-02 9.713524e-01 1.329586e+01 -2.305912e-03 9.980808e-01 6.188283e-02 5.108345e-01 -9.731822e-01 -1.647439e-02 2.294449e-01 7.362650e+00
2.193348e-01 -6.335203e-02 9.735906e-01 1.408171e+01 -4.438184e-03 9.978145e-01 6.592814e-02 5.482717e-01 -9.756396e-01 -1.878131e-02 2.185743e-01 7.538124e+00
2.073235e-01 -6.721195e-02 9.759608e-01 1.487657e+01 -4.640657e-03 9.975582e-01 6.968513e-02 5.889226e-01 -9.782615e-01 -1.897646e-02 2.065054e-01 7.710072e+00
1.946580e-01 -6.978109e-02 9.783858e-01 1.566123e+01 -4.595109e-03 9.973904e-01 7.205078e-02 6.312520e-01 -9.808605e-01 -1.852105e-02 1.938293e-01 7.867231e+00
1.799027e-01 -7.054342e-02 9.811516e-01 1.647293e+01 -6.009707e-03 9.973278e-01 7.280840e-02 6.684548e-01 -9.836661e-01 -1.899486e-02 1.789980e-01 8.007750e+00
1.657408e-01 -6.998993e-02 9.836825e-01 1.727412e+01 -6.856240e-03 9.973725e-01 7.211919e-02 7.074452e-01 -9.861456e-01 -1.869746e-02 1.648255e-01 8.143004e+00
1.499240e-01 -6.887443e-02 9.862956e-01 1.807445e+01 -8.146872e-03 9.974507e-01 7.089179e-02 7.477669e-01 -9.886640e-01 -1.866360e-02 1.489807e-01 8.268723e+00
1.293699e-01 -6.767018e-02 9.892846e-01 1.889254e+01 -1.035443e-02 9.975221e-01 6.958771e-02 7.863809e-01 -9.915424e-01 -1.924603e-02 1.283487e-01 8.388455e+00
1.057467e-01 -6.604468e-02 9.921974e-01 1.973068e+01 -1.453509e-02 9.975827e-01 6.795227e-02 8.285421e-01 -9.942869e-01 -2.160741e-02 1.045311e-01 8.475424e+00
7.705859e-02 -6.583752e-02 9.948504e-01 2.054711e+01 -1.901846e-02 9.975388e-01 6.748856e-02 8.681048e-01 -9.968452e-01 -2.412110e-02 7.561680e-02 8.547218e+00
4.203997e-02 -6.545959e-02 9.969692e-01 2.139501e+01 -2.210079e-02 9.975463e-01 6.642942e-02 9.084830e-01 -9.988715e-01 -2.482649e-02 4.049010e-02 8.571335e+00
7.712505e-03 -6.502752e-02 9.978536e-01 2.224586e+01 -2.333494e-02 9.975999e-01 6.519135e-02 9.490608e-01 -9.996980e-01 -2.378764e-02 6.176579e-03 8.569406e+00
-2.664251e-02 -6.405822e-02 9.975904e-01 2.309214e+01 -2.511983e-02 9.976725e-01 6.339262e-02 9.832242e-01 -9.993294e-01 -2.337036e-02 -2.818964e-02 8.549438e+00
-5.947815e-02 -6.231913e-02 9.962824e-01 2.394150e+01 -2.703815e-02 9.977838e-01 6.079887e-02 1.014037e+00 -9.978634e-01 -2.332143e-02 -6.103133e-02 8.470828e+00
-9.204923e-02 -5.915653e-02 9.939957e-01 2.477393e+01 -2.868582e-02 9.979770e-01 5.673702e-02 1.048261e+00 -9.953412e-01 -2.329098e-02 -9.355996e-02 8.390860e+00
-1.242595e-01 -5.479874e-02 9.907354e-01 2.561471e+01 -2.674324e-02 9.982961e-01 5.186276e-02 1.080530e+00 -9.918893e-01 -2.005103e-02 -1.255132e-01 8.285243e+00
-1.543939e-01 -4.964331e-02 9.867614e-01 2.645265e+01 -2.176541e-02 9.986654e-01 4.683666e-02 1.097383e+00 -9.877696e-01 -1.424596e-02 -1.552684e-01 8.120084e+00
-1.866219e-01 -4.334953e-02 9.814749e-01 2.728919e+01 -1.659272e-02 9.990226e-01 4.096956e-02 1.113688e+00 -9.822917e-01 -8.639522e-03 -1.871588e-01 7.950126e+00
-2.151619e-01 -3.795686e-02 9.758404e-01 2.813166e+01 -1.087390e-02 9.992756e-01 3.647084e-02 1.128290e+00 -9.765179e-01 -2.764057e-03 -2.154188e-01 7.737311e+00
-2.433573e-01 -3.145966e-02 9.694263e-01 2.894198e+01 -2.566101e-03 9.994912e-01 3.179115e-02 1.143853e+00 -9.699334e-01 5.248964e-03 -2.433142e-01 7.510787e+00
-2.699693e-01 -2.092573e-02 9.626415e-01 2.976565e+01 4.730458e-03 9.997229e-01 2.305844e-02 1.154111e+00 -9.628574e-01 1.077881e-02 -2.697955e-01 7.269175e+00
-2.945782e-01 -6.103218e-03 9.556078e-01 3.056431e+01 9.160006e-03 9.999156e-01 9.209889e-03 1.141136e+00 -9.555835e-01 1.146641e-02 -2.944974e-01 7.012793e+00
-3.198596e-01 1.034045e-02 9.474085e-01 3.133770e+01 9.330732e-03 9.999263e-01 -7.763454e-03 1.121489e+00 -9.474191e-01 6.356801e-03 -3.199325e-01 6.732072e+00
-3.455172e-01 2.489078e-02 9.380822e-01 3.208621e+01 7.225569e-03 9.996891e-01 -2.386409e-02 1.089291e+00 -9.383846e-01 -1.467277e-03 -3.455897e-01 6.440007e+00
-3.711290e-01 3.581083e-02 9.278905e-01 3.285415e+01 1.095799e-02 9.993554e-01 -3.418606e-02 1.046740e+00 -9.285167e-01 -2.519622e-03 -3.712822e-01 6.113110e+00
-3.951397e-01 4.043942e-02 9.177305e-01 3.362510e+01 1.550641e-02 9.991819e-01 -3.735207e-02 1.010711e+00 -9.184902e-01 -5.285809e-04 -3.954435e-01 5.775973e+00
-4.176289e-01 3.952403e-02 9.077576e-01 3.437436e+01 1.742507e-02 9.992181e-01 -3.548955e-02 9.640665e-01 -9.084506e-01 9.962781e-04 -4.179911e-01 5.426426e+00
-4.372027e-01 3.642093e-02 8.986252e-01 3.512350e+01 2.097177e-02 9.993209e-01 -3.029882e-02 9.219035e-01 -8.991185e-01 5.599035e-03 -4.376696e-01 5.042953e+00
-4.552073e-01 3.516767e-02 8.896907e-01 3.585873e+01 2.837597e-02 9.992851e-01 -2.498124e-02 8.906605e-01 -8.899332e-01 1.387419e-02 -4.558798e-01 4.634468e+00
-4.686925e-01 3.586786e-02 8.826328e-01 3.657563e+01 3.201164e-02 9.992087e-01 -2.360649e-02 8.456987e-01 -8.827812e-01 1.719034e-02 -4.694698e-01 4.241263e+00
-4.814956e-01 3.877039e-02 8.755905e-01 3.727080e+01 3.456388e-02 9.990839e-01 -2.523157e-02 7.972012e-01 -8.757667e-01 1.811492e-02 -4.823946e-01 3.868082e+00
-4.912755e-01 4.137168e-02 8.700211e-01 3.797297e+01 3.659604e-02 9.989697e-01 -2.683879e-02 7.570799e-01 -8.702351e-01 1.865409e-02 -4.922833e-01 3.464373e+00
-5.007550e-01 4.055059e-02 8.646387e-01 3.866188e+01 3.093676e-02 9.991023e-01 -2.893977e-02 7.134724e-01 -8.650361e-01 1.225739e-02 -5.015600e-01 3.056225e+00
-5.127904e-01 3.974753e-02 8.575932e-01 3.934769e+01 2.920879e-02 9.991571e-01 -2.884356e-02 6.762709e-01 -8.580168e-01 1.025856e-02 -5.135192e-01 2.654034e+00
-5.217224e-01 4.075923e-02 8.521410e-01 4.003338e+01 3.099018e-02 9.991043e-01 -2.881501e-02 6.485313e-01 -8.525523e-01 1.137457e-02 -5.225183e-01 2.243352e+00
-5.291418e-01 4.367173e-02 8.474088e-01 4.071939e+01 3.448871e-02 9.989563e-01 -2.994627e-02 5.996105e-01 -8.478323e-01 1.338022e-02 -5.300957e-01 1.807571e+00
-5.330383e-01 4.679746e-02 8.447959e-01 4.142457e+01 3.534149e-02 9.988293e-01 -3.303083e-02 5.621153e-01 -8.453527e-01 1.224965e-02 -5.340682e-01 1.361808e+00
-5.329573e-01 4.799253e-02 8.447800e-01 4.212805e+01 3.446187e-02 9.987929e-01 -3.500071e-02 5.183583e-01 -8.454401e-01 1.045881e-02 -5.339679e-01 9.138925e-01
-5.292005e-01 4.901083e-02 8.470801e-01 4.286706e+01 3.654906e-02 9.987205e-01 -3.495105e-02 4.753359e-01 -8.477093e-01 1.246387e-02 -5.303147e-01 4.621135e-01
-5.237057e-01 4.809072e-02 8.505407e-01 4.362114e+01 3.565743e-02 9.987678e-01 -3.451623e-02 4.379378e-01 -8.511527e-01 1.225174e-02 -5.247752e-01 9.076121e-03
-5.166599e-01 4.668355e-02 8.549170e-01 4.437826e+01 3.366321e-02 9.988479e-01 -3.419903e-02 3.996861e-01 -8.555287e-01 1.110998e-02 -5.176362e-01 -4.395085e-01
-5.095150e-01 4.584502e-02 8.592396e-01 4.516051e+01 3.164765e-02 9.989024e-01 -3.453025e-02 3.553793e-01 -8.598796e-01 9.599233e-03 -5.104067e-01 -8.929695e-01
-5.029070e-01 4.498632e-02 8.631690e-01 4.595615e+01 2.940460e-02 9.989570e-01 -3.493130e-02 3.144977e-01 -8.638402e-01 7.813938e-03 -5.037053e-01 -1.354359e+00
-4.979284e-01 4.224205e-02 8.661887e-01 4.677120e+01 2.502033e-02 9.990969e-01 -3.434076e-02 2.660686e-01 -8.668572e-01 4.573087e-03 -4.985357e-01 -1.821001e+00
-4.965518e-01 3.932976e-02 8.671156e-01 4.760762e+01 1.973931e-02 9.992263e-01 -3.401823e-02 2.255564e-01 -8.677826e-01 2.244507e-04 -4.969440e-01 -2.285229e+00
-4.964550e-01 3.685562e-02 8.672797e-01 4.846446e+01 1.691583e-02 9.993193e-01 -3.278363e-02 1.780339e-01 -8.678977e-01 -1.604843e-03 -4.967405e-01 -2.766923e+00
-4.974167e-01 3.522706e-02 8.667962e-01 4.930439e+01 1.536246e-02 9.993762e-01 -3.179934e-02 1.351898e-01 -8.673757e-01 -2.501398e-03 -4.976476e-01 -3.243283e+00
-4.992272e-01 3.501199e-02 8.657634e-01 5.018433e+01 1.575810e-02 9.993849e-01 -3.132909e-02 9.176414e-02 -8.663279e-01 -1.997545e-03 -4.994718e-01 -3.727772e+00
-4.988002e-01 3.406668e-02 8.660472e-01 5.106644e+01 1.521781e-02 9.994174e-01 -3.054821e-02 4.463461e-02 -8.665835e-01 -2.058104e-03 -4.990280e-01 -4.221750e+00
-4.989652e-01 3.361376e-02 8.659698e-01 5.194955e+01 1.588175e-02 9.994344e-01 -2.964342e-02 5.239199e-03 -8.664765e-01 -1.037918e-03 -4.992168e-01 -4.731491e+00
-4.995733e-01 3.284838e-02 8.656486e-01 5.285365e+01 1.547421e-02 9.994598e-01 -2.899575e-02 -4.640818e-02 -8.661334e-01 -1.090274e-03 -4.998117e-01 -5.243108e+00
-4.990494e-01 3.140925e-02 8.660041e-01 5.375327e+01 1.377677e-02 9.995042e-01 -2.831209e-02 -9.023791e-02 -8.664641e-01 -2.198393e-03 -4.992347e-01 -5.756368e+00
-4.996984e-01 3.053538e-02 8.656611e-01 5.464862e+01 1.328082e-02 9.995311e-01 -2.759123e-02 -1.481302e-01 -8.660977e-01 -2.290598e-03 -4.998696e-01 -6.258419e+00
-4.990770e-01 2.955589e-02 8.660534e-01 5.554302e+01 1.183441e-02 9.995574e-01 -2.729222e-02 -1.938704e-01 -8.664768e-01 -3.371692e-03 -4.992059e-01 -6.760109e+00
-4.973795e-01 2.795841e-02 8.670824e-01 5.644678e+01 1.100171e-02 9.996035e-01 -2.592060e-02 -2.445479e-01 -8.674633e-01 -3.352987e-03 -4.974899e-01 -7.267637e+00
-4.960453e-01 2.596373e-02 8.679083e-01 5.733598e+01 1.195361e-02 9.996623e-01 -2.307321e-02 -2.928491e-01 -8.682144e-01 -1.070723e-03 -4.961881e-01 -7.781271e+00
-4.934664e-01 2.446942e-02 8.694205e-01 5.822342e+01 1.244991e-02 9.997005e-01 -2.106976e-02 -3.334247e-01 -8.696758e-01 4.269903e-04 -4.936233e-01 -8.279199e+00
-4.915684e-01 2.429790e-02 8.704999e-01 5.910397e+01 1.255414e-02 9.997045e-01 -2.081505e-02 -3.761373e-01 -8.707485e-01 6.963547e-04 -4.917282e-01 -8.784403e+00
-4.892464e-01 2.430314e-02 8.718069e-01 6.001584e+01 1.275034e-02 9.997042e-01 -2.071318e-02 -4.252674e-01 -8.720525e-01 9.819896e-04 -4.894115e-01 -9.284226e+00
-4.876847e-01 2.466619e-02 8.726713e-01 6.091168e+01 1.278992e-02 9.996954e-01 -2.110902e-02 -4.688488e-01 -8.729262e-01 8.668466e-04 -4.878517e-01 -9.784225e+00
-4.890485e-01 2.593416e-02 8.718709e-01 6.179928e+01 1.256252e-02 9.996636e-01 -2.268885e-02 -5.130562e-01 -8.721662e-01 -1.430466e-04 -4.892098e-01 -1.027122e+01
-4.909400e-01 2.771290e-02 8.707525e-01 6.270965e+01 1.157951e-02 9.996132e-01 -2.528540e-02 -5.606582e-01 -8.711165e-01 -2.330726e-03 -4.910710e-01 -1.075965e+01
-4.958842e-01 2.805122e-02 8.679355e-01 6.358326e+01 1.025061e-02 9.995976e-01 -2.644991e-02 -6.141519e-01 -8.683282e-01 -4.219220e-03 -4.959722e-01 -1.125643e+01
-5.012549e-01 2.668653e-02 8.648880e-01 6.447126e+01 9.676402e-03 9.996347e-01 -2.523614e-02 -6.555124e-01 -8.652456e-01 -4.280734e-03 -5.013301e-01 -1.175620e+01
-5.064156e-01 2.480242e-02 8.619327e-01 6.534901e+01 1.230278e-02 9.996923e-01 -2.153818e-02 -7.131696e-01 -8.622018e-01 -3.030995e-04 -5.065649e-01 -1.226951e+01
-5.115431e-01 2.264940e-02 8.589590e-01 6.621260e+01 1.074418e-02 9.997430e-01 -1.996308e-02 -7.506056e-01 -8.591905e-01 -9.831639e-04 -5.116550e-01 -1.275946e+01
-5.162003e-01 2.369340e-02 8.561401e-01 6.705594e+01 1.021285e-02 9.997165e-01 -2.150910e-02 -8.017981e-01 -8.564071e-01 -2.359371e-03 -5.162959e-01 -1.327125e+01
-5.213763e-01 2.604674e-02 8.529292e-01 6.788861e+01 1.085445e-02 9.996556e-01 -2.389239e-02 -8.465251e-01 -8.532579e-01 -3.198845e-03 -5.214795e-01 -1.377339e+01
-5.276514e-01 2.712433e-02 8.490278e-01 6.872137e+01 9.865223e-03 9.996183e-01 -2.580431e-02 -8.936780e-01 -8.494038e-01 -5.239831e-03 -5.277176e-01 -1.428521e+01
-5.306012e-01 2.686383e-02 8.471958e-01 6.957704e+01 8.580726e-03 9.996167e-01 -2.632283e-02 -9.425455e-01 -8.475782e-01 -6.697371e-03 -5.306283e-01 -1.480798e+01
-5.340215e-01 2.600631e-02 8.450708e-01 7.038638e+01 8.525484e-03 9.996416e-01 -2.537562e-02 -9.968763e-01 -8.454279e-01 -6.346491e-03 -5.340519e-01 -1.532337e+01
-5.376649e-01 2.024515e-02 8.429155e-01 7.121681e+01 1.003273e-02 9.997945e-01 -1.761356e-02 -1.042078e+00 -8.430990e-01 -1.013453e-03 -5.377575e-01 -1.584594e+01
-5.387750e-01 1.276355e-02 8.423530e-01 7.205169e+01 1.083207e-02 9.999075e-01 -8.222582e-03 -1.067999e+00 -8.423801e-01 4.694304e-03 -5.388634e-01 -1.639182e+01
-5.410252e-01 9.696345e-03 8.409505e-01 7.287072e+01 1.143692e-02 9.999259e-01 -4.171428e-03 -1.092894e+00 -8.409287e-01 7.361036e-03 -5.410960e-01 -1.690520e+01
-5.420031e-01 1.290688e-02 8.402773e-01 7.367577e+01 1.160348e-02 9.999017e-01 -7.874173e-03 -1.116784e+00 -8.402964e-01 5.482314e-03 -5.420996e-01 -1.741769e+01
-5.427085e-01 2.009640e-02 8.396806e-01 7.448229e+01 1.278126e-02 9.997956e-01 -1.566762e-02 -1.150725e+00 -8.398239e-01 2.229225e-03 -5.428544e-01 -1.793424e+01
-5.435754e-01 2.358726e-02 8.390288e-01 7.527347e+01 1.747203e-02 9.997065e-01 -1.678485e-02 -1.193346e+00 -8.391785e-01 5.535701e-03 -5.438279e-01 -1.846388e+01
-5.429889e-01 2.440152e-02 8.393852e-01 7.609309e+01 2.041040e-02 9.996659e-01 -1.585774e-02 -1.227566e+00 -8.394918e-01 8.521614e-03 -5.433055e-01 -1.899362e+01
-5.429626e-01 2.284844e-02 8.394459e-01 7.688128e+01 2.154776e-02 9.996797e-01 -1.327244e-02 -1.265921e+00 -8.394804e-01 1.088175e-02 -5.432811e-01 -1.949844e+01
-5.424655e-01 1.817735e-02 8.398814e-01 7.769741e+01 1.981494e-02 9.997646e-01 -8.839524e-03 -1.300023e+00 -8.398444e-01 1.184706e-02 -5.426980e-01 -2.000253e+01
-5.412203e-01 1.201872e-02 8.407949e-01 7.851216e+01 1.741562e-02 9.998436e-01 -3.081784e-03 -1.322004e+00 -8.407005e-01 1.297505e-02 -5.413450e-01 -2.052721e+01
-5.414677e-01 6.225854e-03 8.406984e-01 7.930106e+01 1.081622e-02 9.999414e-01 -4.387454e-04 -1.338558e+00 -8.406520e-01 8.855617e-03 -5.415034e-01 -2.102189e+01
-5.395405e-01 5.176838e-04 8.419595e-01 8.010993e+01 2.427961e-03 9.999966e-01 9.410218e-04 -1.352371e+00 -8.419562e-01 2.551965e-03 -5.395399e-01 -2.151730e+01
-5.377315e-01 -1.009195e-03 8.431155e-01 8.090568e+01 9.986504e-04 9.999978e-01 1.833913e-03 -1.385164e+00 -8.431156e-01 1.828131e-03 -5.377293e-01 -2.200887e+01
-5.352260e-01 2.705327e-03 8.447046e-01 8.169153e+01 7.549258e-03 9.999703e-01 1.580805e-03 -1.403609e+00 -8.446752e-01 7.222981e-03 -5.352305e-01 -2.250413e+01
-5.298328e-01 6.493463e-03 8.480772e-01 8.249560e+01 1.043750e-02 9.999449e-01 -1.135482e-03 -1.422829e+00 -8.480379e-01 8.250189e-03 -5.298714e-01 -2.301153e+01
-5.223183e-01 8.442886e-03 8.527088e-01 8.327950e+01 1.432949e-02 9.998967e-01 -1.122844e-03 -1.446139e+00 -8.526303e-01 1.163240e-02 -5.223853e-01 -2.349455e+01
-5.139850e-01 1.089613e-02 8.577300e-01 8.408276e+01 2.232668e-02 9.997505e-01 6.787286e-04 -1.478071e+00 -8.575086e-01 1.949912e-02 -5.141000e-01 -2.396998e+01
-5.028954e-01 1.133460e-02 8.642729e-01 8.488660e+01 2.245375e-02 9.997479e-01 -4.611229e-05 -1.486530e+00 -8.640556e-01 1.938298e-02 -5.030231e-01 -2.443560e+01
-4.933946e-01 8.915834e-03 8.697598e-01 8.569187e+01 1.958789e-02 9.998078e-01 8.628117e-04 -1.508104e+00 -8.695850e-01 1.746247e-02 -4.934744e-01 -2.487773e+01
-4.805612e-01 4.769059e-03 8.769482e-01 8.653479e+01 1.849428e-02 9.998179e-01 4.697474e-03 -1.532960e+00 -8.767662e-01 1.847595e-02 -4.805619e-01 -2.532874e+01
-4.695995e-01 4.472285e-03 8.828682e-01 8.735425e+01 1.896754e-02 9.998075e-01 5.024221e-03 -1.548086e+00 -8.826758e-01 1.910521e-02 -4.695939e-01 -2.574431e+01
-4.570419e-01 2.968285e-03 8.894402e-01 8.819917e+01 1.821480e-02 9.998160e-01 6.023102e-03 -1.569128e+00 -8.892587e-01 1.895378e-02 -4.570119e-01 -2.617164e+01
-4.440008e-01 4.286961e-03 8.960161e-01 8.903729e+01 2.210169e-02 9.997367e-01 6.168789e-03 -1.577593e+00 -8.957538e-01 2.254242e-02 -4.439786e-01 -2.658130e+01
-4.320566e-01 8.586483e-03 9.018056e-01 8.986878e+01 2.264972e-02 9.997426e-01 1.332537e-03 -1.598596e+00 -9.015620e-01 2.100137e-02 -4.321399e-01 -2.697570e+01
-4.219672e-01 1.603615e-02 9.064692e-01 9.069554e+01 2.365424e-02 9.996979e-01 -6.674238e-03 -1.623225e+00 -9.063025e-01 1.862553e-02 -4.222191e-01 -2.736703e+01
-4.081582e-01 2.014414e-02 9.126889e-01 9.152390e+01 2.165916e-02 9.996888e-01 -1.237827e-02 -1.660597e+00 -9.126543e-01 1.471579e-02 -4.084675e-01 -2.772777e+01
-3.972602e-01 1.866153e-02 9.175162e-01 9.238137e+01 2.173006e-02 9.997042e-01 -1.092462e-02 -1.676059e+00 -9.174488e-01 1.559776e-02 -3.975482e-01 -2.808993e+01
-3.834170e-01 1.476629e-02 9.234572e-01 9.324613e+01 1.974489e-02 9.997747e-01 -7.788590e-03 -1.708817e+00 -9.233643e-01 1.524729e-02 -3.836222e-01 -2.844201e+01
-3.746728e-01 1.337592e-02 9.270606e-01 9.408489e+01 1.585719e-02 9.998421e-01 -8.017326e-03 -1.744222e+00 -9.270215e-01 1.169670e-02 -3.748257e-01 -2.876098e+01
-3.681726e-01 1.855792e-02 9.295722e-01 9.491967e+01 1.420076e-02 9.997964e-01 -1.433542e-02 -1.772322e+00 -9.296490e-01 7.922729e-03 -3.683612e-01 -2.908159e+01
-3.632896e-01 2.398455e-02 9.313675e-01 9.575906e+01 7.700277e-03 9.997117e-01 -2.274097e-02 -1.799500e+00 -9.316445e-01 -1.089769e-03 -3.633695e-01 -2.939388e+01
-3.597416e-01 2.624791e-02 9.326827e-01 9.660480e+01 4.278865e-03 9.996401e-01 -2.648186e-02 -1.833209e+00 -9.330422e-01 -5.535803e-03 -3.597244e-01 -2.970705e+01
-3.565816e-01 2.649695e-02 9.338883e-01 9.745297e+01 4.600389e-03 9.996354e-01 -2.660583e-02 -1.876903e+00 -9.342529e-01 -5.190902e-03 -3.565735e-01 -3.001182e+01
-3.517590e-01 2.499978e-02 9.357567e-01 9.831103e+01 2.826276e-03 9.996671e-01 -2.564479e-02 -1.918604e+00 -9.360864e-01 -6.376079e-03 -3.517126e-01 -3.033224e+01
-3.470382e-01 2.217091e-02 9.375888e-01 9.915462e+01 3.147755e-03 9.997424e-01 -2.247553e-02 -1.955233e+00 -9.378457e-01 -4.848567e-03 -3.470186e-01 -3.062476e+01
-3.408919e-01 1.916773e-02 9.399070e-01 1.000245e+02 3.908453e-03 9.998124e-01 -1.897184e-02 -1.985573e+00 -9.400944e-01 -2.793764e-03 -3.409029e-01 -3.094141e+01
-3.347619e-01 1.575728e-02 9.421709e-01 1.008732e+02 2.559883e-03 9.998717e-01 -1.581275e-02 -2.020801e+00 -9.422993e-01 -2.881657e-03 -3.347593e-01 -3.123155e+01
-3.300578e-01 1.545441e-02 9.438342e-01 1.016993e+02 -5.775384e-04 9.998625e-01 -1.657379e-02 -2.045550e+00 -9.439606e-01 -6.015407e-03 -3.300034e-01 -3.150910e+01
-3.235040e-01 1.498714e-02 9.461081e-01 1.025675e+02 -1.165583e-02 9.997356e-01 -1.982213e-02 -2.086090e+00 -9.461550e-01 -1.744021e-02 -3.232438e-01 -3.178087e+01
-3.172338e-01 1.584844e-02 9.482149e-01 1.034170e+02 -1.533371e-02 9.996439e-01 -2.183806e-02 -2.127175e+00 -9.482234e-01 -2.146742e-02 -3.168779e-01 -3.205088e+01
-3.102985e-01 2.037389e-02 9.504208e-01 1.042680e+02 -1.090643e-02 9.996282e-01 -2.498952e-02 -2.168979e+00 -9.505766e-01 -1.811990e-02 -3.099610e-01 -3.230754e+01
-3.032341e-01 1.931489e-02 9.527203e-01 1.051110e+02 -1.076737e-02 9.996613e-01 -2.369361e-02 -2.202655e+00 -9.528553e-01 -1.744300e-02 -3.029234e-01 -3.258313e+01
-2.954350e-01 1.538277e-02 9.552389e-01 1.059965e+02 -1.155403e-02 9.997397e-01 -1.967280e-02 -2.239516e+00 -9.552930e-01 -1.684890e-02 -2.951804e-01 -3.286306e+01
-2.887838e-01 1.160216e-02 9.573240e-01 1.068617e+02 -1.360311e-02 9.997759e-01 -1.622013e-02 -2.277288e+00 -9.572977e-01 -1.770670e-02 -2.885612e-01 -3.310514e+01
-2.825804e-01 1.514479e-02 9.591240e-01 1.077139e+02 -1.299842e-02 9.997231e-01 -1.961550e-02 -2.302734e+00 -9.591556e-01 -1.801005e-02 -2.823053e-01 -3.333938e+01
-2.768521e-01 1.784926e-02 9.607467e-01 1.085705e+02 -1.265211e-02 9.996731e-01 -2.221833e-02 -2.338617e+00 -9.608293e-01 -1.830667e-02 -2.765358e-01 -3.358080e+01
-2.683744e-01 1.871510e-02 9.631328e-01 1.094382e+02 -1.325376e-02 9.996449e-01 -2.311771e-02 -2.378478e+00 -9.632235e-01 -1.896934e-02 -2.680311e-01 -3.381932e+01
-2.623457e-01 1.766457e-02 9.648122e-01 1.103000e+02 -1.465861e-02 9.996441e-01 -2.228818e-02 -2.412770e+00 -9.648626e-01 -1.999002e-02 -2.619934e-01 -3.404018e+01
-2.538758e-01 1.793602e-02 9.670705e-01 1.111670e+02 -1.200163e-02 9.996927e-01 -2.169173e-02 -2.450845e+00 -9.671624e-01 -1.711343e-02 -2.535825e-01 -3.426639e+01
-2.465453e-01 1.826766e-02 9.689590e-01 1.120255e+02 -8.322844e-03 9.997456e-01 -2.096576e-02 -2.491525e+00 -9.690956e-01 -1.323350e-02 -2.463305e-01 -3.448477e+01
-2.396274e-01 2.005336e-02 9.706578e-01 1.129218e+02 -3.582217e-03 9.997616e-01 -2.153898e-02 -2.516055e+00 -9.708584e-01 -8.638436e-03 -2.394985e-01 -3.469020e+01
-2.323870e-01 1.892533e-02 9.724392e-01 1.137961e+02 -9.407849e-03 9.997202e-01 -2.170448e-02 -2.543670e+00 -9.725779e-01 -1.419240e-02 -2.321440e-01 -3.488529e+01
-2.267255e-01 1.731139e-02 9.738048e-01 1.146697e+02 -1.496852e-02 9.996620e-01 -2.125609e-02 -2.591914e+00 -9.738437e-01 -1.939571e-02 -2.263897e-01 -3.507490e+01
-2.224635e-01 1.654304e-02 9.748006e-01 1.155449e+02 -1.380771e-02 9.997023e-01 -2.011675e-02 -2.633645e+00 -9.748433e-01 -1.793500e-02 -2.221689e-01 -3.527454e+01
-2.175568e-01 1.646666e-02 9.759087e-01 1.164103e+02 -1.322087e-02 9.997162e-01 -1.981567e-02 -2.675348e+00 -9.759582e-01 -1.721340e-02 -2.172774e-01 -3.546528e+01
-2.136606e-01 1.766813e-02 9.767481e-01 1.172690e+02 -1.291965e-02 9.996979e-01 -2.090939e-02 -2.705788e+00 -9.768226e-01 -1.708675e-02 -2.133678e-01 -3.566400e+01
-2.077712e-01 1.787911e-02 9.780140e-01 1.181435e+02 -5.216134e-03 9.997985e-01 -1.938548e-02 -2.727446e+00 -9.781636e-01 -9.129196e-03 -2.076361e-01 -3.583952e+01
-2.023133e-01 1.667206e-02 9.791789e-01 1.190092e+02 2.315144e-04 9.998559e-01 -1.697629e-02 -2.764955e+00 -9.793209e-01 -3.207834e-03 -2.022880e-01 -3.602454e+01
-1.971218e-01 1.479249e-02 9.802674e-01 1.198800e+02 2.344978e-03 9.998904e-01 -1.461706e-02 -2.800352e+00 -9.803762e-01 -5.826356e-04 -1.971349e-01 -3.621061e+01
-1.927667e-01 1.604272e-02 9.811134e-01 1.207516e+02 9.324079e-04 9.998689e-01 -1.616621e-02 -2.837752e+00 -9.812442e-01 -2.201508e-03 -1.927564e-01 -3.637478e+01
-1.899401e-01 1.757376e-02 9.816383e-01 1.216039e+02 -2.547375e-03 9.998276e-01 -1.839229e-02 -2.872340e+00 -9.817924e-01 -5.994035e-03 -1.898626e-01 -3.652358e+01
-1.879770e-01 1.722658e-02 9.820223e-01 1.224767e+02 -3.625565e-03 9.998272e-01 -1.823291e-02 -2.904010e+00 -9.821668e-01 -6.987754e-03 -1.878821e-01 -3.669057e+01
-1.869399e-01 1.623376e-02 9.822372e-01 1.233217e+02 -3.431707e-03 9.998466e-01 -1.717792e-02 -2.936881e+00 -9.823654e-01 -6.581988e-03 -1.868555e-01 -3.683638e+01
-1.864021e-01 1.239129e-02 9.823954e-01 1.241769e+02 -2.045983e-03 9.999134e-01 -1.300046e-02 -2.962911e+00 -9.824715e-01 -4.433276e-03 -1.863606e-01 -3.699090e+01
-1.853770e-01 7.741639e-03 9.826369e-01 1.250504e+02 -3.497439e-03 9.999574e-01 -8.537897e-03 -2.987710e+00 -9.826613e-01 -5.019441e-03 -1.853420e-01 -3.714875e+01
-1.839192e-01 5.629152e-03 9.829252e-01 1.259056e+02 -2.505430e-03 9.999777e-01 -6.195611e-03 -3.020117e+00 -9.829382e-01 -3.602142e-03 -1.839010e-01 -3.730287e+01
-1.836953e-01 9.119777e-03 9.829409e-01 1.267729e+02 -4.121484e-03 9.999410e-01 -1.004774e-02 -3.049116e+00 -9.829746e-01 -5.896897e-03 -1.836468e-01 -3.746432e+01
-1.826874e-01 1.293729e-02 9.830859e-01 1.276182e+02 -8.605678e-04 9.999109e-01 -1.331862e-02 -3.070575e+00 -9.831707e-01 -3.279155e-03 -1.826600e-01 -3.760899e+01
-1.826205e-01 1.165092e-02 9.831144e-01 1.284717e+02 -4.813972e-03 9.999072e-01 -1.274416e-02 -3.096113e+00 -9.831717e-01 -7.060029e-03 -1.825474e-01 -3.776154e+01
-1.823934e-01 1.249949e-02 9.831461e-01 1.293366e+02 -3.678843e-03 9.999035e-01 -1.339504e-02 -3.114321e+00 -9.832188e-01 -6.060007e-03 -1.823298e-01 -3.791748e+01
-1.811460e-01 1.115169e-02 9.833930e-01 1.301727e+02 -2.932799e-03 9.999251e-01 -1.187940e-02 -3.157048e+00 -9.834519e-01 -5.036000e-03 -1.810997e-01 -3.806910e+01
-1.809145e-01 1.290046e-02 9.834142e-01 1.310354e+02 -4.328502e-03 9.998938e-01 -1.391294e-02 -3.190836e+00 -9.834893e-01 -6.773762e-03 -1.808395e-01 -3.822777e+01
-1.801826e-01 1.550468e-02 9.835109e-01 1.318812e+02 -1.266946e-02 9.997562e-01 -1.808187e-02 -3.211931e+00 -9.835516e-01 -1.571859e-02 -1.799422e-01 -3.836172e+01
-1.797322e-01 1.547176e-02 9.835939e-01 1.327201e+02 -2.180429e-02 9.995680e-01 -1.970733e-02 -3.246040e+00 -9.834739e-01 -2.498861e-02 -1.793172e-01 -3.848710e+01
-1.802127e-01 1.803963e-02 9.834622e-01 1.335365e+02 -2.238061e-02 9.994978e-01 -2.243486e-02 -3.286521e+00 -9.833731e-01 -2.605353e-02 -1.797185e-01 -3.863400e+01
-1.800416e-01 1.868761e-02 9.834814e-01 1.343868e+02 -2.129131e-02 9.995112e-01 -2.288990e-02 -3.328236e+00 -9.834286e-01 -2.506074e-02 -1.795557e-01 -3.878598e+01
-1.778598e-01 2.036793e-02 9.838450e-01 1.352298e+02 -2.102643e-02 9.994789e-01 -2.449276e-02 -3.362909e+00 -9.838312e-01 -2.504303e-02 -1.773389e-01 -3.892861e+01
-1.755838e-01 1.894814e-02 9.842821e-01 1.360330e+02 -1.887473e-02 9.995662e-01 -2.260939e-02 -3.405486e+00 -9.842836e-01 -2.254790e-02 -1.751500e-01 -3.907128e+01
-1.727044e-01 1.711549e-02 9.848249e-01 1.368335e+02 -8.621010e-03 9.997845e-01 -1.888730e-02 -3.427109e+00 -9.849360e-01 -1.175210e-02 -1.725196e-01 -3.922821e+01
-1.707729e-01 1.209200e-02 9.852362e-01 1.376465e+02 -7.292697e-03 9.998818e-01 -1.353580e-02 -3.466950e+00 -9.852835e-01 -9.496577e-03 -1.706645e-01 -3.937368e+01
-1.673432e-01 1.119050e-02 9.858352e-01 1.384444e+02 -3.824481e-03 9.999207e-01 -1.199958e-02 -3.494838e+00 -9.858913e-01 -5.778356e-03 -1.672871e-01 -3.951332e+01
-1.628078e-01 1.475488e-02 9.865474e-01 1.392540e+02 -6.723478e-03 9.998484e-01 -1.606337e-02 -3.525145e+00 -9.866349e-01 -9.248271e-03 -1.626839e-01 -3.964602e+01
-1.560548e-01 1.938245e-02 9.875582e-01 1.400411e+02 1.861372e-03 9.998114e-01 -1.932881e-02 -3.557009e+00 -9.877467e-01 -1.178140e-03 -1.560615e-01 -3.976697e+01
-1.485781e-01 1.982544e-02 9.887019e-01 1.408171e+02 -1.538411e-03 9.997932e-01 -2.027903e-02 -3.578951e+00 -9.888995e-01 -4.534049e-03 -1.485169e-01 -3.987277e+01
-1.396191e-01 1.574104e-02 9.900801e-01 1.415644e+02 -2.363442e-03 9.998655e-01 -1.622990e-02 -3.611547e+00 -9.902025e-01 -4.606000e-03 -1.395631e-01 -3.997715e+01
-1.280563e-01 1.408272e-02 9.916669e-01 1.423156e+02 8.462991e-03 9.998783e-01 -1.310648e-02 -3.634679e+00 -9.917308e-01 6.714101e-03 -1.281599e-01 -4.007661e+01
-1.145775e-01 1.517503e-02 9.932984e-01 1.430957e+02 5.521620e-03 9.998776e-01 -1.463862e-02 -3.667697e+00 -9.933990e-01 3.807361e-03 -1.146473e-01 -4.016370e+01
-1.003971e-01 1.666463e-02 9.948078e-01 1.438595e+02 4.583307e-03 9.998569e-01 -1.628666e-02 -3.702368e+00 -9.949369e-01 2.924378e-03 -1.004591e-01 -4.023627e+01
-8.685232e-02 1.694309e-02 9.960771e-01 1.446297e+02 7.793952e-03 9.998363e-01 -1.632744e-02 -3.731864e+00 -9.961908e-01 6.345302e-03 -8.697016e-02 -4.029860e+01
-7.319403e-02 1.867252e-02 9.971429e-01 1.453998e+02 1.034850e-02 9.997851e-01 -1.796238e-02 -3.759273e+00 -9.972641e-01 9.004197e-03 -7.337153e-02 -4.034952e+01
-5.923406e-02 2.441112e-02 9.979456e-01 1.461580e+02 1.194662e-02 9.996467e-01 -2.374363e-02 -3.793796e+00 -9.981727e-01 1.051564e-02 -5.950477e-02 -4.037489e+01
-4.683165e-02 3.266670e-02 9.983685e-01 1.468899e+02 3.978263e-03 9.994633e-01 -3.251591e-02 -3.830949e+00 -9.988949e-01 2.448999e-03 -4.693647e-02 -4.038109e+01
-3.330676e-02 4.148154e-02 9.985839e-01 1.476173e+02 -1.118674e-03 9.991361e-01 -4.154179e-02 -3.870089e+00 -9.994446e-01 -2.500711e-03 -3.323158e-02 -4.038942e+01
-2.054801e-02 4.230602e-02 9.988933e-01 1.483376e+02 -3.955163e-03 9.990931e-01 -4.239583e-02 -3.909447e+00 -9.997811e-01 -4.821935e-03 -2.036205e-02 -4.038252e+01
-8.849688e-03 3.837321e-02 9.992242e-01 1.490832e+02 -4.074082e-03 9.992537e-01 -3.841043e-02 -3.951345e+00 -9.999526e-01 -4.410841e-03 -8.686750e-03 -4.037899e+01
2.751061e-03 3.604261e-02 9.993464e-01 1.498370e+02 -9.486724e-04 9.993499e-01 -3.604013e-02 -3.991047e+00 -9.999958e-01 -8.489029e-04 2.783464e-03 -4.035093e+01
1.229663e-02 4.134632e-02 9.990692e-01 1.505880e+02 -7.818159e-03 9.991182e-01 -4.125212e-02 -4.046518e+00 -9.998939e-01 -7.303619e-03 1.260904e-02 -4.032180e+01
1.923050e-02 5.007999e-02 9.985600e-01 1.513533e+02 -8.587392e-03 9.987162e-01 -4.992245e-02 -4.092374e+00 -9.997782e-01 -7.614992e-03 1.963587e-02 -4.030083e+01
2.192781e-02 5.352094e-02 9.983259e-01 1.521078e+02 -1.830927e-02 9.984201e-01 -5.312383e-02 -4.138378e+00 -9.995919e-01 -1.711373e-02 2.287309e-02 -4.026690e+01
2.228630e-02 4.954504e-02 9.985232e-01 1.528739e+02 -1.688685e-02 9.986474e-01 -4.917430e-02 -4.176648e+00 -9.996090e-01 -1.576600e-02 2.309282e-02 -4.023766e+01
2.103223e-02 4.432900e-02 9.987955e-01 1.536541e+02 -1.477672e-02 9.989212e-01 -4.402341e-02 -4.245378e+00 -9.996696e-01 -1.383301e-02 2.166457e-02 -4.021404e+01
1.799974e-02 4.184806e-02 9.989618e-01 1.544132e+02 -1.190729e-02 9.990618e-01 -4.163770e-02 -4.297084e+00 -9.997671e-01 -1.114546e-02 1.848115e-02 -4.019408e+01
1.492212e-02 4.195686e-02 9.990079e-01 1.551849e+02 -1.203624e-02 9.990544e-01 -4.177903e-02 -4.337183e+00 -9.998163e-01 -1.140086e-02 1.541301e-02 -4.018134e+01
1.194389e-02 4.164501e-02 9.990610e-01 1.559340e+02 -1.134123e-02 9.990737e-01 -4.150995e-02 -4.386776e+00 -9.998644e-01 -1.083479e-02 1.240513e-02 -4.018222e+01
7.159375e-03 4.057840e-02 9.991507e-01 1.566877e+02 -1.308202e-02 9.990946e-01 -4.048238e-02 -4.427488e+00 -9.998888e-01 -1.278108e-02 7.683739e-03 -4.017182e+01
1.513126e-03 4.037588e-02 9.991834e-01 1.574113e+02 -1.312660e-02 9.990993e-01 -4.035260e-02 -4.476112e+00 -9.999127e-01 -1.305482e-02 2.041759e-03 -4.016187e+01
-4.050307e-03 3.884385e-02 9.992370e-01 1.581747e+02 -1.716731e-02 9.990953e-01 -3.890793e-02 -4.515311e+00 -9.998445e-01 -1.731180e-02 -3.379800e-03 -4.015590e+01
-9.897902e-03 3.683197e-02 9.992724e-01 1.589433e+02 -1.559974e-02 9.991941e-01 -3.698360e-02 -4.557723e+00 -9.998294e-01 -1.595445e-02 -9.315358e-03 -4.017834e+01
-1.507176e-02 3.569343e-02 9.992491e-01 1.596914e+02 -1.747935e-02 9.992005e-01 -3.595533e-02 -4.603583e+00 -9.997337e-01 -1.800813e-02 -1.443581e-02 -4.018638e+01
-2.110916e-02 3.733906e-02 9.990796e-01 1.604171e+02 -1.826728e-02 9.991211e-01 -3.772657e-02 -4.647593e+00 -9.996103e-01 -1.904684e-02 -2.040853e-02 -4.019502e+01
-2.467517e-02 3.936704e-02 9.989201e-01 1.611412e+02 -1.669122e-02 9.990688e-01 -3.978521e-02 -4.682484e+00 -9.995562e-01 -1.765491e-02 -2.399511e-02 -4.021227e+01
-2.882927e-02 4.111729e-02 9.987383e-01 1.618464e+02 -1.808139e-02 9.989687e-01 -4.164871e-02 -4.724659e+00 -9.994208e-01 -1.925928e-02 -2.805608e-02 -4.023711e+01
-2.980659e-02 4.269988e-02 9.986432e-01 1.625561e+02 -1.425435e-02 9.989674e-01 -4.313919e-02 -4.773146e+00 -9.994541e-01 -1.552084e-02 -2.916715e-02 -4.024985e+01
-2.866871e-02 4.128353e-02 9.987360e-01 1.632849e+02 -1.145786e-02 9.990676e-01 -4.162613e-02 -4.811428e+00 -9.995233e-01 -1.263675e-02 -2.816896e-02 -4.026241e+01
-2.512331e-02 3.827859e-02 9.989512e-01 1.640019e+02 -9.660284e-03 9.992107e-01 -3.853148e-02 -4.855432e+00 -9.996377e-01 -1.061819e-02 -2.473370e-02 -4.028512e+01
-1.851254e-02 3.684258e-02 9.991496e-01 1.647174e+02 -8.452175e-03 9.992794e-01 -3.700397e-02 -4.902870e+00 -9.997929e-01 -9.130023e-03 -1.818780e-02 -4.028131e+01
-7.949323e-03 3.727557e-02 9.992734e-01 1.654002e+02 -5.180797e-03 9.992900e-01 -3.731740e-02 -4.936049e+00 -9.999550e-01 -5.473680e-03 -7.750564e-03 -4.028571e+01
6.123059e-03 3.834288e-02 9.992458e-01 1.660975e+02 -5.621425e-03 9.992501e-01 -3.830860e-02 -4.983814e+00 -9.999655e-01 -5.382619e-03 6.334008e-03 -4.026680e+01
2.141738e-02 3.660786e-02 9.991001e-01 1.667850e+02 -4.065723e-03 9.993243e-01 -3.652892e-02 -5.012450e+00 -9.997624e-01 -3.279710e-03 2.155175e-02 -4.023811e+01
3.831804e-02 3.120676e-02 9.987781e-01 1.674923e+02 -9.204255e-03 9.994809e-01 -3.087559e-02 -5.053246e+00 -9.992232e-01 -8.009916e-03 3.858538e-02 -4.019393e+01
5.426450e-02 2.480103e-02 9.982185e-01 1.681758e+02 -1.044646e-02 9.996509e-01 -2.426873e-02 -5.089891e+00 -9.984720e-01 -9.110914e-03 5.450463e-02 -4.014534e+01
7.043108e-02 1.794607e-02 9.973552e-01 1.688397e+02 -9.676303e-03 9.998034e-01 -1.730680e-02 -5.110329e+00 -9.974698e-01 -8.431773e-03 7.059088e-02 -4.009478e+01
8.867476e-02 1.049519e-02 9.960053e-01 1.695291e+02 -6.831996e-03 9.999274e-01 -9.928264e-03 -5.127058e+00 -9.960372e-01 -5.924317e-03 8.874002e-02 -4.001405e+01
1.072530e-01 4.768006e-03 9.942203e-01 1.701729e+02 -1.187662e-02 9.999233e-01 -3.514147e-03 -5.156907e+00 -9.941609e-01 -1.143108e-02 1.073014e-01 -3.992372e+01
1.244478e-01 1.640215e-03 9.922248e-01 1.708349e+02 -1.231991e-02 9.999241e-01 -1.077420e-04 -5.181134e+00 -9.921497e-01 -1.221071e-02 1.244586e-01 -3.983209e+01
1.425140e-01 1.245138e-03 9.897920e-01 1.714783e+02 -8.965614e-03 9.999598e-01 3.297538e-05 -5.193624e+00 -9.897522e-01 -8.878791e-03 1.425195e-01 -3.972155e+01
1.594595e-01 5.960311e-04 9.872043e-01 1.721087e+02 -8.240529e-03 9.999658e-01 7.273268e-04 -5.198089e+00 -9.871701e-01 -8.251064e-03 1.594589e-01 -3.959565e+01
1.758428e-01 -1.218628e-03 9.844175e-01 1.727577e+02 -9.908906e-03 9.999464e-01 3.007842e-03 -5.202184e+00 -9.843684e-01 -1.028341e-02 1.758213e-01 -3.946334e+01
1.903500e-01 -2.893751e-03 9.817120e-01 1.733971e+02 -1.569016e-02 9.998590e-01 5.989501e-03 -5.222942e+00 -9.815909e-01 -1.654332e-02 1.902777e-01 -3.932488e+01
2.033694e-01 -7.639132e-03 9.790722e-01 1.740354e+02 -1.316364e-02 9.998578e-01 1.053561e-02 -5.234926e+00 -9.790136e-01 -1.503078e-02 2.032399e-01 -3.918425e+01
2.135433e-01 -9.746280e-03 9.768849e-01 1.746587e+02 -1.001229e-02 9.998759e-01 1.216431e-02 -5.240814e+00 -9.768823e-01 -1.237846e-02 2.134192e-01 -3.905068e+01
2.237331e-01 -6.806001e-03 9.746266e-01 1.752529e+02 -1.181186e-02 9.998832e-01 9.693877e-03 -5.249822e+00 -9.745789e-01 -1.368100e-02 2.236266e-01 -3.888184e+01
2.327387e-01 4.086108e-04 9.725392e-01 1.758435e+02 -1.619981e-02 9.998628e-01 3.456693e-03 -5.263022e+00 -9.724044e-01 -1.655946e-02 2.327134e-01 -3.871879e+01
2.422561e-01 9.528336e-03 9.701655e-01 1.764164e+02 -1.633072e-02 9.998502e-01 -5.742001e-03 -5.281543e+00 -9.700749e-01 -1.445246e-02 2.423754e-01 -3.856432e+01
2.507023e-01 1.651254e-02 9.679233e-01 1.770206e+02 -1.229389e-02 9.998282e-01 -1.387258e-02 -5.294923e+00 -9.679862e-01 -8.421652e-03 2.508622e-01 -3.840940e+01
2.567961e-01 1.534832e-02 9.663437e-01 1.776287e+02 -1.420132e-02 9.998259e-01 -1.210626e-02 -5.299041e+00 -9.663613e-01 -1.061451e-02 2.569694e-01 -3.825359e+01
2.625655e-01 8.834468e-03 9.648737e-01 1.782358e+02 -1.648987e-02 9.998531e-01 -4.667449e-03 -5.302457e+00 -9.647733e-01 -1.468513e-02 2.626726e-01 -3.806550e+01
2.667764e-01 -1.590528e-03 9.637571e-01 1.788433e+02 -2.053298e-02 9.997623e-01 7.333658e-03 -5.318975e+00 -9.635397e-01 -2.174526e-02 2.666803e-01 -3.788971e+01
2.695557e-01 -1.021437e-02 9.629306e-01 1.794637e+02 -2.128611e-02 9.996362e-01 1.656240e-02 -5.333576e+00 -9.627496e-01 -2.496153e-02 2.692402e-01 -3.770621e+01
