1.000000000 0.000000000 0.000000000 0.000000000 0.000000000 1.000000000 0.000000000 0.000000000 0.000000000 0.000000000 1.000000000 0.000000000
0.999870121 0.001730385 0.016021540 0.006770080 -0.001708360 0.999997556 -0.001388303 0.002803593 -0.016023904 0.001360752 0.999870658 0.121262260
0.999281824 0.004475794 0.037627015 0.017403681 -0.004452339 0.999989867 -0.000707111 0.001156543 -0.037629798 0.000539074 0.999291599 0.260907024
0.997892320 0.006144064 0.064601742 0.053795137 -0.006194250 0.999980569 0.000576590 0.002021596 -0.064596958 -0.000975534 0.997910976 0.428872973
0.995049536 0.005662094 0.099218547 0.087923199 -0.005970291 0.999978244 0.002809595 0.002016108 -0.099200495 -0.003388050 0.995061696 0.604029298
0.990459800 0.002798962 0.137773380 0.137448505 -0.003488743 0.999982595 0.004765408 0.002194636 -0.137757644 -0.005200601 0.990452409 0.780480444
0.984202743 -0.000487328 0.177044153 0.222549960 -0.000368777 0.999988437 0.004802613 0.009184401 -0.177044421 -0.004792034 0.984191179 0.985283613
0.975280881 -0.000281698 0.220968440 0.295581311 -0.001080799 0.999981165 0.006045095 0.007980584 -0.220965981 -0.006134488 0.975262225 1.181978106
0.962997675 0.000243336 0.269509733 0.384248137 -0.002657389 0.999959528 0.008592390 0.017217711 -0.269496769 -0.008990644 0.962959409 1.404073000
0.948301136 -0.003752768 0.317349583 0.498575151 -0.001359179 0.999872923 0.015885327 0.016889840 -0.317368835 -0.015495412 0.948175609 1.635054588
0.931760490 -0.013502480 0.362822473 0.652442157 0.005336844 0.999709666 0.023498820 0.009693664 -0.363034368 -0.019958945 0.931561947 1.816542745
0.910647750 -0.018665196 0.412761837 0.795407891 0.007771936 0.999576151 0.028054414 0.007384766 -0.413110524 -0.022339730 0.910406828 2.009041548
0.884928346 -0.020151772 0.465290993 0.944704533 0.005885107 0.999467552 0.032094199 0.012551978 -0.465690017 -0.025662780 0.884575665 2.231482267
0.856487155 -0.022117106 0.515694261 1.126670599 0.004162739 0.999345064 0.035946276 0.029302165 -0.516151547 -0.028640829 0.856018364 2.456975460
0.824396551 -0.026850417 0.565375447 1.326429009 0.004761229 0.999167800 0.040509246 0.024559177 -0.565992594 -0.030703804 0.823838294 2.642847538
0.788615882 -0.032773025 0.614012122 1.562067270 0.007314855 0.999008000 0.043927304 0.028102860 -0.614842653 -0.030150361 0.788073242 2.853909492
0.750713408 -0.036560968 0.659615457 1.827202797 0.008224254 0.998907268 0.046007048 0.042750306 -0.660576701 -0.029113268 0.750193775 3.078097343
0.710229933 -0.040188193 0.702821612 2.067800283 0.009276445 0.998816669 0.047739334 0.035382286 -0.703908622 -0.027386220 0.709762573 3.273582220
0.667694092 -0.041328110 0.743287563 2.357865334 0.008457474 0.998814464 0.047938518 0.062458575 -0.744387686 -0.025721932 0.667252183 3.489165306
0.625192821 -0.041546203 0.779363692 2.678698540 0.003454597 0.998719692 0.050468374 0.076931298 -0.780462682 -0.028860075 0.624535978 3.697443485
0.583466947 -0.041762959 0.811062336 3.011398077 -0.000142266 0.998671651 0.051525626 0.093752399 -0.812136948 -0.030178886 0.582685947 3.902264118
0.543621540 -0.042653389 0.838245869 3.380295515 -0.002256356 0.998630047 0.052277695 0.114558667 -0.839327455 -0.030310666 0.542780757 4.093400478
0.505582392 -0.044816628 0.861613572 3.785729408 -0.003648031 0.998530030 0.054078918 0.130126461 -0.862770617 -0.030484544 0.504675686 4.292172909
0.468188465 -0.044291686 0.882517993 4.198606491 -0.006661365 0.998537719 0.053648423 0.152447134 -0.883603573 -0.030996339 0.467208773 4.482155800
0.431519240 -0.043996543 0.901030242 4.640404701 -0.007364721 0.998604953 0.052288126 0.165657654 -0.902073681 -0.029199168 0.430593222 4.672207832
0.399090350 -0.041944481 0.915951788 5.131858349 -0.006269821 0.998804867 0.048470438 0.200453043 -0.916890144 -0.025086937 0.398350477 4.842067719
0.368578196 -0.040059984 0.928733230 5.619060993 -0.004035508 0.998992741 0.044692092 0.222789586 -0.929587960 -0.020220440 0.368045300 5.041075706
0.344776690 -0.038386926 0.937899470 6.151570797 -0.002441286 0.999123454 0.041790176 0.242167830 -0.938681543 -0.016697956 0.344380766 5.179585934
0.325243771 -0.037882816 0.944871008 6.717190742 -0.001435385 0.999176383 0.040554170 0.265742719 -0.945629120 -0.014546245 0.324921519 5.343685627
0.310116589 -0.038319528 0.949925900 7.292484283 -0.000058049 0.999186635 0.040325634 0.292359263 -0.950698495 -0.012560789 0.309862137 5.532114983
0.298144877 -0.039278120 0.953712106 7.912284851 0.001378294 0.999169648 0.040719401 0.325273514 -0.954519629 -0.010825785 0.297951519 5.733838081
0.288618088 -0.041320052 0.956552267 8.540076256 0.000781316 0.999078155 0.042921301 0.346170366 -0.957444012 -0.011640492 0.288384318 5.886673927
0.278724760 -0.042556439 0.959427655 9.181350708 -0.000993039 0.999004424 0.044600397 0.380948365 -0.960370421 -0.013383983 0.278405011 6.057366371
0.267180562 -0.044565473 0.962615430 9.905526161 -0.003541177 0.998877883 0.047227167 0.391291976 -0.963639975 -0.016026972 0.266722947 6.291975975
0.256646395 -0.046213046 0.965399921 10.609260559 -0.004588887 0.998786688 0.049031187 0.424759626 -0.966494501 -0.017013786 0.256122917 6.480618477
0.246110275 -0.047940254 0.968055487 11.348330498 -0.004915294 0.998701453 0.050707519 0.454291344 -0.969229400 -0.017237922 0.245555043 6.668004036
0.235649094 -0.048693612 0.970617533 12.100022316 -0.004791055 0.998673618 0.051264308 0.490385652 -0.971826315 -0.016730674 0.235103220 6.854195595
0.225427896 -0.051865451 0.972878397 12.880151749 -0.006775534 0.998474360 0.054799989 0.514347553 -0.974236250 -0.018945215 0.224732488 7.033353806
0.212926105 -0.054990452 0.975519657 13.648188591 -0.008691519 0.998268843 0.058169931 0.558844090 -0.977029681 -0.020864643 0.212079555 7.223495483
0.201548100 -0.058729529 0.977716267 14.387998581 -0.009956823 0.998026371 0.062002026 0.596474171 -0.979427993 -0.022231337 0.200565606 7.360318184
0.189337760 -0.060910176 0.980021000 15.164937019 -0.010659069 0.997887790 0.064079948 0.632151663 -0.981854141 -0.022578867 0.188288629 7.493413925
0.174947873 -0.060328972 0.982727647 15.950441360 -0.011258710 0.997933149 0.063266732 0.686634779 -0.984513342 -0.022132630 0.173907071 7.638057232
0.161061585 -0.060010668 0.985118210 16.740205765 -0.012549982 0.997944474 0.062843867 0.714093804 -0.986864626 -0.022484949 0.159977406 7.747366428
0.142994821 -0.058393944 0.987999320 17.509635925 -0.013437951 0.998051345 0.060932957 0.755848885 -0.989632130 -0.021989785 0.141931534 7.888217926
0.122402772 -0.057659492 0.990804195 18.326227188 -0.016975395 0.998043299 0.060177889 0.781769872 -0.992335320 -0.024185235 0.121184491 7.985025406
0.096966304 -0.056155887 0.993702114 19.128089905 -0.021300338 0.998061299 0.058480725 0.819323599 -0.995059729 -0.026836853 0.095582172 8.056924820
0.065525025 -0.055832677 0.996287704 19.925575256 -0.025347527 0.998018146 0.057596728 0.849776924 -0.997528970 -0.029027456 0.063979954 8.128240585
0.032558247 -0.055677913 0.997917831 20.749403000 -0.027574059 0.998017132 0.056583080 0.881333649 -0.999089360 -0.029358895 0.030958436 8.151041031
-0.001184747 -0.054968882 0.998487353 21.574680328 -0.029932508 0.998042643 0.054908879 0.913758397 -0.999551237 -0.029822171 -0.002827783 8.134325027
-0.035459954 -0.053176112 0.997955382 22.395713806 -0.030990213 0.998161674 0.052085940 0.948919654 -0.998890579 -0.029079882 -0.037042703 8.097152710
-0.067562081 -0.051411849 0.996389627 23.201284409 -0.032453243 0.998256326 0.049307615 0.974523902 -0.997187138 -0.029004749 -0.069112755 8.025238991
-0.100866720 -0.048350018 0.993724346 23.996780396 -0.035779916 0.998348594 0.044943213 1.000385284 -0.994256377 -0.031022102 -0.102430105 7.958564758
-0.132891655 -0.044633094 0.990125120 24.827512741 -0.032996327 0.998631001 0.040587850 1.012357116 -0.990581155 -0.027276702 -0.134182453 7.837498665
-0.164171144 -0.038629174 0.985675216 25.621408463 -0.027665036 0.999020219 0.034544367 1.029608011 -0.986043870 -0.021597555 -0.165078968 7.684933662
-0.194648489 -0.032580398 0.980331898 26.434047699 -0.021470899 0.999350190 0.028949337 1.040831327 -0.980638027 -0.015413661 -0.195221573 7.510265827
-0.223389506 -0.026592456 0.974366367 27.232086182 -0.015450221 0.999598801 0.023738883 1.047631621 -0.974606752 -0.009751159 -0.223710775 7.318010807
-0.250943005 -0.020526506 0.967784226 28.011449814 -0.006914645 0.999787629 0.019412354 1.048751473 -0.967977285 -0.001820488 -0.251031637 7.082007408
-0.276957572 -0.009870594 0.960831583 28.779125214 -0.001065479 0.999949753 0.009965333 1.047407866 -0.960881591 0.001736228 -0.276954174 6.850141048
-0.302659214 0.005786128 0.953081191 29.549207687 0.003492890 0.999981582 -0.004961659 1.035430431 -0.953092456 0.001827316 -0.302673876 6.596940517
-0.326253682 0.022758551 0.945008278 30.290607452 0.004961058 0.999737501 -0.022363843 1.007936716 -0.945269227 -0.002608046 -0.326281011 6.311166763
-0.351810753 0.037835844 0.935306191 31.014230728 0.005017247 0.999244630 -0.038535129 0.978304386 -0.936057687 -0.008864411 -0.351734847 6.050390244
-0.376254737 0.048740700 0.925233364 31.763088226 0.009276707 0.998763442 -0.048841767 0.939241171 -0.926469803 -0.009793826 -0.376241595 5.734111786
-0.399871051 0.052575625 0.915062249 32.479133606 0.012393885 0.998572469 -0.051957790 0.886095047 -0.916487515 -0.009435241 -0.399951875 5.413414955
-0.421894103 0.052203622 0.905140877 33.187213898 0.016003944 0.998614132 -0.050135072 0.832748055 -0.906503916 -0.006665866 -0.422144860 5.062944412
-0.442326307 0.047780890 0.895580471 33.914817810 0.019988235 0.998856962 -0.043418713 0.778027415 -0.896631360 -0.001304167 -0.442775726 4.691040993
-0.459949732 0.046748761 0.886713445 34.620689392 0.026651500 0.998890042 -0.038838372 0.735895514 -0.887544870 0.005768541 -0.460685194 4.314970016
-0.473585755 0.047005583 0.879492462 35.309135437 0.028971815 0.998865843 -0.037785012 0.688376188 -0.880271018 0.007586051 -0.474410474 3.930245399
-0.485101879 0.051390145 0.872946322 35.996154785 0.032516479 0.998641253 -0.040720165 0.647530437 -0.873852849 0.008631710 -0.486113876 3.547075272
-0.494909525 0.053682759 0.867284715 36.658920288 0.034555044 0.998516142 -0.042087093 0.588300705 -0.868257165 0.009139757 -0.496030182 3.172332764
-0.504745960 0.052839402 0.861649334 37.328994751 0.028200200 0.998601496 -0.044718400 0.541117787 -0.862807095 0.001727250 -0.505530179 2.764321327
-0.515797436 0.051737722 0.855146945 38.011932373 0.028120331 0.998659313 -0.043459166 0.493854046 -0.856248856 0.001630887 -0.516560912 2.344858170
-0.524978697 0.053378247 0.849439859 38.645336151 0.030746780 0.998569369 -0.043747034 0.449229360 -0.850559831 0.003151277 -0.525868833 1.961263657
-0.532047033 0.056321483 0.844839573 39.306549072 0.033793408 0.998402715 -0.045277048 0.402949691 -0.846040189 0.004460484 -0.533100605 1.528099060
-0.534952343 0.059161920 0.842808306 39.989799500 0.035161227 0.998239994 -0.047754891 0.354936719 -0.844150245 0.004087584 -0.536091149 1.084434509
-0.535134971 0.061260544 0.842542410 40.651905060 0.034841653 0.998118997 -0.050442949 0.305038810 -0.844047785 0.002361777 -0.536262810 0.681432724
-0.530795574 0.061774731 0.845245481 41.349868774 0.037102245 0.998077452 -0.049645070 0.260559440 -0.846687436 0.005009125 -0.532067180 0.219978333
-0.524884045 0.060394417 0.849028468 42.076793671 0.035280921 0.998165905 -0.049191840 0.205294967 -0.850442231 0.004134492 -0.526052177 -0.228115082
-0.518672645 0.059048403 0.852931380 42.777473450 0.032534838 0.998252690 -0.049324363 0.161591411 -0.854353666 0.002166783 -0.519687533 -0.632074356
-0.511360407 0.058303908 0.857386291 43.525177002 0.030731000 0.998298407 -0.049557686 0.109719992 -0.858816683 0.001006498 -0.512282073 -1.077678680
-0.505305767 0.057124488 0.861047566 44.305198669 0.027991796 0.998366594 -0.049807657 0.060032010 -0.862486243 -0.001065825 -0.506079316 -1.516874313
-0.501415551 0.054732848 0.863473654 45.076011658 0.023075156 0.998488009 -0.049891334 0.009370565 -0.864898741 -0.005091507 -0.501920521 -1.952688217
-0.499570757 0.051972155 0.864712656 45.886985779 0.019288743 0.998618543 -0.048876669 -0.049133539 -0.866058230 -0.007738132 -0.499883056 -2.422214508
-0.500216544 0.049157895 0.864503860 46.681781769 0.015196594 0.998731792 -0.047997437 -0.097707629 -0.865767002 -0.010871601 -0.500329256 -2.867761612
-0.501456797 0.047960497 0.863852262 47.499374390 0.013839365 0.998779297 -0.047417942 -0.151198864 -0.865072012 -0.011822886 -0.501508355 -3.333576202
-0.501450062 0.047416102 0.863886297 48.321731567 0.014296942 0.998814881 -0.046523143 -0.208393455 -0.865068495 -0.010978102 -0.501533747 -3.828292847
-0.502084911 0.046860728 0.863547802 49.142181396 0.013208008 0.998829901 -0.046522446 -0.258146763 -0.864717484 -0.011952474 -0.502116323 -4.293109894
-0.501686335 0.046410453 0.863803685 49.979202271 0.013741547 0.998861253 -0.045685910 -0.311776400 -0.864940464 -0.011050002 -0.501752794 -4.791812897
-0.501856923 0.045700908 0.863742471 50.837829590 0.013812606 0.998899281 -0.044826619 -0.375306129 -0.864840388 -0.010566015 -0.501935720 -5.287879944
-0.501788378 0.043890852 0.863876104 51.692737579 0.011702974 0.998964906 -0.043956537 -0.434518695 -0.864911318 -0.011946958 -0.501782537 -5.788475037
-0.501598775 0.043578215 0.864002049 52.541751862 0.012135699 0.998986602 -0.043341104 -0.492122293 -0.865015268 -0.011254579 -0.501619339 -6.285634995
-0.501689672 0.042865895 0.863984942 53.380603790 0.010684823 0.999002337 -0.043360323 -0.547676921 -0.864981711 -0.012521901 -0.501647174 -6.761713028
-0.498930424 0.041613705 0.865642369 54.244598389 0.011473089 0.999076247 -0.041415464 -0.608941317 -0.866566062 -0.010731844 -0.498946965 -7.287853241
-0.497089863 0.039445560 0.866802037 55.088687897 0.011484813 0.999177754 -0.038883325 -0.667168975 -0.867623091 -0.009373447 -0.497134089 -7.767791748
-0.494415909 0.038256101 0.868383229 55.948680878 0.012054110 0.999236643 -0.037157744 -0.717597723 -0.869141877 -0.007903790 -0.494499594 -8.259759903
-0.492757231 0.038151529 0.869330049 56.794212341 0.012294217 0.999243915 -0.036884293 -0.769746780 -0.870079935 -0.007487267 -0.492853701 -8.728427887
-0.490028501 0.038462929 0.870857477 57.663208008 0.013309267 0.999239743 -0.036644079 -0.829974890 -0.871604800 -0.006366165 -0.490167826 -9.228456497
-0.488842785 0.038950916 0.871501923 58.506668091 0.012271569 0.999210894 -0.037775375 -0.879596233 -0.872285545 -0.007771524 -0.488934994 -9.699029922
-0.489773840 0.040530939 0.870906949 59.342082977 0.011799207 0.999135554 -0.039862990 -0.931723475 -0.871769667 -0.009247839 -0.489828646 -10.174976349
-0.492422432 0.042159852 0.869334638 60.206733704 0.009870264 0.999032378 -0.042858887 -0.991106987 -0.870300353 -0.012524117 -0.492362082 -10.655675888
-0.496925324 0.042474393 0.866753221 61.050678253 0.008553223 0.998992741 -0.044050936 -1.049735665 -0.867751062 -0.014476493 -0.496788055 -11.138753891
-0.501849532 0.041201763 0.863973081 61.886833191 0.010234891 0.999077737 -0.041699667 -1.109356046 -0.864894390 -0.012084290 -0.501808465 -11.640348434
-0.508160830 0.038763873 0.860389531 62.748268127 0.011543177 0.999203444 -0.038200382 -1.168488145 -0.861184835 -0.009480308 -0.508203566 -12.114870071
-0.513391674 0.036247499 0.857388616 63.566223145 0.008546545 0.999273896 -0.037128385 -1.224042416 -0.858111858 -0.011733691 -0.513328612 -12.605859756
-0.518367350 0.039815586 0.854230583 64.385208130 0.011258551 0.999146700 -0.039738145 -1.275476456 -0.855083883 -0.010981559 -0.518373311 -13.103096008
-0.523054540 0.041292418 0.851298332 65.218338013 0.010873638 0.999067724 -0.041779034 -1.326761484 -0.852229834 -0.012596003 -0.523015916 -13.614002228
-0.527844012 0.042704903 0.848267019 66.040206909 0.010376596 0.998984933 -0.043835633 -1.381556153 -0.849277914 -0.014336253 -0.527751207 -14.120393753
-0.531726778 0.042703051 0.845838666 66.853805542 0.009619281 0.998968065 -0.044386901 -1.447641850 -0.846861303 -0.015465344 -0.531588852 -14.617013931
-0.533755720 0.042046636 0.844592750 67.626571655 0.010064435 0.999008179 -0.043373555 -1.501537919 -0.845578849 -0.014650533 -0.533649504 -15.145265579
-0.535838842 0.035392247 0.843578219 68.412178040 0.010959150 0.999328494 -0.034965511 -1.550920248 -0.844249189 -0.009490982 -0.535866797 -15.654739380
-0.537653387 0.026526650 0.842748642 69.190917969 0.010163292 0.999636292 -0.024980973 -1.597923279 -0.843104661 -0.004866002 -0.537727416 -16.156860352
-0.539613724 0.025132282 0.841537476 70.003479004 0.011366178 0.999680698 -0.022566918 -1.643785715 -0.841835976 -0.002612356 -0.539727092 -16.674367905
-0.540258110 0.029945798 0.840966165 70.765541077 0.011121158 0.999533355 -0.028447665 -1.675660729 -0.841425836 -0.006016562 -0.540338993 -17.171745300
-0.541046321 0.036580343 0.840196729 71.510772705 0.014433450 0.999310315 -0.034213349 -1.730751991 -0.840868890 -0.006384068 -0.541201174 -17.654298782
-0.541317761 0.040694200 0.839832664 72.329910278 0.018796418 0.999164224 -0.036299314 -1.758322477 -0.840608001 -0.003863620 -0.541630208 -18.200778961
-0.542466223 0.041191489 0.839067101 73.109809875 0.021920273 0.999151111 -0.034878630 -1.816529512 -0.839791536 -0.000527897 -0.542908669 -18.675901413
-0.541117489 0.037521757 0.840109468 73.878570557 0.020234423 0.999295831 -0.031598415 -1.859153152 -0.840703487 -0.000099329 -0.541495740 -19.190317154
-0.540347934 0.032943286 0.840796471 74.665420532 0.019116122 0.999456048 -0.026874524 -1.897102594 -0.841224492 0.001551173 -0.540683687 -19.698762894
-0.539851665 0.026431676 0.841345012 75.441749573 0.016391752 0.999647498 -0.020887073 -1.942448497 -0.841600597 0.002515196 -0.540094674 -20.186429977
-0.539583802 0.020737369 0.841676533 76.196197510 0.007395525 0.999774814 -0.019891487 -1.972224236 -0.841899395 -0.004508482 -0.539615571 -20.660923004
-0.537447274 0.015613470 0.843152821 76.949394226 0.000173213 0.999830663 -0.018404415 -2.005094290 -0.843297362 -0.009745356 -0.537359059 -21.141323090
-0.534985602 0.016249735 0.844704866 77.715362549 0.004079578 0.999853075 -0.016650585 -2.045682907 -0.844851315 -0.005461782 -0.534973323 -21.639686584
-0.531979859 0.019288000 0.846537232 78.519515991 0.007823295 0.999809921 -0.017863946 -2.082918167 -0.846720815 -0.002880550 -0.532029688 -22.145086288
-0.527029335 0.023169372 0.849531174 79.252288818 0.009893396 0.999727845 -0.021128073 -2.105956316 -0.849789441 -0.002730368 -0.527115166 -22.588035583
-0.518817484 0.025620604 0.854501009 80.016494751 0.015501659 0.999668419 -0.020561215 -2.138576508 -0.854744494 0.002578667 -0.519042790 -23.069181442
-0.511023402 0.028961919 0.859078884 80.765769958 0.023092113 0.999534011 -0.019960703 -2.177815914 -0.859256625 0.009637562 -0.511454046 -23.511489868
-0.500776231 0.028401680 0.865110636 81.542778015 0.020932710 0.999566555 -0.020698814 -2.206343412 -0.865323544 0.007743635 -0.501153767 -23.964365005
-0.489716053 0.025990061 0.871494532 82.318969727 0.018720068 0.999638557 -0.019292319 -2.237611771 -0.871680915 0.006866678 -0.490025610 -24.398445129
-0.477924138 0.022765271 0.878106117 83.115455627 0.019436512 0.999693453 -0.015338824 -2.271517754 -0.878186047 0.009736525 -0.478220016 -24.837516785
-0.467372209 0.022393456 0.883776963 83.896713257 0.019863075 0.999692798 -0.014826276 -2.303998947 -0.883837461 0.010625137 -0.467673481 -25.230447769
-0.454443365 0.021991435 0.890504122 84.684707642 0.021003727 0.999681890 -0.013968973 -2.326803684 -0.890527904 0.012355800 -0.454760730 -25.648286819
-0.442516059 0.023190312 0.896460712 85.526023865 0.021220146 0.999656498 -0.015385045 -2.352104664 -0.896509469 0.012214897 -0.442856193 -26.062965393
-0.431114614 0.026354337 0.901912153 86.319427490 0.019953573 0.999607325 -0.019671218 -2.388128519 -0.902076542 0.009515819 -0.431471199 -26.425132751
-0.419846177 0.035475679 0.906901658 87.112281799 0.022027941 0.999339700 -0.028893879 -2.418312073 -0.907328010 0.007846193 -0.420350432 -26.791397095
-0.406492233 0.040394053 0.912760854 87.885452271 0.022662399 0.999160647 -0.034125101 -2.455400229 -0.913373113 0.006813756 -0.407066435 -27.136661530
-0.394510716 0.036477443 0.918166935 88.714248657 0.018762339 0.999323189 -0.031640004 -2.489597321 -0.918699741 0.004744640 -0.394928068 -27.502742767
-0.382115006 0.032373555 0.923547626 89.525108337 0.017737826 0.999459028 -0.027695552 -2.535765171 -0.923944473 0.005798839 -0.382482558 -27.849311829
-0.372688770 0.033483010 0.927352130 90.312133789 0.014268571 0.999437392 -0.030351402 -2.572403908 -0.927846670 0.001920358 -0.372956932 -28.157321930
-0.365736783 0.037986539 0.929942846 91.124343872 0.009963129 0.999269366 -0.036900014 -2.618993998 -0.930665016 -0.004230551 -0.365847945 -28.466732025
-0.360200763 0.043268070 0.931870878 91.924247742 0.004382645 0.998991370 -0.044690508 -2.661247730 -0.932864428 -0.012013499 -0.360027015 -28.773937225
-0.355558634 0.045834817 0.933529496 92.696769714 0.002179743 0.998834789 -0.048210993 -2.709420204 -0.934651434 -0.015106981 -0.355244249 -29.070779800
-0.354291409 0.044549912 0.934073269 93.486473083 -0.000276029 0.998859644 -0.047744542 -2.770742416 -0.935135007 -0.017173311 -0.353875101 -29.329141617
-0.348612487 0.044647869 0.936202765 94.271812439 -0.001269300 0.998841286 -0.048107758 -2.822793245 -0.937265992 -0.017959295 -0.348151952 -29.633649826
-0.342620492 0.040385645 0.938605487 95.059867859 -0.003293057 0.999017835 -0.044187095 -2.874734879 -0.939468086 -0.018230285 -0.342151016 -29.928850174
-0.337923467 0.037109658 0.940441728 95.866821289 -0.001819432 0.999194741 -0.040081806 -2.929513454 -0.941171825 -0.015255653 -0.337583840 -30.198247910
-0.330970824 0.033980966 0.943029046 96.665985107 -0.002265968 0.999319911 -0.036804616 -2.985309601 -0.943638265 -0.014318126 -0.330668718 -30.496910095
-0.326499254 0.032392282 0.944642246 97.492813110 -0.013388969 0.999153852 -0.038889177 -3.026337385 -0.945102632 -0.025345074 -0.325789273 -30.740556717
-0.320736557 0.032460161 0.946612060 98.313591003 -0.020299822 0.998947501 -0.041132882 -3.073748827 -0.946950912 -0.032408878 -0.319740027 -30.997554779
-0.312709004 0.036314417 0.949154556 99.112991333 -0.018721942 0.998839080 -0.044383477 -3.128862381 -0.949664474 -0.031649128 -0.311666101 -31.273960114
-0.305477560 0.039797403 0.951367319 99.924728394 -0.016663583 0.998749793 -0.047130063 -3.175109148 -0.952053487 -0.030250363 -0.304432482 -31.538030624
-0.299538046 0.037944961 0.953329504 100.731010437 -0.018002709 0.998806119 -0.045411535 -3.226412773 -0.953914464 -0.030764997 -0.298497319 -31.773994446
-0.291672945 0.033270661 0.955939353 101.551902771 -0.018256171 0.999019146 -0.040340282 -3.278743505 -0.956343770 -0.029217962 -0.290779501 -32.035736084
-0.285336196 0.030760542 0.957933724 102.371208191 -0.019127615 0.999103010 -0.037780020 -3.323489428 -0.958236516 -0.029102994 -0.284491926 -32.266914368
-0.278324664 0.033918217 0.959888041 103.196220398 -0.020485919 0.998939216 -0.041238125 -3.371543407 -0.960268497 -0.031141777 -0.277334660 -32.511760712
-0.272292316 0.037328836 0.961490214 103.997642517 -0.020588584 0.998792410 -0.044607703 -3.413299084 -0.961994290 -0.031942055 -0.271194965 -32.726436615
-0.265385181 0.037752897 0.963403046 104.826995850 -0.021994691 0.998736024 -0.045196284 -3.465833187 -0.963891566 -0.033184178 -0.264219373 -32.955764771
-0.257739633 0.037449256 0.965488493 105.639328003 -0.022221131 0.998754561 -0.044671573 -3.515862465 -0.965958834 -0.032967877 -0.256586492 -33.172748566
-0.249481559 0.037264492 0.967662275 106.463874817 -0.017796323 0.998914123 -0.043056216 -3.568241835 -0.968216062 -0.027962569 -0.248547509 -33.395359039
-0.241586477 0.038495120 0.969615459 107.270797729 -0.014977359 0.998945832 -0.043391299 -3.616610050 -0.970263720 -0.025005035 -0.240755260 -33.603919983
-0.234934375 0.039419033 0.971211612 108.090133667 -0.014022472 0.998935878 -0.043936301 -3.662174463 -0.971910059 -0.023940932 -0.234131604 -33.800270081
-0.228049189 0.036956567 0.972947896 108.894302368 -0.021064404 0.998858213 -0.042878035 -3.727686405 -0.973421693 -0.030272881 -0.227010354 -33.977531433
-0.220916972 0.035754450 0.974636972 109.747940063 -0.024725433 0.998801172 -0.042245328 -3.776642323 -0.974979162 -0.033431038 -0.219768092 -34.181106567
-0.216924787 0.035211574 0.975553036 110.587608337 -0.022180062 0.998913527 -0.040986724 -3.831845760 -0.975936234 -0.030528868 -0.215908110 -34.354812622
-0.213391021 0.036289100 0.976292610 111.387741089 -0.019774072 0.998944700 -0.041453157 -3.872944593 -0.976766765 -0.028151011 -0.212448239 -34.511661530
-0.208644152 0.037210401 0.977283418 112.208084106 -0.020187514 0.998899102 -0.042343333 -3.919591427 -0.977783263 -0.028563613 -0.207663268 -34.681434631
-0.202419728 0.036055576 0.978634894 113.068351746 -0.013217936 0.999130309 -0.039544664 -3.977765083 -0.979209721 -0.020940153 -0.201767132 -34.863861084
-0.196521625 0.035023794 0.979873717 113.872573853 -0.005963968 0.999300659 -0.036914296 -4.016830921 -0.980481327 -0.013098393 -0.196175262 -35.043720245
-0.191551954 0.034758750 0.980866730 114.717041016 -0.004083309 0.999335825 -0.036210656 -4.057161808 -0.981473982 -0.010941404 -0.191282809 -35.216381073
-0.187682688 0.035839677 0.981575608 115.540267944 -0.006664388 0.999264598 -0.037759818 -4.107985973 -0.982207060 -0.013628463 -0.187305868 -35.361572266
-0.183441609 0.037676331 0.982308328 116.376747131 -0.008160479 0.999172449 -0.039847083 -4.152728081 -0.982996702 -0.015325719 -0.182982370 -35.527091980
-0.181628153 0.036828525 0.982677400 117.214965820 -0.010695775 0.999165297 -0.039423354 -4.202872276 -0.983309090 -0.017670888 -0.181082651 -35.674804688
-0.181747615 0.036150049 0.982680619 118.055824280 -0.011525848 0.999177098 -0.038888633 -4.238585949 -0.983277619 -0.018394144 -0.181181431 -35.810348511
-0.179171950 0.032118719 0.983293414 118.866455078 -0.010165350 0.999353111 -0.034495596 -4.278828621 -0.983765244 -0.016176166 -0.178729549 -35.978820801
-0.178305209 0.027103476 0.983601868 119.758773804 -0.011540212 0.999494195 -0.029633380 -4.320869446 -0.983907580 -0.016634762 -0.177902266 -36.147117615
-0.178021058 0.025094746 0.983706653 120.551376343 -0.009826643 0.999579608 -0.027277995 -4.367474079 -0.983977616 -0.014522590 -0.177699625 -36.272647858
-0.176877320 0.030146960 0.983771145 121.375846863 -0.009900156 0.999425650 -0.032406684 -4.400672913 -0.984183133 -0.015471496 -0.176477298 -36.418010712
-0.176480174 0.034064427 0.983714700 122.206863403 -0.009526458 0.999295056 -0.036313020 -4.441623211 -0.984258115 -0.015779842 -0.176031247 -36.571853638
-0.176405445 0.032352749 0.983785748 122.987052917 -0.014986962 0.999255478 -0.035548855 -4.481969833 -0.984203517 -0.021014970 -0.175789252 -36.706707001
-0.175523639 0.031245094 0.983979166 123.796379089 -0.016615784 0.999259770 -0.034694258 -4.529661179 -0.984334886 -0.022439251 -0.174874544 -36.851119995
-0.174685955 0.032086417 0.984101236 124.633911133 -0.010898297 0.999344587 -0.034517962 -4.575664997 -0.984563947 -0.016754828 -0.174221784 -37.003784180
-0.174792632 0.035308987 0.983972073 125.412948608 -0.012613176 0.999194503 -0.038095839 -4.607349396 -0.984524488 -0.019069884 -0.174206495 -37.119670868
-0.175154701 0.036094509 0.983879149 126.212829590 -0.021686664 0.998943865 -0.040507942 -4.653620720 -0.984302104 -0.028432209 -0.174186960 -37.247474670
-0.174672782 0.037106082 0.983927071 127.031600952 -0.027142635 0.998728514 -0.042482793 -4.706345081 -0.984252334 -0.034126960 -0.173443541 -37.385425568
-0.174410358 0.040960278 0.983820736 127.794799805 -0.024946667 0.998630047 -0.045999356 -4.748937607 -0.984356940 -0.032565810 -0.173149586 -37.516372681
-0.172764003 0.042485058 0.984046578 128.578170776 -0.021796914 0.998659730 -0.046942741 -4.799471378 -0.984722018 -0.029559191 -0.171606407 -37.669189453
-0.172119051 0.043525562 0.984114110 129.379684448 -0.024290601 0.998532057 -0.048411608 -4.846170902 -0.984776616 -0.032237284 -0.170809135 -37.787643433
-0.169049561 0.042611044 0.984686017 130.156402588 -0.016322952 0.998806953 -0.046024412 -4.893266201 -0.985472381 -0.023853391 -0.168152347 -37.940536499
-0.165828317 0.039603814 0.985359073 130.933670044 -0.008926706 0.999092042 -0.041658070 -4.948639870 -0.986114204 -0.015704095 -0.165324226 -38.074394226
-0.160915062 0.034677759 0.986358941 131.721450806 -0.003924903 0.999352098 -0.035774883 -4.997597218 -0.986960411 -0.009628082 -0.160674691 -38.244617462
-0.159496665 0.034334343 0.986601233 132.509948730 -0.001967806 0.999382079 -0.035097238 -5.043886662 -0.987196505 -0.007539333 -0.159330532 -38.342262268
-0.154840261 0.039386928 0.987154067 133.294845581 -0.002431635 0.999186814 -0.040248439 -5.090058804 -0.987936497 -0.008632477 -0.154618561 -38.462947845
-0.147172660 0.042753462 0.988186419 134.024200439 0.000315211 0.999067307 -0.043177288 -5.133234024 -0.989110768 -0.006043026 -0.147048876 -38.588386536
-0.139058560 0.042795978 0.989359021 134.803222656 -0.000324689 0.999063730 -0.043261405 -5.178668022 -0.990284026 -0.006337102 -0.138914466 -38.696495056
-0.130226970 0.039054435 0.990714729 135.534088135 0.000920621 0.999228239 -0.039269026 -5.215133190 -0.991483808 -0.004201814 -0.130162388 -38.776016235
-0.117062733 0.037425719 0.992419183 136.326080322 0.005056614 0.999299228 -0.037088718 -5.263689518 -0.993111670 0.000676574 -0.117169946 -38.891174316
-0.103209421 0.040478379 0.993835688 137.069900513 0.009270193 0.999167442 -0.039732818 -5.299609184 -0.994616449 0.005112249 -0.103498742 -38.976936340
-0.087980434 0.041353598 0.995263457 137.846755981 0.007897385 0.999135435 -0.040816359 -5.341602802 -0.996090949 0.004268938 -0.088230953 -39.059112549
-0.074762285 0.041211251 0.996349394 138.590209961 0.011765066 0.999112606 -0.040442731 -5.388791084 -0.997132003 0.008698526 -0.075180784 -39.106105804
-0.060527459 0.043636575 0.997212172 139.346282959 0.010538860 0.999016225 -0.043075837 -5.424747467 -0.998110950 0.007902209 -0.060927797 -39.160835266
-0.047544166 0.049328841 0.997650325 140.043563843 0.007695102 0.998768270 -0.049017400 -5.479670525 -0.998839498 0.005346531 -0.047865205 -39.174858093
-0.033807471 0.058686912 0.997703791 140.782669067 0.002287780 0.998276412 -0.058643073 -5.529745579 -0.999425769 0.000299953 -0.033883464 -39.202293396
-0.021099970 0.066955000 0.997532845 141.534790039 -0.002895095 0.997746706 -0.067030579 -5.576297760 -0.999773145 -0.004302296 -0.020858586 -39.193618774
-0.006870547 0.067463122 0.997698128 142.251647949 -0.002786414 0.997716486 -0.067483552 -5.631603718 -0.999972522 -0.003243649 -0.006666875 -39.205322266
0.003228513 0.063902497 0.997950912 142.937530518 -0.007989691 0.997926056 -0.063875057 -5.684488297 -0.999962807 -0.007767099 0.003732379 -39.161720276
0.013641568 0.061364755 0.998022079 143.649307251 -0.011836337 0.998055041 -0.061204977 -5.747551441 -0.999836862 -0.010977997 0.014341368 -39.140125275
0.023120610 0.068190783 0.997404277 144.407821655 -0.015184817 0.997579932 -0.067850776 -5.809219360 -0.999617338 -0.013576651 0.024100121 -39.118900299
0.030476985 0.076006368 0.996641457 145.118484497 -0.018107446 0.996982992 -0.075478695 -5.868413925 -0.999371409 -0.015746268 0.031761311 -39.100231171
0.031879019 0.078801729 0.996380448 145.795654297 -0.021036588 0.996719122 -0.078155480 -5.925653934 -0.999270320 -0.018468924 0.033432148 -39.039360046
0.030997826 0.073799737 0.996791124 146.525604248 -0.024369678 0.997029781 -0.073059551 -5.992131710 -0.999222338 -0.022026796 0.032704227 -39.011707306
0.029826559 0.069935217 0.997105539 147.250534058 -0.027084600 0.997239530 -0.069134444 -6.052915573 -0.999188066 -0.024944164 0.031638395 -38.985389709
0.027324019 0.067128010 0.997370183 147.980255127 -0.026349666 0.997444391 -0.066411115 -6.110576630 -0.999279261 -0.024465749 0.029022984 -38.976398468
0.024037328 0.067244180 0.997446895 148.680328369 -0.023038561 0.997507513 -0.066693038 -6.171878338 -0.999445498 -0.021376621 0.025526624 -38.947265625
0.021134147 0.067127556 0.997520506 149.395309448 -0.021484965 0.997543395 -0.066673897 -6.231172562 -0.999545813 -0.020022599 0.022524463 -38.943561554
0.017308354 0.066154771 0.997659206 150.144485474 -0.021317834 0.997606337 -0.065781422 -6.286930561 -0.999622941 -0.020129368 0.018677205 -38.941558838
0.010839965 0.065950766 0.997763991 150.776870728 -0.022979468 0.997575521 -0.065688632 -6.343752861 -0.999677181 -0.022216022 0.012329197 -38.915637970
0.006728376 0.064332411 0.997905791 151.492462158 -0.023761580 0.997656941 -0.064156145 -6.398520470 -0.999694943 -0.023280151 0.008241253 -38.934505463
-0.001978044 0.061529484 0.998103321 152.164688110 -0.022314902 0.997853994 -0.061558340 -6.455173492 -0.999749064 -0.022394344 -0.000600774 -38.894897461
-0.005765620 0.061679713 0.998079300 152.864715576 -0.023255542 0.997817695 -0.061797895 -6.507846355 -0.999712944 -0.023567179 -0.004318643 -38.921428680
-0.012303434 0.062328443 0.997979879 153.533035278 -0.024083292 0.997747302 -0.062610835 -6.565877438 -0.999634266 -0.024804970 -0.010774647 -38.899814606
-0.015964586 0.065229632 0.997742593 154.230926514 -0.025635060 0.997514963 -0.065624952 -6.617201805 -0.999543905 -0.026624864 -0.014252749 -38.918807983
-0.017717987 0.067236692 0.997579753 154.928573608 -0.024397885 0.997410178 -0.067658588 -6.676518440 -0.999545336 -0.025537610 -0.016031668 -38.941753387
-0.019566868 0.069126621 0.997416079 155.573455811 -0.022871818 0.997314930 -0.069568299 -6.722998619 -0.999546945 -0.024173951 -0.017933279 -38.945533752
-0.018464983 0.066683896 0.997603297 156.260742188 -0.020247264 0.997543871 -0.067054689 -6.782968521 -0.999624610 -0.021436898 -0.017069463 -38.967075348
-0.014159178 0.063446641 0.997884810 156.953125000 -0.017512878 0.997815967 -0.063690744 -6.838578224 -0.999746382 -0.018377641 -0.013017124 -38.987442017
-0.008247916 0.062936991 0.997983456 157.560928345 -0.016800826 0.997867763 -0.063068554 -6.896803856 -0.999824882 -0.017287130 -0.007172936 -38.956615448
0.003944928 0.064178653 0.997930646 158.248977661 -0.014412342 0.997838378 -0.064115763 -6.945873260 -0.999888361 -0.014129585 0.004861366 -38.974403381
0.020304862 0.064185232 0.997731388 158.930068970 -0.011913285 0.997881711 -0.063952453 -6.999705315 -0.999722779 -0.010587713 0.021026511 -38.985328674
0.033136625 0.061963372 0.997528255 159.536087036 -0.012995047 0.998018563 -0.061562169 -7.046375751 -0.999366343 -0.010922963 0.033876192 -38.925399780
0.050380372 0.056911562 0.997107267 160.190338135 -0.016820244 0.998281837 -0.056128725 -7.100451946 -0.998588383 -0.013943803 0.051251080 -38.888526917
0.066083036 0.050038338 0.996558666 160.806869507 -0.019803278 0.998610973 -0.048828188 -7.148827553 -0.997617543 -0.016508413 0.066982165 -38.832191467
0.082631096 0.042884521 0.995657206 161.469482422 -0.018833293 0.998962462 -0.041463893 -7.187664986 -0.996402204 -0.015325299 0.083353043 -38.755191803
0.100908577 0.035714392 0.994254470 162.099349976 -0.019298011 0.999237716 -0.033934798 -7.222295284 -0.994708478 -0.015762819 0.101520881 -38.702384949
0.117138669 0.029900527 0.992665410 162.706222534 -0.021845208 0.999382377 -0.027525032 -7.259490967 -0.992875278 -0.018460738 0.117719516 -38.606918335
0.135219902 0.027775649 0.990426242 163.311706543 -0.022754926 0.999430418 -0.024921501 -7.288908958 -0.990554273 -0.019167192 0.135774910 -38.516078949
0.153195858 0.026143508 0.987850010 163.911712646 -0.021692874 0.999498129 -0.023087641 -7.318313599 -0.987957656 -0.017892377 0.153686062 -38.415756226
0.170081869 0.025919259 0.985089004 164.504119873 -0.022953978 0.999486983 -0.022334944 -7.337309361 -0.985162675 -0.018812940 0.170589581 -38.294178009
0.186045855 0.025436958 0.982211769 165.085845947 -0.028434480 0.999385476 -0.020495795 -7.355257988 -0.982129633 -0.024115520 0.186654806 -38.169620514
0.200046629 0.021991959 0.979539514 165.685501099 -0.030910762 0.999392211 -0.016124913 -7.382483006 -0.979298651 -0.027052579 0.200604796 -38.025005341
0.212940186 0.018080845 0.976897895 166.280456543 -0.027977532 0.999531686 -0.012401330 -7.407104492 -0.976664543 -0.024690457 0.213346288 -37.908088684
0.222110391 0.017132415 0.974870980 166.845123291 -0.026167855 0.999590218 -0.011604861 -7.422868729 -0.974670291 -0.022932719 0.222467646 -37.740600586
0.232659385 0.020829674 0.972335219 167.432083130 -0.030186441 0.999443591 -0.014187418 -7.444600582 -0.972089648 -0.026050502 0.233158693 -37.609683990
0.240526617 0.028034076 0.970237613 167.976730347 -0.035603981 0.999164999 -0.020043503 -7.466454506 -0.969989300 -0.029723328 0.241323903 -37.428863525
0.249861896 0.037529282 0.967553914 168.526473999 -0.035060793 0.998943925 -0.029692708 -7.496842384 -0.967646539 -0.026504137 0.250913829 -37.284820557
0.257534295 0.042970493 0.965313256 169.112777710 -0.028734323 0.998909473 -0.036800027 -7.518348694 -0.965841889 -0.018260354 0.258488178 -37.122158051
0.264373004 0.041099988 0.963544309 169.665130615 -0.028457303 0.998988926 -0.034803890 -7.540461540 -0.964000583 -0.018218668 0.265275300 -36.967716217
0.269514322 0.034187868 0.962389290 170.272277832 -0.031852741 0.999139249 -0.026573099 -7.560667038 -0.962469459 -0.023492906 0.270371288 -36.776607513
0.273363680 0.024201915 0.961606264 170.854446411 -0.036355123 0.999229074 -0.014813849 -7.581304550 -0.961223543 -0.030909743 0.274032801 -36.597045898
0.275369048 0.016170440 0.961202621 171.409149170 -0.036730699 0.999305367 -0.006288694 -7.605702877 -0.960636616 -0.033573925 0.275771767 -36.418758392
0.276588947 0.016129965 0.960852921 172.005874634 -0.034053475 0.999395669 -0.006974434 -7.616308212 -0.960384786 -0.030791322 0.276971072 -36.259323120
0.278162956 0.018054029 0.960364103 172.591049194 -0.030584170 0.999482810 -0.009930932 -7.632668972 -0.960046887 -0.026609521 0.278571278 -36.102527618
0.278319210 0.017430894 0.960330427 173.167785645 -0.026808374 0.999586761 -0.010373938 -7.640748024 -0.960114419 -0.022857631 0.278671503 -35.910797119
0.280054182 0.016287714 0.959845960 173.774826050 -0.029475439 0.999530554 -0.008361080 -7.638983727 -0.959531605 -0.025950329 0.280402750 -35.725959778
0.283735991 0.011135652 0.958837807 174.367019653 -0.029422343 0.999562860 -0.002902064 -7.673669815 -0.958450973 -0.027387833 0.283939600 -35.566345215
0.286471397 0.005863374 0.958070874 174.949874878 -0.028745757 0.999583662 0.002477795 -7.687669754 -0.957657516 -0.028250290 0.286520720 -35.387111664
0.289690137 0.003353844 0.957114697 175.523040771 -0.027565878 0.999608219 0.004840625 -7.694503307 -0.956723452 -0.027785983 0.289669216 -35.189960480
0.297189802 0.001221493 0.954817653 176.138595581 -0.025660088 0.999648213 0.006707932 -7.697728157 -0.954473555 -0.026494229 0.297116607 -35.012203217
0.305237859 -0.001998827 0.952274144 176.734497070 -0.024072919 0.999661982 0.009814525 -7.703038216 -0.951971889 -0.025919780 0.305086583 -34.826988220
0.314047515 -0.004147580 0.949398279 177.297454834 -0.021156028 0.999711514 0.011365497 -7.710965157 -0.949171484 -0.023654800 0.313869208 -34.619972229
0.325977683 -0.001643950 0.945375979 177.907196045 -0.023122810 0.999685466 0.009711432 -7.713139057 -0.945094645 -0.025025465 0.325837135 -34.413436890
0.337533236 0.002432140 0.941310465 178.500488281 -0.024869155 0.999670625 0.006334604 -7.715425014 -0.940985024 -0.025547734 0.337482572 -34.189495087
0.348892838 0.005266498 0.937147856 179.056365967 -0.025485095 0.999667645 0.003870061 -7.720624924 -0.936816037 -0.025233537 0.348911136 -33.970367432
0.361281067 0.005169997 0.932442665 179.638122559 -0.024023823 0.999704242 0.003765253 -7.727136612 -0.932147443 -0.023761146 0.361298412 -33.764320374
0.372994512 0.001828489 0.927831829 180.254302979 -0.023270747 0.999701977 0.007384869 -7.733109951 -0.927541733 -0.024345852 0.372925818 -33.523632050
0.383584946 0.000257848 0.923505664 180.801971436 -0.024087658 0.999662519 0.009725879 -7.741750240 -0.923191428 -0.025975786 0.383461714 -33.274181366
